9105.21872706711,492.761133179069,1.48872071504593,5.92052718997002,1.12583670020103,368.933506533504,167.276898026466,722.866698175669,34.0903200134635,2453.59818887711,2318.52956178784,631.302054077387,6274.3612537235,1795.22143997252,0.188003569841385,24.2369399219751,596.038056373596,35.9860661923885,140.883626580238,42.8452695012093,2778.84334352612,0,0,0,0,3.70358395576477,0,0,0.48400291800499,671.082131877542,0.675730749964714,0,0,2.43769346177578,0,0.776122808456421,0,0,0,0,492.761133179069,33597.6395606101,918.773868009448,27.2712868601084,8.39195397496223,503.418276205659,1101.63551116735,1642.9554309994,1880.28632730246,9.90518797934055,2982.26407787204,1983.96625748277,616.117325127125,743.529362045228,8.60666307061911,308.87850702554,545.733519010246,5002.22502025962,303.764310777187,3406.3179634884,0,0,0,0.674422204494476,0,28.9054575264454,2.28284697234631,0,0.685356810688972,2.24633246660233,0,0,0,0,0,4.14851129055023,0,0,1.29414743185043,0.226339429616928,1.48872071504593,918.773868009448,14418.7197751999,1123.62457036972,2870.79473021626,22.5767941176891,3262.94007846713,159.041267067194,4238.79979839921,0,38.4845421016216,7.45705220103264,0,8.03084063529968,8717.31923031807,2562.73385908455,14.8664927780628,1623.29012390971,15.1850399076939,98.9114923924208,0,0,80.4851813316345,2.59635481238365,273.907599493861,1.87814749777317,2.17419378459454,0,162.341866672039,0,0,0.262553721666336,0,0,0,31.2273170202971,0,0.899007201194763,0.652619898319244,0.22453598678112,5.92052718997002,27.2712868601084,1123.62457036972,2600.8911003992,458.327523559332,34.3300180286169,1927.29889053851,27.001167729497,880.67813693732,0,1.79017326235771,7.77497720718384,0.874610155820847,10.2959839254618,1736.70523378253,2305.07631745934,32.3543590754271,174.873874336481,67.7024330794811,114.621467113495,0,1.58072638511658,1.48150059580803,3.28975185751915,200.208096578717,27.4162200689316,3.02063369750977,0,149.280682370067,0,0,0,0,0,0,34.3187019228935,0,0,5.969986140728,0,1.12583670020103,8.39195397496223,2870.79473021626,458.327523559332,2120.19913743436,200.09259082377,446.095969408751,18.7562846839428,3442.03650797904,0,0,2.96810692548752,0.175852164626122,2.79566687345505,1333.75463177264,3311.89171226323,4.88904577493668,325.657921001315,171.290015727282,28.4175716787577,0,0.20574426651001,40.6632102578878,114.549849674106,575.623038589954,42.8587348163128,45.5101344883442,0.355219274759293,1308.71863101423,0,0,0.477008730173111,0,0,3.62737707793713,155.005840405822,0,3.4582496881485,11.6428404450417,8.58797847479582,368.933506533504,503.418276205659,22.5767941176891,34.3300180286169,200.09259082377,4923.79900671542,2046.39410664141,771.138396412134,702.336527600884,4.62832143902779,50.99484410882,282.3420573771,38.7840516418219,2259.6582146585,5.28753355145454,3196.45523486286,483.398383751512,103.963604226708,1422.19783176482,250.696593567729,0,1.51543420553207,3.43692331016064,83.2361062765121,58.9256252795458,551.602321490645,153.959185063839,0.40240466594696,357.999469593167,0,0,0.845936670899391,1.54698699712753,5.41665837168694,2.76537951827049,250.919225692749,1.24008405208588,6.3008223772049,509.673342227936,24.8254161179066,167.276898026466,1101.63551116735,3262.94007846713,1927.29889053851,446.095969408751,2046.39410664141,22100.1292117313,253.484566509724,2941.43651483208,2.22535312175751,74.1211182177067,536.219117425382,33.2705844789743,1929.96051163971,268.32122156024,4149.26831048727,3633.27175486088,1182.54925081879,1267.499458462,3749.35052210093,0,1.70035791397095,0.188300058245659,7.02177409827709,58.561858907342,244.719408512115,386.596532382071,0,140.470545038581,0,0,0,0,1.08678150177002,0.237958520650864,30.0616197809577,3.23970299959183,1.70046043395996,106.542408853769,12.5563667714596,722.866698175669,1642.9554309994,159.041267067194,27.001167729497,18.7562846839428,771.138396412134,253.484566509724,3522.2119436264,2471.69656854868,2.69113084673882,1872.44794549048,57.9920648485422,53.662810832262,97.2717438042164,0.71561461687088,196.966162160039,18.4164746105671,1071.16237853467,2353.6345499754,44.2325158119202,1.64389002323151,0,0.237397372722626,3.62391901016235,1.98156046867371,12.5169103741646,4.11427825689316,0,5.30797137320042,0,0,0,0,0,0,1.18543124198914,0,0,65.6103173792362,1.23219907283783,34.0903200134635,1880.28632730246,4238.79979839921,880.67813693732,3442.03650797904,702.336527600884,2941.43651483208,2471.69656854868,12146.3330439702,0,634.497486367822,25.1436014398932,8.55655342340469,67.3386239558458,736.221592962742,2211.37670917064,135.907540395856,6964.49158541858,4504.08372923732,352.717602573335,0,0.44034406542778,14.6657170951366,18.5267176181078,941.936657704413,171.732879415154,36.3358732014894,19.1631906032562,1745.20354676247,0,1.736572265625,0,0,2.62867021560669,2.29559141397476,54.1035837084055,0.604562222957611,3.67403250932693,647.095447659492,4.24175146222115,2453.59818887711,9.90518797934055,0,0,0,4.62832143902779,2.22535312175751,2.69113084673882,0,1761.95680244267,45.3774694651365,208.766715064645,1952.20702174306,951.355849221349,0,0.147275045514107,2258.91771119833,0,0,3.38195542246103,323.817847341299,0,0,0,0,0,0,0,0,951.741096884012,1.36882698535919,0,278.525819689035,4.3972647190094,0,0,0,0,0,0,2318.52956178784,2982.26407787204,38.4845421016216,1.79017326235771,0,50.99484410882,74.1211182177067,1872.44794549048,634.497486367822,45.3774694651365,4967.26651647687,220.138230606914,1241.59599179029,338.686973690987,0,34.3036417961121,37.847412571311,970.650099694729,97.0469645112753,55.7521728426218,12.3844421505928,0,0,0,0,0.283209145069122,1.81047320365906,0,0,0.993481695652008,0,0,0,0,0,0.239597365260124,0,0,0,0,631.302054077387,1983.96625748277,7.45705220103264,7.77497720718384,2.96810692548752,282.3420573771,536.219117425382,57.9920648485422,25.1436014398932,208.766715064645,220.138230606914,8812.30489437282,1706.79948170483,1908.38345861435,1.32369792461395,48.049115717411,2051.49382343888,64.2476043254137,25.0125483125448,2850.9388486445,5.57128894329071,0,0,0,0.787523329257965,5.88987661898136,0,0,0.745240330696106,18.4923014342785,0,0,0,0.582975283265114,0,0.555359363555908,0,0,2.22029757499695,0,6274.3612537235,616.117325127125,0,0.874610155820847,0.175852164626122,38.7840516418219,33.2705844789743,53.662810832262,8.55655342340469,1952.20702174306,1241.59599179029,1706.79948170483,9435.35580100119,920.414686173201,0,15.1804597824812,1338.64217633009,12.8807272613049,1.72868809103966,48.8046646118164,114.225849315524,0,0,0,0,0,0,0,0,414.14067004621,0,0,0,0.25586411356926,0,0,0,0,0,0,1795.22143997252,743.529362045228,8.03084063529968,10.2959839254618,2.79566687345505,2259.6582146585,1929.96051163971,97.2717438042164,67.3386239558458,951.355849221349,338.686973690987,1908.38345861435,920.414686173201,8043.902853176,1.42692375183105,86.760624781251,4119.23405410349,61.2199266403913,284.383053213358,386.02667670697,63.1408270597458,0,0,0,0,32.9936400204897,0.340764999389648,0,2.78068020939827,107.162095978856,0,0,0,126.786593854427,0,1.35034453868866,0,0,2.20053386688232,0,0.188003569841385,8.60666307061911,8717.31923031807,1736.70523378253,1333.75463177264,5.28753355145454,268.32122156024,0.71561461687088,736.221592962742,0,0,1.32369792461395,0,1.42692375183105,11170.0792331398,7000.38787777722,3.68313910067081,314.728304386139,4.35217432677746,33.3774747997522,0,0,12.0766068696976,1.15840384364128,244.729226723313,1.07531046867371,1.02746114134789,0,247.428237095475,0,0,0,0.434915006160736,0,0.80615970492363,26.7946282625198,0,0,0.255619257688522,1.00815244019032,24.2369399219751,308.87850702554,2562.73385908455,2305.07631745934,3311.89171226323,3196.45523486286,4149.26831048727,196.966162160039,2211.37670917064,0.147275045514107,34.3036417961121,48.049115717411,15.1804597824812,86.760624781251,7000.38787777722,16862.496546261,88.8933119028807,652.688093952835,577.085837319493,267.333191357553,6.29013878107071,16.1326693892479,86.1931031122804,481.861896522343,1540.43462990224,1007.48800411075,853.28669308126,14.7252957373857,1788.50122197717,0,0,13.9487400352955,3.15518842637539,23.5160886645317,22.368296250701,1116.47043386847,13.3248402029276,56.5556581765413,422.743371382356,127.619568511844,596.038056373596,545.733519010246,14.8664927780628,32.3543590754271,4.88904577493668,483.398383751512,3633.27175486088,18.4164746105671,135.907540395856,2258.91771119833,37.847412571311,2051.49382343888,1338.64217633009,4119.23405410349,3.68313910067081,88.8933119028807,6466.55771043897,77.6839260607958,56.3427440971136,969.7318559587,36.9371706396341,0,0,0,1.01390886306763,16.4966236501932,4.69163121283054,0,7.52967780828476,283.656489700079,0,0,0,29.9468988180161,0,1.60339483618736,0,0,5.57222762703896,0,35.9860661923885,5002.22502025962,1623.29012390971,174.873874336481,325.657921001315,103.963604226708,1182.54925081879,1071.16237853467,6964.49158541858,0,970.650099694729,64.2476043254137,12.8807272613049,61.2199266403913,314.728304386139,652.688093952835,77.6839260607958,1910.98308731616,361.280981704593,263.852930113673,0,0,0,2.02575489878654,26.2609667927027,43.7236543893814,6.91535694152117,0.30180636048317,28.6413631290197,0,0,0,0,0,0,11.1287934631109,1.69831335544586,0,27.563232421875,0.468247473239899,140.883626580238,303.764310777187,15.1850399076939,67.7024330794811,171.290015727282,1422.19783176482,1267.499458462,2353.6345499754,4504.08372923732,0,97.0469645112753,25.0125483125448,1.72868809103966,284.383053213358,4.35217432677746,577.085837319493,56.3427440971136,361.280981704593,2665.00258804858,113.119692489505,2.9897980093956,0.883397459983826,0.831931233406067,15.435453504324,8.07505771517754,423.562321633101,14.9239266514778,251.056126654148,427.846724525094,0,0,0,0,5.30051112174988,0.173317730426788,16.1094473004341,0,8.80828019976616,4915.52696861327,4.76519985496998,42.8452695012093,3406.3179634884,98.9114923924208,114.621467113495,28.4175716787577,250.696593567729,3749.35052210093,44.2325158119202,352.717602573335,3.38195542246103,55.7521728426218,2850.9388486445,48.8046646118164,386.02667670697,33.3774747997522,267.333191357553,969.7318559587,263.852930113673,113.119692489505,5538.23726798594,0,0,0.493923991918564,0,4.50301259756088,21.7018695324659,3.08471611142159,0,11.9318768233061,0,0,0,0,0,0,1.76895900070667,0,0,6.40029701590538,1.56170628964901,2778.84334352612,0,0,0,0,0,0,1.64389002323151,0,323.817847341299,12.3844421505928,5.57128894329071,114.225849315524,63.1408270597458,0,6.29013878107071,36.9371706396341,0,2.9897980093956,0,13449.8528918847,411.791804775596,10.5183289349079,9.27246720343828,1.53690872341394,888.643289640546,433.305863276124,934.8723757267,52.0965934097767,4284.01759518683,3815.66808319092,927.080694854259,6938.78580315411,3915.529856354,5.93926967680454,37.3930337503552,606.604444906116,109.479293674231,44.8313035964966,313.31300778687,0,0,0,1.58072638511658,0.20574426651001,1.51543420553207,1.70035791397095,0,0.44034406542778,0,0,0,0,0,0,16.1326693892479,0,0,0.883397459983826,0,411.791804775596,37030.8643998355,1332.72239932418,44.8327784836292,19.6121937930584,248.900567725301,1119.80624902248,2931.70141655207,2486.75475683063,1.6417096555233,1848.21476684511,3196.54732769728,767.861401051283,185.623619392514,29.2427547425032,70.3747189491987,290.430882826447,3973.14327855408,429.139293402433,2217.40535777062,0,0,80.4851813316345,1.48150059580803,40.6632102578878,3.43692331016064,0.188300058245659,0.237397372722626,14.6657170951366,0,0,0,0,0,12.0766068696976,86.1931031122804,0,0,0.831931233406067,0.493923991918564,10.5183289349079,1332.72239932418,17031.3251787722,641.131762124598,2029.46304633468,26.0182423889637,2822.16228643805,271.444353610277,5299.29995916039,0.484496504068375,14.6519358605146,22.4903029054403,3.08823969960213,2.85619014501572,12041.4334705472,2473.14386881143,6.9522599875927,2881.74744679034,70.7324307858944,177.21629871428,0,0.674422204494476,2.59635481238365,3.28975185751915,114.549849674106,83.2361062765121,7.02177409827709,3.62391901016235,18.5267176181078,0,0,0,0,0,1.15840384364128,481.861896522343,0,2.02575489878654,15.435453504324,0,9.27246720343828,44.8327784836292,641.131762124598,2242.61923614889,891.790757402778,206.481671988964,2587.59274638444,130.275672160089,1643.72048140317,0,4.13507081568241,29.0387931913137,7.24769792705774,12.1722746640444,1764.41161592305,2427.69345294684,12.751534357667,180.4753786847,754.546806789935,339.489003904164,0,0,273.907599493861,200.208096578717,575.623038589954,58.9256252795458,58.561858907342,1.98156046867371,941.936657704413,0,0,0.787523329257965,0,0,244.729226723313,1540.43462990224,1.01390886306763,26.2609667927027,8.07505771517754,4.50301259756088,1.53690872341394,19.6121937930584,2029.46304633468,891.790757402778,2022.91937464476,698.283252805471,516.822937555611,27.4910174012184,4118.20883588493,0,0.679760560393333,16.0246885865927,3.2299457192421,5.02556160092354,604.859486967325,3219.8819937408,7.32510775327682,280.922971591353,202.671963490546,97.9570355713367,3.70358395576477,28.9054575264454,1.87814749777317,27.4162200689316,42.8587348163128,551.602321490645,244.719408512115,12.5169103741646,171.732879415154,0,0.283209145069122,5.88987661898136,0,32.9936400204897,1.07531046867371,1007.48800411075,16.4966236501932,43.7236543893814,423.562321633101,21.7018695324659,888.643289640546,248.900567725301,26.0182423889637,206.481671988964,698.283252805471,5782.98040702194,3052.84238443524,2047.02500383556,516.527702704072,12.7083809375763,98.1040735244751,190.131057322025,139.658555917442,3794.77186377347,14.2838098853827,4397.08443816006,213.232288748026,60.6848490834236,1460.65855354071,429.694754160941,0,2.28284697234631,2.17419378459454,3.02063369750977,45.5101344883442,153.959185063839,386.596532382071,4.11427825689316,36.3358732014894,0,1.81047320365906,0,0,0.340764999389648,1.02746114134789,853.28669308126,4.69163121283054,6.91535694152117,14.9239266514778,3.08471611142159,433.305863276124,1119.80624902248,2822.16228643805,2587.59274638444,516.822937555611,3052.84238443524,17091.8101954535,419.655043527484,2114.58592852205,12.9950703531504,68.6102641373873,829.619882941246,239.648429781199,2031.02949714661,400.143300250173,2739.75738459826,3737.07207316905,855.465240545571,2620.68634063751,6424.17462635785,0,0,0,0,0.355219274759293,0.40240466594696,0,0,19.1631906032562,0,0,0,0,0,0,14.7252957373857,0,0.30180636048317,251.056126654148,0,934.8723757267,2931.70141655207,271.444353610277,130.275672160089,27.4910174012184,2047.02500383556,419.655043527484,3787.60608398914,3220.27200676501,0,3110.60619689524,44.8128174692392,71.6099539101124,282.214660540223,22.3022572994232,114.0407807827,10.6834198534489,770.532308042049,1643.69426697493,168.859157793224,0.48400291800499,0.685356810688972,162.341866672039,149.280682370067,1308.71863101423,357.999469593167,140.470545038581,5.30797137320042,1745.20354676247,0,0,0.745240330696106,0,2.78068020939827,247.428237095475,1788.50122197717,7.52967780828476,28.6413631290197,427.846724525094,11.9318768233061,52.0965934097767,2486.75475683063,5299.29995916039,1643.72048140317,4118.20883588493,516.527702704072,2114.58592852205,3220.27200676501,13056.1406032071,0.746760308742523,70.2797033041716,59.7102589458227,27.407183855772,52.8725735396147,717.260532394052,1752.58559800684,33.0721648037434,6073.67204734683,5460.13222455978,584.327339164913,671.082131877542,2.24633246660233,0,0,0,0,0,0,0,951.741096884012,0.993481695652008,18.4923014342785,414.14067004621,107.162095978856,0,0,283.656489700079,0,0,0,4284.01759518683,1.6417096555233,0.484496504068375,0,0,12.7083809375763,12.9950703531504,0,0.746760308742523,2515.49415707588,26.3416251242161,44.6407577544451,1980.03214883804,1322.35752947628,0,0,1238.17302958667,1.40142953395844,0,6.2222720682621,0.675730749964714,0,0,0,0,0,0,0,1.736572265625,1.36882698535919,0,0,0,0,0,0,0,0,0,0,3815.66808319092,1848.21476684511,14.6519358605146,4.13507081568241,0.679760560393333,98.1040735244751,68.6102641373873,3110.60619689524,70.2797033041716,26.3416251242161,4237.69450902939,495.43092648685,2073.63452365994,136.419387564063,2.20912919938564,7.28896294534206,36.9450014829636,119.254557356238,14.873438090086,80.7558300942183,0,0,0.262553721666336,0,0.477008730173111,0.845936670899391,0,0,0,0,0,0,0,0,0,13.9487400352955,0,0,0,0,927.080694854259,3196.54732769728,22.4903029054403,29.0387931913137,16.0246885865927,190.131057322025,829.619882941246,44.8128174692392,59.7102589458227,44.6407577544451,495.43092648685,12915.9054177552,2553.51706697047,515.649721600115,13.1974843665957,57.1796803176403,2631.4151545763,162.956754282117,66.1036947071552,3968.20788485557,0,0,0,0,0,1.54698699712753,0,0,0,278.525819689035,0,0,0,0,0.434915006160736,3.15518842637539,0,0,0,0,6938.78580315411,767.861401051283,3.08823969960213,7.24769792705774,3.2299457192421,139.658555917442,239.648429781199,71.6099539101124,27.407183855772,1980.03214883804,2073.63452365994,2553.51706697047,7010.16319288313,1460.46464756131,0.283377081155777,10.9109478369355,996.57142919302,39.9894152581692,19.9005882591009,122.743831053376,2.43769346177578,0,0,0,0,5.41665837168694,1.08678150177002,0,2.62867021560669,4.3972647190094,0,0.582975283265114,0.25586411356926,126.786593854427,0,23.5160886645317,29.9468988180161,0,5.30051112174988,0,3915.529856354,185.623619392514,2.85619014501572,12.1722746640444,5.02556160092354,3794.77186377347,2031.02949714661,282.214660540223,52.8725735396147,1322.35752947628,136.419387564063,515.649721600115,1460.46464756131,10096.6090875268,2.10910172760487,209.695877879858,4964.2675114572,25.2015080302954,80.2064803540707,329.702973365784,0,0,0,0,3.62737707793713,2.76537951827049,0.237958520650864,0,2.29559141397476,0,0,0,0,0,0.80615970492363,22.368296250701,0,0,0.173317730426788,0,5.93926967680454,29.2427547425032,12041.4334705472,1764.41161592305,604.859486967325,14.2838098853827,400.143300250173,22.3022572994232,717.260532394052,0,2.20912919938564,13.1974843665957,0.283377081155777,2.10910172760487,11426.4604788125,6670.96258745342,6.83378371596336,367.997152030468,70.4685699045658,116.545213751495,0.776122808456421,4.14851129055023,31.2273170202971,34.3187019228935,155.005840405822,250.919225692749,30.0616197809577,1.18543124198914,54.1035837084055,0,0.239597365260124,0.555359363555908,0,1.35034453868866,26.7946282625198,1116.47043386847,1.60339483618736,11.1287934631109,16.1094473004341,1.76895900070667,37.3930337503552,70.3747189491987,2473.14386881143,2427.69345294684,3219.8819937408,4397.08443816006,2739.75738459826,114.0407807827,1752.58559800684,0,7.28896294534206,57.1796803176403,10.9109478369355,209.695877879858,6670.96258745342,16632.6815851182,29.2983449548483,246.453225553036,902.936319470406,164.992600701749,0,0,0,0,0,1.24008405208588,3.23970299959183,0,0.604562222957611,0,0,0,0,0,0,13.3248402029276,0,1.69831335544586,0,0,606.604444906116,290.430882826447,6.9522599875927,12.751534357667,7.32510775327682,213.232288748026,3737.07207316905,10.6834198534489,33.0721648037434,1238.17302958667,36.9450014829636,2631.4151545763,996.57142919302,4964.2675114572,6.83378371596336,29.2983449548483,10124.2185419649,54.3304759263992,57.9404271841049,1020.57368664443,0,0,0.899007201194763,0,3.4582496881485,6.3008223772049,1.70046043395996,0,3.67403250932693,0,0,0,0,0,0,56.5556581765413,0,0,8.80828019976616,0,109.479293674231,3973.14327855408,2881.74744679034,180.4753786847,280.922971591353,60.6848490834236,855.465240545571,770.532308042049,6073.67204734683,1.40142953395844,119.254557356238,162.956754282117,39.9894152581692,25.2015080302954,367.997152030468,246.453225553036,54.3304759263992,3455.49279522896,501.164756372571,342.821377284825,0,1.29414743185043,0.652619898319244,5.969986140728,11.6428404450417,509.673342227936,106.542408853769,65.6103173792362,647.095447659492,0,0,2.22029757499695,0,2.20053386688232,0.255619257688522,422.743371382356,5.57222762703896,27.563232421875,4915.52696861327,6.40029701590538,44.8313035964966,429.139293402433,70.7324307858944,754.546806789935,202.671963490546,1460.65855354071,2620.68634063751,1643.69426697493,5460.13222455978,0,14.873438090086,66.1036947071552,19.9005882591009,80.2064803540707,70.4685699045658,902.936319470406,57.9404271841049,501.164756372571,5209.7014131099,847.050485081971,0,0.226339429616928,0.22453598678112,0,8.58797847479582,24.8254161179066,12.5563667714596,1.23219907283783,4.24175146222115,0,0,0,0,0,1.00815244019032,127.619568511844,0,0.468247473239899,4.76519985496998,1.56170628964901,313.31300778687,2217.40535777062,177.21629871428,339.489003904164,97.9570355713367,429.694754160941,6424.17462635785,168.859157793224,584.327339164913,6.2222720682621,80.7558300942183,3968.20788485557,122.743831053376,329.702973365784,116.545213751495,164.992600701749,1020.57368664443,342.821377284825,847.050485081971,7103.51085069776
