8563.33206485212,1249.35305695236,0,0.829776585102081,0,465.157932415605,5.91669411957264,649.966361999512,10.6612924188375,2462.58981713653,2924.07416594028,1099.24259366095,4602.41897827387,2354.72658629715,0,0,608.548734337091,20.9187703728676,264.537625402212,4.11760598421097,2332.12757013738,0,0,0,0,75.8846868574619,0,46.7281791865826,0,1051.05712527037,13.2125551998615,0,0,223.093671381474,0,0,0,0,0,0,1249.35305695236,29327.3321827129,840.338048696518,17.7604968696833,1.90829956531525,221.891376152635,2181.53519178182,947.764017611742,1491.94694854319,4.73619516193867,3064.6354675144,3935.53757829964,200.189634650946,577.100205309689,0,37.2197724208236,278.323840618134,6352.78689358383,319.704353302717,2003.11769671738,0.807512253522873,0,0,0,1.44737112522125,14.4085917770863,0,0,0.529626727104187,0,0,0,0,0.581914007663727,0,3.44292865693569,0,0,0.389472991228104,0,0,840.338048696518,7732.4287956357,907.161984473467,1349.56766045094,22.3923777043819,862.296169489622,68.8415223360062,2401.64872127771,0,23.7180522382259,0,0,0.67826072871685,7243.45567546785,1722.91820457578,2.58608481287956,2104.0575851202,3.62433460354805,8.35337173938751,0,0,0,0.432351529598236,3.7657163143158,3.70107844471931,0.427403032779694,0,1.73781478404999,0,0,0,0,0,0,6.0487401932478,0,0,0,0,0.829776585102081,17.7604968696833,907.161984473467,3647.10847871006,586.56504394114,120.312637045979,4593.90462637693,6.26218000054359,730.885819196701,0,1.86916016042233,6.26351703703403,0.814915537834167,5.16609592735767,2569.3088568598,5025.84366939962,32.3712036460638,848.100984677672,65.3122017532587,135.682655394077,0,0,0,4.71833948791027,21.5947756618261,61.0977277308702,5.75759789347649,0,9.42248317599297,0,0,0,0,0,0,45.5017403811216,0,2.8314273506403,0.846805214881897,0.704505383968353,0,1.90829956531525,1349.56766045094,586.56504394114,1955.7412340194,316.68794234097,274.186001002789,3.95659783482552,2432.68331389129,0,0.18143330514431,0,0,0,731.560623168945,4243.45652219653,3.24414649605751,322.419038310647,41.4651597440243,16.0313738137484,0,0,5.3429824411869,9.85335293412209,679.800508469343,161.809375926852,7.5439079105854,0,31.0398431867361,0,0,0,0,0,9.58122166991234,440.391539394855,0,12.3055245429277,2.41909849643707,0,465.157932415605,221.891376152635,22.3923777043819,120.312637045979,316.68794234097,4310.25718898326,3701.17090407014,261.189198896289,2810.11702602357,6.28983187675476,24.7659733742476,331.005516454577,28.162529706955,2683.77573728561,12.8376169353724,2430.10893794894,801.965863287449,309.909317113459,2145.49915729463,526.61470669508,2.46261137723923,3.44482085108757,0,5.39537765085697,54.711911842227,2347.33949062228,234.000413000584,0,159.609456270933,5.50574733316898,0,5.95861788094044,0,42.6383844316006,0.865698605775833,188.238022811711,7.56305859982967,39.5996990203857,37.5169227421284,38.4047387987375,5.91669411957264,2181.53519178182,862.296169489622,4593.90462637693,274.186001002789,3701.17090407014,14233.4161024019,26.0230239927769,2080.7292938903,0.239569216966629,9.17200887948275,302.34914702177,2.31272585690022,1383.25802547485,112.784244284034,3262.60977572203,2883.45546928048,1118.92720234394,997.129289731383,5552.24853803962,0.570131599903107,0.704759657382965,0.480970978736877,5.29153524339199,17.8211799114943,459.371728643775,283.173486702144,0.238373816013336,32.1193146556616,0,0,0.156115427613258,0,1.95618852972984,3.02572293579578,227.109530553222,1.4216785132885,6.46200999617577,20.7493926137686,4.73616173863411,649.966361999512,947.764017611742,68.8415223360062,6.26218000054359,3.95659783482552,261.189198896289,26.0230239927769,2328.76200965047,607.338136270642,0,1598.79588483274,2.33256475627422,11.1155945062637,80.6527523696423,0,22.8776371777058,0,898.476322323084,433.250923514366,6.62146553397179,35.2113479077816,0,0,0,0,8.0740532875061,0,93.5450165569782,0,0.440423458814621,3.52622935175896,0,0,0.464157581329346,0,0,0,0,15.0815496444702,0,10.6612924188375,1491.94694854319,2401.64872127771,730.885819196701,2432.68331389129,2810.11702602357,2080.7292938903,607.338136270642,7970.94242312014,0.312635540962219,54.9790150672197,125.074454545975,4.00876900553703,243.145411133766,476.124316900969,1291.69311814755,278.217695742846,5241.8364610672,2576.36365324259,536.59270183742,0,0.601329207420349,0.344617903232574,4.0926214158535,8.11949902772903,344.047606855631,30.5727242678404,0,533.290467560291,0,0,0,0,0,0,92.3265080600977,0,12.4164059311152,534.480283007026,2.59804934263229,2462.58981713653,4.73619516193867,0,0,0,6.28983187675476,0.239569216966629,0,0.312635540962219,1985.33602286875,7.77254721522331,182.4334051162,1739.71822029352,2129.7183663249,0,0,2433.45152753592,0,0,0,421.269546866417,0,0,0,0,0,0,0,0,2251.89916783571,0,0,13.5798593759537,269.972349345684,0,0,2.03157031536102,0,0,0,2924.07416594028,3064.6354675144,23.7180522382259,1.86916016042233,0.18143330514431,24.7659733742476,9.17200887948275,1598.79588483274,54.9790150672197,7.77254721522331,5723.19908498228,131.475460767746,1035.47947824001,107.372594162822,0,3.07792903482914,30.5625209063292,398.322906836867,27.7044669687748,30.9021935984492,46.9543352276087,0,0,0,0.257140845060349,1.16833864152431,0,5.69183470308781,0,1.8455271422863,3.09279423952103,0,0,1.16107994318008,0,0,0,0,0.317269682884216,0,1099.24259366095,3935.53757829964,0,6.26351703703403,0,331.005516454577,302.34914702177,2.33256475627422,125.074454545975,182.4334051162,131.475460767746,12543.701327607,1673.66194504499,2867.78109227121,0.201373800635338,7.61504882574081,4715.76074685156,191.13178576529,19.3926595151424,896.50933303684,5.20614385604858,0,0,0,0.441245913505554,6.56528030335903,0.655017644166946,0,0,17.4125575572252,0,0,0,14.5599043369293,0,0.750646501779556,0,0,0,0,4602.41897827387,200.189634650946,0,0.814915537834167,0,28.162529706955,2.31272585690022,11.1155945062637,4.00876900553703,1739.71822029352,1035.47947824001,1673.66194504499,6888.02443318069,762.794600576162,0,0.422105759382248,1673.13686186075,0.645278692245483,1.97621122002602,3.73635339736938,91.9763421416283,0,0,0,0,0,0,0,0,203.862512677908,0,0,0,24.5355309098959,0,0,0,0,0,0,2354.72658629715,577.100205309689,0.67826072871685,5.16609592735767,0,2683.77573728561,1383.25802547485,80.6527523696423,243.145411133766,2129.7183663249,107.372594162822,2867.78109227121,762.794600576162,8704.56988860667,0,22.0196844190359,7762.24972240627,119.461904779077,335.82379502058,320.763436630368,119.095941156149,0,0,0,0,30.802611514926,0.9463711977005,0,0.322818785905838,725.717817902565,0,0.220702394843102,0,830.109591245651,0,1.23354160785675,0,0,0,0.576680541038513,0,0,7243.45567546785,2569.3088568598,731.560623168945,12.8376169353724,112.784244284034,0,476.124316900969,0,0,0.201373800635338,0,0,13420.9285196215,7648.74557340145,0,160.492189288139,0.654015958309174,3.34502065181732,0,0,0,0.313587725162506,10.658582136035,2.11871957778931,0,0,0.230342447757721,0,0,0,0,0,0,22.7645321041346,0,0,0,0,0,37.2197724208236,1722.91820457578,5025.84366939962,4243.45652219653,2430.10893794894,3262.60977572203,22.8776371777058,1291.69311814755,0,3.07792903482914,7.61504882574081,0.422105759382248,22.0196844190359,7648.74557340145,19078.5699334368,56.3846273571253,485.705496959388,388.81237731874,125.747460648417,0,0.78732942044735,5.68835677206516,25.6312719583511,663.81538631022,564.549838960171,51.5424351468682,0,57.9124740064144,0,0,0,0,0.283837169408798,15.2459986954927,953.892777346075,0.606282413005829,20.930991768837,20.4983619451523,2.4024276137352,608.548734337091,278.323840618134,2.58608481287956,32.3712036460638,3.24414649605751,801.965863287449,2883.45546928048,0,278.217695742846,2433.45152753592,30.5625209063292,4715.76074685156,1673.13686186075,7762.24972240627,0,56.3846273571253,8841.80692383647,123.194466426969,44.2815521806479,1555.69079532474,15.2182488441467,0,0,0,0.245426014065742,36.356728836894,2.62055504322052,0,0,252.377361148596,0,0,0,115.045756906271,0,4.03644920885563,0,0,0,0.597120881080627,20.9187703728676,6352.78689358383,2104.0575851202,848.100984677672,322.419038310647,309.909317113459,1118.92720234394,898.476322323084,5241.8364610672,0,398.322906836867,191.13178576529,0.645278692245483,119.461904779077,160.492189288139,485.705496959388,123.194466426969,3680.16320052743,548.384074762464,711.297287739813,0,0,0,1.53328162431717,4.94695934653282,47.9673798084259,3.19629475474358,0,4.63590160012245,0,0,0,0,0,0,28.2720702290535,0,3.19404417276382,12.0171694457531,0.906772911548615,264.537625402212,319.704353302717,3.62433460354805,65.3122017532587,41.4651597440243,2145.49915729463,997.129289731383,433.250923514366,2576.36365324259,0,27.7044669687748,19.3926595151424,1.97621122002602,335.82379502058,0.654015958309174,388.81237731874,44.2815521806479,548.384074762464,1135.62659044564,153.291984319687,0,0,0,0.667792320251465,1.34608039259911,801.776199758053,2.92344211041927,0,660.45203371346,0,0,0,0,0.32439336180687,0,32.745371863246,0,0.711153835058212,2658.55710428953,0,4.11760598421097,2003.11769671738,8.35337173938751,135.682655394077,16.0313738137484,526.61470669508,5552.24853803962,6.62146553397179,536.59270183742,0,30.9021935984492,896.50933303684,3.73635339736938,320.763436630368,3.34502065181732,125.747460648417,1555.69079532474,711.297287739813,153.291984319687,5011.98581484705,0,0,0,0.828938350081444,0.319722056388855,52.8075970113277,5.14524126052856,0,3.10826888680458,0,0,0,0,0,0,15.0475710704923,0,1.06808114051819,3.9619120657444,0.658690959215164,2332.12757013738,0.807512253522873,0,0,0,2.46261137723923,0.570131599903107,35.2113479077816,0,421.269546866417,46.9543352276087,5.20614385604858,91.9763421416283,119.095941156149,0,0,15.2182488441467,0,0,0,14547.4776498526,634.435926213861,0,2.25566500425339,0,525.934826552868,19.8464705944061,1479.78943958879,32.7841957807541,3525.45311753452,3780.22182440758,1043.6608479768,6952.2118152678,4496.60799969733,0,7.12215857207775,662.78756941855,120.702443882823,143.678387463093,75.6915345937014,0,0,0,0,0,3.44482085108757,0.704759657382965,0,0.601329207420349,0,0,0,0,0,0,0.78732942044735,0,0,0,0,634.435926213861,27923.459352091,435.830047354102,20.6341806203127,0,37.9597090482712,823.968033052981,2022.24420982599,485.677283532917,0.642062976956367,2962.3042217046,3022.15354634821,882.712211370468,447.885720640421,0.925704598426819,26.6711509823799,189.958808489144,3460.86911644787,288.409427911043,1913.51373013854,0,0,0,0,5.3429824411869,0,0.480970978736877,0,0.344617903232574,0,0,0,0,0,0,5.68835677206516,0,0,0,0,0,435.830047354102,5411.39286713302,600.195718899369,713.744615733624,6.57127591967583,926.004039973021,11.0077667236328,2004.87948170304,0,3.0177760720253,0,0,0,7506.82148176432,1214.49664123356,0.325055807828903,2064.30644524097,4.34458491206169,2.6220997273922,0,0,0.432351529598236,4.71833948791027,9.85335293412209,5.39537765085697,5.29153524339199,0,4.0926214158535,0,0,0,0,0,0.313587725162506,25.6312719583511,0,1.53328162431717,0.667792320251465,0.828938350081444,2.25566500425339,20.6341806203127,600.195718899369,3919.16887025535,245.603778168559,142.267590686679,3204.86829899251,5.10141885280609,1072.73046025634,0,0,6.68237297236919,0,2.29476974904537,1552.49800612032,4518.65138930082,12.3885459601879,1135.77297119796,180.745268642902,145.510572731495,0,1.44737112522125,3.7657163143158,21.5947756618261,679.800508469343,54.711911842227,17.8211799114943,0,8.11949902772903,0,0.257140845060349,0.441245913505554,0,0,10.658582136035,663.81538631022,0.245426014065742,4.94695934653282,1.34608039259911,0.319722056388855,0,0,713.744615733624,245.603778168559,958.50582998991,551.298543527722,49.4438395500183,0,1006.67893378437,0,0,0,0,0.267088860273361,539.586007356644,3737.73982311785,0.9566700309515,186.468986392021,16.0714482665062,2.1323906481266,75.8846868574619,14.4085917770863,3.70107844471931,61.0977277308702,161.809375926852,2347.33949062228,459.371728643775,8.0740532875061,344.047606855631,0,1.16833864152431,6.56528030335903,0,30.802611514926,2.11871957778931,564.549838960171,36.356728836894,47.9673798084259,801.776199758053,52.8075970113277,525.934826552868,37.9597090482712,6.57127591967583,142.267590686679,551.298543527722,3827.90426754951,3590.356801413,752.627990409732,2311.70614945889,0.199157908558846,3.317871555686,203.286399334669,14.2037164866924,2903.58744059503,24.8921586275101,2964.59380183369,523.270098268986,380.809460610151,1709.38961519301,500.943553075194,0,0,0.427403032779694,5.75759789347649,7.5439079105854,234.000413000584,283.173486702144,0,30.5727242678404,0,0,0.655017644166946,0,0.9463711977005,0,51.5424351468682,2.62055504322052,3.19629475474358,2.92344211041927,5.14524126052856,19.8464705944061,823.968033052981,926.004039973021,3204.86829899251,49.4438395500183,3590.356801413,14187.8727226332,12.1415501534939,1394.5401546061,0.755790382623672,2.82772599160671,731.037845090032,8.02473469078541,1578.34282372892,426.670029610395,3038.34622560441,3254.62710806727,1333.00133085996,964.646066427231,5275.36188168824,46.7281791865826,0,0,0,0,0,0.238373816013336,93.5450165569782,0,0,5.69183470308781,0,0,0,0,0,0,0,0,0,1479.78943958879,2022.24420982599,11.0077667236328,5.10141885280609,0,752.627990409732,12.1415501534939,2791.13246563077,1167.06939297915,0,1741.71847486496,89.7080791890621,39.9128544926643,296.030704125762,0,19.5091237127781,5.33197049796581,202.333254724741,1516.47062879801,14.6767449975014,0,0.529626727104187,1.73781478404999,9.42248317599297,31.0398431867361,159.609456270933,32.1193146556616,0,533.290467560291,0,0,0,0,0.322818785905838,0.230342447757721,57.9124740064144,0,4.63590160012245,660.45203371346,3.10826888680458,32.7841957807541,485.677283532917,2004.87948170304,1072.73046025634,1006.67893378437,2311.70614945889,1394.5401546061,1167.06939297915,7776.90249803662,0,2.7517945766449,104.162408381701,7.89981462061405,369.706021696329,708.769747912884,1591.40696816146,90.8207824379206,4245.07789497823,4047.78884908557,517.088795438409,1051.05712527037,0,0,0,0,5.50574733316898,0,0.440423458814621,0,2251.89916783571,1.8455271422863,17.4125575572252,203.862512677908,725.717817902565,0,0,252.377361148596,0,0,0,3525.45311753452,0.642062976956367,0,0,0,0.199157908558846,0.755790382623672,0,0,3177.92894299328,3.91026309132576,105.634625956416,2115.050939098,2304.56337794662,0,0,1564.04516285658,0,0,0,13.2125551998615,0,0,0,0,0,0,3.52622935175896,0,0,3.09279423952103,0,0,0,0,0,0,0,0,0,3780.22182440758,2962.3042217046,3.0177760720253,0,0,3.317871555686,2.82772599160671,1741.71847486496,2.7517945766449,3.91026309132576,4404.70206728578,166.704202458262,1575.76479202509,39.1553448289633,0,0.621948093175888,8.68402448296547,19.3649589419365,4.68304038047791,21.1997009813786,0,0,0,0,0,5.95861788094044,0.156115427613258,0,0,0,0,0,0,0.220702394843102,0,0,0,0,0,0,1043.6608479768,3022.15354634821,0,6.68237297236919,0,203.286399334669,731.037845090032,89.7080791890621,104.162408381701,105.634625956416,166.704202458262,13666.5463647842,2224.38354744017,2485.0334257558,0,22.9816797822714,5417.71474925429,223.158056020737,15.3718226850033,3290.27150513232,0,0,0,0,0,0,0,0,0,13.5798593759537,0,0,0,0,0,0,0,0,0,0,6952.2118152678,882.712211370468,0,0,0,14.2037164866924,8.02473469078541,39.9128544926643,7.89981462061405,2115.050939098,1575.76479202509,2224.38354744017,8391.67292015254,1431.13844873011,0,0.947560295462608,1716.57830926031,18.8544713556767,1.09791883826256,52.3982637524605,223.093671381474,0.581914007663727,0,0,0,42.6383844316006,1.95618852972984,0.464157581329346,0,269.972349345684,1.16107994318008,14.5599043369293,24.5355309098959,830.109591245651,0,0.283837169408798,115.045756906271,0,0.32439336180687,0,4496.60799969733,447.885720640421,0,2.29476974904537,0.267088860273361,2903.58744059503,1578.34282372892,296.030704125762,369.706021696329,2304.56337794662,39.1553448289633,2485.0334257558,1431.13844873011,10075.9960291833,0,23.3093178644776,6167.7304109931,171.545210689306,99.606573343277,574.090231604874,0,0,0,0,9.58122166991234,0.865698605775833,3.02572293579578,0,0,0,0,0,0,0,0,15.2459986954927,0,0,0,0,0,0.925704598426819,7506.82148176432,1552.49800612032,539.586007356644,24.8921586275101,426.670029610395,0,708.769747912884,0,0,0,0,0,15679.8911311328,8962.23942258209,0,696.687076732516,11.6270373165607,3.38499782979488,0,3.44292865693569,6.0487401932478,45.5017403811216,440.391539394855,188.238022811711,227.109530553222,0,92.3265080600977,0,0,0.750646501779556,0,1.23354160785675,22.7645321041346,953.892777346075,4.03644920885563,28.2720702290535,32.745371863246,15.0475710704923,7.12215857207775,26.6711509823799,1214.49664123356,4518.65138930082,3737.73982311785,2964.59380183369,3038.34622560441,19.5091237127781,1591.40696816146,0,0.621948093175888,22.9816797822714,0.947560295462608,23.3093178644776,8962.23942258209,16839.9854370132,44.5794161334634,820.172719925642,564.627379432321,95.541789919138,0,0,0,0,0,7.56305859982967,1.4216785132885,0,0,2.03157031536102,0,0,0,0,0,0.606282413005829,0,0,0,0,662.78756941855,189.958808489144,0.325055807828903,12.3885459601879,0.9566700309515,523.270098268986,3254.62710806727,5.33197049796581,90.8207824379206,1564.04516285658,8.68402448296547,5417.71474925429,1716.57830926031,6167.7304109931,0,44.5794161334634,7960.61488202959,165.264962464571,23.0095716118813,1378.93291555345,0,0,0,2.8314273506403,12.3055245429277,39.5996990203857,6.46200999617577,0,12.4164059311152,0,0,0,0,0,0,20.930991768837,0,3.19404417276382,0.711153835058212,1.06808114051819,120.702443882823,3460.86911644787,2064.30644524097,1135.77297119796,186.468986392021,380.809460610151,1333.00133085996,202.333254724741,4245.07789497823,0,19.3649589419365,223.158056020737,18.8544713556767,171.545210689306,696.687076732516,820.172719925642,165.264962464571,5544.17260020971,1111.79203693569,795.216532491148,0,0.389472991228104,0,0.846805214881897,2.41909849643707,37.5169227421284,20.7493926137686,15.0815496444702,534.480283007026,0,0.317269682884216,0,0,0,0,20.4983619451523,0,12.0171694457531,2658.55710428953,3.9619120657444,143.678387463093,288.409427911043,4.34458491206169,180.745268642902,16.0714482665062,1709.38961519301,964.646066427231,1516.47062879801,4047.78884908557,0,4.68304038047791,15.3718226850033,1.09791883826256,99.606573343277,11.6270373165607,564.627379432321,23.0095716118813,1111.79203693569,3880.55382944643,147.06712013483,0,0,0,0.704505383968353,0,38.4047387987375,4.73616173863411,0,2.59804934263229,0,0,0,0,0.576680541038513,0,2.4024276137352,0.597120881080627,0.906772911548615,0,0.658690959215164,75.6915345937014,1913.51373013854,2.6220997273922,145.510572731495,2.1323906481266,500.943553075194,5275.36188168824,14.6767449975014,517.088795438409,0,21.1997009813786,3290.27150513232,52.3982637524605,574.090231604874,3.38499782979488,95.541789919138,1378.93291555345,795.216532491148,147.06712013483,4791.73499898612
