9991.65421308577,639.78181065619,0,2.63933236896992,0,819.734164237976,368.446022808552,700.831103026867,34.4875316023827,2006.43482714891,2725.96391519904,460.170884564519,6983.179599002,1807.86324284971,0,12.8527588248253,546.160371825099,143.39292293787,178.702572152019,133.400863185525,1219.976236552,1.07325994968414,0,0.43317511677742,0,19.3397453427315,18.36897996068,12.927356928587,1.22122444212437,713.76208384335,9.36361558735371,0,0,3.58702456951141,0,2.1472215205431,0,0,6.22810882329941,0.449650347232819,639.78181065619,31913.2459733784,628.246048137546,18.5057837218046,3.85825341939926,285.746329918504,1347.24820783734,2384.35233287513,1858.52355894446,5.67791998386383,3070.21228528023,3211.83005276322,667.890339493752,481.363095425069,0.445543810725212,74.2461048141122,1289.12620097399,4235.61947961152,651.891381427646,2564.06293907762,0,0.650486886501312,0,0,0.525879442691803,54.6897900402546,43.5664828270674,0.561362117528915,12.2005073130131,0,0.784897685050964,0.945279240608215,0,5.06349344551563,0,3.52227777242661,1.94170808792114,1.57565271854401,42.760101094842,9.22847901284695,0,628.246048137546,15505.4696620703,956.886964887381,2380.30623503029,5.42050449550152,1919.72375060618,58.192119717598,2627.61523410678,0,10.1476192176342,0.933544844388962,0.202504992485046,0.834141075611115,9238.45618422329,1602.36065976322,2.66328045725822,1193.50322122872,35.3268954157829,9.05080226063728,0,0,0,0,60.912872582674,0.615599870681763,2.60975581407547,0,4.93881975114346,0,0,0,0,0,0.803591728210449,5.27393761277199,0.60872095823288,1.19243967533112,0,0,2.63933236896992,18.5057837218046,956.886964887381,3006.17843145132,388.692535385489,29.8004572242498,2379.62848587334,12.2177596539259,1232.71191330254,0,1.76846458017826,1.28294892609119,1.17799913883209,4.92987637221813,1249.7947820127,2836.54729893804,22.8287593275309,769.923326127231,130.850024238229,25.512107282877,0,0,6.8012451082468,14.1442533135414,104.869105324149,20.9751443564892,18.8254907205701,0.302644088864326,44.3587293177843,0,0,0.203538909554482,0,1.84403371810913,4.6645020544529,168.230192117393,0.232408136129379,1.37526035308838,7.19905133545399,1.47008115053177,0,3.85825341939926,2380.30623503029,388.692535385489,3234.77488252521,521.354804798961,112.829169094563,5.45995801687241,4188.43468976021,0,0,0,0.204876646399498,0.310908555984497,1194.69817864895,4219.92077673227,0.347430169582367,289.304031088948,20.2245303243399,0.822987973690033,0,0,42.9627176970243,10.9117609262466,1239.50150938332,32.62565356493,2.50358089804649,0.28057262301445,351.719614431262,0,0,0,0,0,25.6944898962975,303.483732752502,0,7.50690215826035,0.824858009815216,0.538783848285675,819.734164237976,285.746329918504,5.42050449550152,29.8004572242498,521.354804798961,4673.08900816739,2158.96897924691,444.637971639633,884.175589576364,1.39335596561432,83.6904635429382,99.610458150506,19.5597161203623,2946.05101704597,2.85234776139259,2957.12171253562,168.390613600612,143.727220103145,573.387535765767,182.441162101924,0.610003113746643,1.83293993771076,0.374347567558289,29.5889646410942,60.3438591212034,384.954880699515,419.206794008613,39.0811339169741,167.194539681077,2.73902225494385,0.143729075789452,2.26162594556808,0,28.3006412833929,0.192858561873436,477.015428058803,13.262586414814,3.85843616724014,109.361480496824,44.5649517327547,368.446022808552,1347.24820783734,1919.72375060618,2379.62848587334,112.829169094563,2158.96897924691,18104.2434921265,154.350916370749,2732.7631515637,1.12399458885193,46.5473330020905,495.792989462614,57.3727040886879,2442.52691001445,70.6365434974432,2512.81608858705,2178.6382432133,2273.01603145897,1627.0080793947,4468.76700387895,2.44084584712982,2.93777388334274,5.29354144632816,9.77466276288033,30.5768487155437,349.383386477828,1209.23639239371,12.1137239336967,127.121230304241,0.793550670146942,0.991356447339058,7.08492118120193,0,91.1251173913479,0,202.851753786206,14.8956214636564,10.7400113120675,145.747814394534,82.8726221472025,700.831103026867,2384.35233287513,58.192119717598,12.2177596539259,5.45995801687241,444.637971639633,154.350916370749,5510.20653241873,1215.75669948757,0,3442.77088369429,5.0725724697113,20.256127461791,16.3298592120409,1.14456677436829,50.9691096395254,10.5473995506763,1131.88872511685,1938.81892889738,17.7711140066385,22.0393720567226,0,0,0,0,105.220768004656,9.54849955439568,92.932709261775,2.72820773720741,0,3.97108742594719,0,0,0,0,5.13818426430225,0.810307204723358,0,402.420210257173,0.262984931468964,34.4875316023827,1858.52355894446,2627.61523410678,1232.71191330254,4188.43468976021,884.175589576364,2732.7631515637,1215.75669948757,13397.0913433135,0,195.457031279802,50.2388161867857,8.15649257600307,159.217234864831,638.427891910076,2262.75889269263,167.187840253115,9020.39563600719,5913.34063759446,230.469058766961,0.442145198583603,4.74661840498447,29.4068018496037,35.959357984364,1446.82134276628,224.108806088567,274.358877584338,6.8430547118187,870.731118492782,0,1.41044794023037,9.49849736690521,0.603719681501389,15.4222229123116,24.46325725317,513.460234224796,16.0148976072669,17.1741298735142,452.548689201474,45.2999153584242,2006.43482714891,5.67791998386383,0,0,0,1.39335596561432,1.12399458885193,0,0,960.934232354164,1.71194259822369,229.62155854702,1995.66575984657,596.751650750637,0,0.258216828107834,895.178408801556,0,0,0.597923755645752,104.998248398304,0,0,0,0,0,0,0,0,613.260822683573,0,0,30.9044857025146,1.32464635372162,0,0,1.0172905921936,0,0,0,2725.96391519904,3070.21228528023,10.1476192176342,1.76846458017826,0,83.6904635429382,46.5473330020905,3442.77088369429,195.457031279802,1.71194259822369,4381.38404473662,109.002978384495,1220.07918439806,158.727391302586,0,5.17204186320305,69.7024383991957,571.314145103097,81.2605430930853,18.2402961999178,25.9624895006418,0,0,0,0,0.675898551940918,2.7718298137188,0.826674699783325,0,0,8.55473011732101,0.260426998138428,0,1.15410155057907,0,0.148582577705383,0,0,2.50688320398331,0,460.170884564519,3211.83005276322,0.933544844388962,1.28294892609119,0,99.610458150506,495.792989462614,5.0725724697113,50.2388161867857,229.62155854702,109.002978384495,8500.13998813927,1629.93677143753,1320.90802060068,0,13.1545172408223,2836.15434210002,99.0275578051805,39.3655132502317,2091.80336046219,0,0,0,0,0,13.423278644681,13.0939354151487,0,3.1952908039093,15.2795157730579,0,0,0,4.36616867780685,0,3.01552149653435,0,0.153960958123207,1.95211108028889,0.215284958481789,6983.179599002,667.890339493752,0.202504992485046,1.17799913883209,0.204876646399498,19.5597161203623,57.3727040886879,20.256127461791,8.15649257600307,1995.66575984657,1220.07918439806,1629.93677143753,7595.89955848455,1235.14772866666,0,4.36927956342697,1009.55354523659,39.801790446043,10.3344169259071,42.3673828244209,139.339479058981,0,0,0,0,3.40484002232552,0.748167365789413,0,0.254811614751816,175.482574939728,0.580722063779831,0,0,2.94077542424202,0,0.147068858146667,0,0,0,0,1807.86324284971,481.363095425069,0.834141075611115,4.92987637221813,0.310908555984497,2946.05101704597,2442.52691001445,16.3298592120409,159.217234864831,596.751650750637,158.727391302586,1320.90802060068,1235.14772866666,7692.34854324162,0,63.069956175983,4480.02551940084,126.674033373594,184.20164860785,275.627560421824,80.2618252635002,1.05705404281616,0,0.710069969296455,0.302420854568481,27.8307946622372,75.5724398195744,7.7153542637825,9.59686018526554,179.353620141745,0,1.57040584087372,0,1264.43676164746,0,4.93251249194145,0.361058384180069,0.390949636697769,12.5701478123665,4.69465732574463,0,0.445543810725212,9238.45618422329,1249.7947820127,1194.69817864895,2.85234776139259,70.6365434974432,1.14456677436829,638.427891910076,0,0,0,0,0,5854.57565040886,4151.80736421049,0,287.476173207164,10.598813533783,0,0,0,0,0,21.1112337857485,0,0.641910657286644,0,0,0,0,0,0,0,0,4.94011367857456,0,0,0.412100046873093,0,12.8527588248253,74.2461048141122,1602.36065976322,2836.54729893804,4219.92077673227,2957.12171253562,2512.81608858705,50.9691096395254,2262.75889269263,0.258216828107834,5.17204186320305,13.1545172408223,4.36927956342697,63.069956175983,4151.80736421049,12479.5989627019,67.1351759508252,712.478836447001,657.870642662048,70.9792058542371,0.102274551987648,4.40146163105965,13.689328931272,54.3780742064118,504.499827258289,286.492842651904,317.779898509383,12.0174248367548,153.105361588299,0,0.848770536482334,7.15804367512465,3.02740654349327,9.67129517346621,13.7833206057549,1095.4554129988,5.63923877477646,7.1093735396862,61.526805691421,25.025910563767,546.160371825099,1289.12620097399,2.66328045725822,22.8287593275309,0.347430169582367,168.390613600612,2178.6382432133,10.5473995506763,167.187840253115,895.178408801556,69.7024383991957,2836.15434210002,1009.55354523659,4480.02551940084,0,67.1351759508252,6387.74851217866,302.528967618942,86.486153319478,1269.99696035683,0.912597119808197,0.206186518073082,0,0,0,42.2688024789095,44.9500230848789,0.379343494772911,17.245523005724,124.217987626791,0,0.869387477636337,0,117.306796431541,0,5.7539296746254,2.72297623753548,0,10.318703353405,11.9174688309431,143.39292293787,4235.61947961152,1193.50322122872,769.923326127231,289.304031088948,143.727220103145,2273.01603145897,1131.88872511685,9020.39563600719,0,571.314145103097,99.0275578051805,39.801790446043,126.674033373594,287.476173207164,712.478836447001,302.528967618942,3910.60790872574,1466.19667728245,569.784977197647,0,0.566633224487305,0,0.777364104986191,33.936919465661,25.0537252426147,46.0243439003825,0,18.3882844075561,0,0,3.40778023004532,0,3.22769440710545,1.37284317612648,41.5001678615808,2.11785310506821,1.96407976746559,22.5888429880142,7.41119055449963,178.702572152019,651.891381427646,35.3268954157829,130.850024238229,20.2245303243399,573.387535765767,1627.0080793947,1938.81892889738,5913.34063759446,0,81.2605430930853,39.3655132502317,10.3344169259071,184.20164860785,10.598813533783,657.870642662048,86.486153319478,1466.19667728245,3831.90415133536,187.206493735313,7.28410761058331,3.96811032295227,0.376764625310898,10.9288212656975,9.54719993472099,391.178192257881,119.319680072367,220.903848901391,259.775590918958,0,0.811927080154419,10.6652531325817,0.334378957748413,7.56674253940582,0,63.1514791920781,5.28193175792694,4.86146146059036,6429.00418222696,36.2440983355045,133.400863185525,2564.06293907762,9.05080226063728,25.512107282877,0.822987973690033,182.441162101924,4468.76700387895,17.7711140066385,230.469058766961,0.597923755645752,18.2402961999178,2091.80336046219,42.3673828244209,275.627560421824,0,70.9792058542371,1269.99696035683,569.784977197647,187.206493735313,4134.81288123876,0.209530279040337,0,1.22302460670471,1.09974850714207,0,49.0782949626446,97.8357120528817,0.350415349006653,23.5450873821974,0,0,2.87125343084335,0,7.48341985046864,0,14.2381469011307,11.3488723933697,0,32.1242058426142,20.1874699443579,1219.976236552,0,0,0,0,0.610003113746643,2.44084584712982,22.0393720567226,0.442145198583603,104.998248398304,25.9624895006418,0,139.339479058981,80.2618252635002,0,0.102274551987648,0.912597119808197,0,7.28410761058331,0.209530279040337,13764.4891717434,559.871074646711,0,0,0.498178511857986,811.379167512059,75.6845818608999,1347.12388636172,5.38145554065704,3499.28081446886,3921.45033837855,560.810734987259,7340.31146173179,3197.80702091753,0,4.45996081829071,464.767172113061,29.4697875678539,37.7125312834978,70.5074376761913,1.07325994968414,0.650486886501312,0,0,0,1.83293993771076,2.93777388334274,0,4.74661840498447,0,0,0,0,1.05705404281616,0,4.40146163105965,0.206186518073082,0.566633224487305,3.96811032295227,0,559.871074646711,30255.8047341555,659.233479321003,20.4411232322454,1.13645213842392,190.796266525984,934.866480968893,4431.52122922242,1836.65329907835,0.466746270656586,3704.31661586463,3718.19066531956,430.178773187101,508.275241412222,0.345363318920135,43.3529388532043,339.384735032916,3229.32882559299,967.758805587888,2406.49171462655,0,0,0,6.8012451082468,42.9627176970243,0.374347567558289,5.29354144632816,0,29.4068018496037,0,0,0,0,0,0,13.689328931272,0,0,0.376764625310898,1.22302460670471,0,659.233479321003,13370.9746618271,936.402309685946,2489.86257334054,12.9875168800354,2831.34258659184,279.131926983595,2773.06683672965,0,24.5572065114975,19.3186420798302,0,2.07160693407059,8150.04974913597,2508.09772711247,3.545593932271,1562.34145660698,92.7791036814451,112.77921782434,0.43317511677742,0,0,14.1442533135414,10.9117609262466,29.5889646410942,9.77466276288033,0,35.959357984364,0,0,0,0,0.710069969296455,0,54.3780742064118,0,0.777364104986191,10.9288212656975,1.09974850714207,0,20.4411232322454,936.402309685946,2146.21868254244,365.730083853006,26.9465679675341,2094.90501213074,29.2523944526911,1243.43540076911,0,2.03273391723633,35.313580930233,1.10954232513905,4.7966850399971,748.506812974811,2081.55831599981,15.0526001602411,212.180619865656,143.447878658772,215.29543748498,0,0.525879442691803,60.912872582674,104.869105324149,1239.50150938332,60.3438591212034,30.5768487155437,0,1446.82134276628,0,0,0,0,0.302420854568481,21.1112337857485,504.499827258289,0,33.936919465661,9.54719993472099,0,0.498178511857986,1.13645213842392,2489.86257334054,365.730083853006,4970.64742024243,615.642288014293,102.231018126011,2.42557820677757,2190.46836519241,0.317831635475159,0,1.26578649878502,0.218340173363686,10.0945778936148,1741.1841827631,4863.3082075417,0.912664353847504,487.770697504282,75.1603641286492,9.33835047483444,19.3397453427315,54.6897900402546,0.615599870681763,20.9751443564892,32.62565356493,384.954880699515,349.383386477828,105.220768004656,224.108806088567,0,0.675898551940918,13.423278644681,3.40484002232552,27.8307946622372,0,286.492842651904,42.2688024789095,25.0537252426147,391.178192257881,49.0782949626446,811.379167512059,190.796266525984,12.9875168800354,26.9465679675341,615.642288014293,5493.80153304338,2318.59641762078,2243.78585751355,386.558320455253,79.1669200062752,86.1402990818024,213.65292288363,68.6801270246506,2965.80971074849,1.82860243320465,1370.55014716089,318.523363336921,61.9820371419191,1113.02168296278,343.040134221315,18.36897996068,43.5664828270674,2.60975581407547,18.8254907205701,2.50358089804649,419.206794008613,1209.23639239371,9.54849955439568,274.358877584338,0,2.7718298137188,13.0939354151487,0.748167365789413,75.5724398195744,0.641910657286644,317.779898509383,44.9500230848789,46.0243439003825,119.319680072367,97.8357120528817,75.6845818608999,934.866480968893,2831.34258659184,2094.90501213074,102.231018126011,2318.59641762078,18881.5438304394,527.099993377924,3171.83342705667,5.85563744604588,56.8374084532261,766.508614145219,136.963931471109,2086.01031370461,106.747635409236,2210.95265331864,1751.89909870923,791.44535805285,2933.04247058183,5231.45764887333,12.927356928587,0.561362117528915,0,0.302644088864326,0.28057262301445,39.0811339169741,12.1137239336967,92.932709261775,6.8430547118187,0,0.826674699783325,0,0,7.7153542637825,0,12.0174248367548,0.379343494772911,0,220.903848901391,0.350415349006653,1347.12388636172,4431.52122922242,279.131926983595,29.2523944526911,2.42557820677757,2243.78585751355,527.099993377924,4724.97923274338,2522.41710831225,2.21228967607021,4478.1821975857,144.563100486994,37.5923479795456,376.977389618754,2.11861822009087,85.0402667447925,74.3722866177559,613.609897345304,2445.86225388944,230.055969431996,1.22122444212437,12.2005073130131,4.93881975114346,44.3587293177843,351.719614431262,167.194539681077,127.121230304241,2.72820773720741,870.731118492782,0,0,3.1952908039093,0.254811614751816,9.59686018526554,0,153.105361588299,17.245523005724,18.3882844075561,259.775590918958,23.5450873821974,5.38145554065704,1836.65329907835,2773.06683672965,1243.43540076911,2190.46836519241,386.558320455253,3171.83342705667,2522.41710831225,11298.4499764144,0,310.87969815731,96.4487175419927,13.3738462775946,70.8467239290476,698.622743085027,2576.01941791549,121.177522882819,5302.62752278149,6322.18166328222,565.430234745145,713.76208384335,0,0,0,0,2.73902225494385,0.793550670146942,0,0,613.260822683573,0,15.2795157730579,175.482574939728,179.353620141745,0,0,124.217987626791,0,0,0,3499.28081446886,0.466746270656586,0,0,0.317831635475159,79.1669200062752,5.85563744604588,2.21228967607021,0,3706.17156621814,30.9807892292738,23.0681846439838,1959.62943264842,1210.52869330347,0,0,1313.04621645808,0,0,0,9.36361558735371,0.784897685050964,0,0,0,0.143729075789452,0.991356447339058,3.97108742594719,1.41044794023037,0,8.55473011732101,0,0.580722063779831,0,0,0.848770536482334,0,0,0.811927080154419,0,3921.45033837855,3704.31661586463,24.5572065114975,2.03273391723633,0,86.1402990818024,56.8374084532261,4478.1821975857,310.87969815731,30.9807892292738,5059.57932111621,67.1457501351833,1854.1745428592,168.355261817575,0,7.71709407120943,31.1067642122507,275.872320011258,146.67655582726,40.5942221879959,0,0.945279240608215,0,0.203538909554482,0,2.26162594556808,7.08492118120193,0,9.49849736690521,0,0.260426998138428,0,0,1.57040584087372,0,7.15804367512465,0.869387477636337,3.40778023004532,10.6652531325817,2.87125343084335,560.810734987259,3718.19066531956,19.3186420798302,35.313580930233,1.26578649878502,213.65292288363,766.508614145219,144.563100486994,96.4487175419927,23.0681846439838,67.1457501351833,8178.25209099054,1195.46727462858,1897.03416579962,0.698337525129318,18.0290016084909,3364.69810655713,235.033882379532,208.376514822245,1657.75689823925,0,0,0,0,0,0,0,0,0.603719681501389,30.9044857025146,0,0,0,0,0,3.02740654349327,0,0,0.334378957748413,0,7340.31146173179,430.178773187101,0,1.10954232513905,0.218340173363686,68.6801270246506,136.963931471109,37.5923479795456,13.3738462775946,1959.62943264842,1854.1745428592,1195.46727462858,4904.34062172472,1966.82421596348,0,2.63310120999813,855.269937045872,25.3208650499582,27.1781558692455,58.9026447236538,3.58702456951141,5.06349344551563,0,1.84403371810913,0,28.3006412833929,91.1251173913479,0,15.4222229123116,1.32464635372162,1.15410155057907,4.36616867780685,2.94077542424202,1264.43676164746,0,9.67129517346621,117.306796431541,3.22769440710545,7.56674253940582,7.48341985046864,3197.80702091753,508.275241412222,2.07160693407059,4.7966850399971,10.0945778936148,2965.80971074849,2086.01031370461,376.977389618754,70.8467239290476,1210.52869330347,168.355261817575,1897.03416579962,1966.82421596348,10698.75566715,0,28.3108086660504,5181.38485445082,103.282167121768,111.07513024658,268.030454844236,0,0,0.803591728210449,4.6645020544529,25.6944898962975,0.192858561873436,0,0,24.46325725317,0,0,0,0,0,0,13.7833206057549,0,1.37284317612648,0,0,0,0.345363318920135,8150.04974913597,748.506812974811,1741.1841827631,1.82860243320465,106.747635409236,2.11861822009087,698.622743085027,0,0,0.698337525129318,0,0,9992.32290644944,5003.73684729636,0.29244077205658,463.515714719892,13.9627323448658,4.00592005252838,2.1472215205431,3.52227777242661,5.27393761277199,168.230192117393,303.483732752502,477.015428058803,202.851753786206,5.13818426430225,513.460234224796,0,0.148582577705383,3.01552149653435,0.147068858146667,4.93251249194145,4.94011367857456,1095.4554129988,5.7539296746254,41.5001678615808,63.1514791920781,14.2381469011307,4.45996081829071,43.3529388532043,2508.09772711247,2081.55831599981,4863.3082075417,1370.55014716089,2210.95265331864,85.0402667447925,2576.01941791549,0,7.71709407120943,18.0290016084909,2.63310120999813,28.3108086660504,5003.73684729636,12004.8155273236,50.5628268048167,463.825969405472,567.349134065211,94.2150063961744,0,1.94170808792114,0.60872095823288,0.232408136129379,0,13.262586414814,14.8956214636564,0.810307204723358,16.0148976072669,1.0172905921936,0,0,0,0.361058384180069,0,5.63923877477646,2.72297623753548,2.11785310506821,5.28193175792694,11.3488723933697,464.767172113061,339.384735032916,3.545593932271,15.0526001602411,0.912664353847504,318.523363336921,1751.89909870923,74.3722866177559,121.177522882819,1313.04621645808,31.1067642122507,3364.69810655713,855.269937045872,5181.38485445082,0.29244077205658,50.5628268048167,5309.6475405246,116.616208136082,212.111920647323,668.76540389657,0,1.57565271854401,1.19243967533112,1.37526035308838,7.50690215826035,3.85843616724014,10.7400113120675,0,17.1741298735142,0,0,0.153960958123207,0,0.390949636697769,0,7.1093735396862,0,1.96407976746559,4.86146146059036,0,29.4697875678539,3229.32882559299,1562.34145660698,212.180619865656,487.770697504282,61.9820371419191,791.44535805285,613.609897345304,5302.62752278149,0,275.872320011258,235.033882379532,25.3208650499582,103.282167121768,463.515714719892,463.825969405472,116.616208136082,2333.69236163795,671.213606625795,430.642593808472,6.22810882329941,42.760101094842,0,7.19905133545399,0.824858009815216,109.361480496824,145.747814394534,402.420210257173,452.548689201474,0,2.50688320398331,1.95211108028889,0,12.5701478123665,0.412100046873093,61.526805691421,10.318703353405,22.5888429880142,6429.00418222696,32.1242058426142,37.7125312834978,967.758805587888,92.7791036814451,143.447878658772,75.1603641286492,1113.02168296278,2933.04247058183,2445.86225388944,6322.18166328222,0,146.67655582726,208.376514822245,27.1781558692455,111.07513024658,13.9627323448658,567.349134065211,212.111920647323,671.213606625795,6625.25373379886,842.503699764609,0.449650347232819,9.22847901284695,0,1.47008115053177,0.538783848285675,44.5649517327547,82.8726221472025,0.262984931468964,45.2999153584242,0,0,0.215284958481789,0,4.69465732574463,0,25.025910563767,11.9174688309431,7.41119055449963,36.2440983355045,20.1874699443579,70.5074376761913,2406.49171462655,112.77921782434,215.29543748498,9.33835047483444,343.040134221315,5231.45764887333,230.055969431996,565.430234745145,0,40.5942221879959,1657.75689823925,58.9026447236538,268.030454844236,4.00592005252838,94.2150063961744,668.76540389657,430.642593808472,842.503699764609,5014.75404325873
