7951.89872673154,202.593872532248,0.195916414260864,3.74980884790421,0,264.26160416007,106.03377006948,225.990603253245,12.2521543204784,1961.65181234479,3249.64414533228,392.83773329854,5938.17770016193,1843.97553765774,0,4.603441208601,772.701097905636,68.9385898709297,25.2563730180264,31.7940398156643,2455.01101535559,0,0,0,0,9.8131827712059,0.282989084720612,0,0,1001.55314235389,0,0,0,11.7535583972931,0,0,0,0,0,0,202.593872532248,42285.4571258202,933.26835423708,270.976254895329,7.32971620559692,119.08590618521,3454.50273571163,3235.71120433509,1186.22115383297,4.27611257135868,4674.65614875406,2452.72773720324,300.386769525707,337.413915932178,49.2006216272712,202.994356885552,1534.37377886474,4354.73298971355,348.307330146432,3061.12769605219,0.431664973497391,0,0.800627633929253,0.315358385443687,8.48363718390465,26.4653505757451,6.22071923315525,1.58685973286629,9.00503671169281,1.52925924956799,0,0,0,6.57143101841211,1.21791854500771,48.4302221760154,0,0.486583471298218,12.853948906064,0.962912052869797,0.195916414260864,933.26835423708,17196.7299916744,969.180834472179,2207.31359644979,9.9420732408762,2686.34920454025,149.457469269633,3842.51981422305,0,23.3462224602699,0.222146257758141,0,0,11420.5095939562,2534.97154752165,13.7506237775087,1852.65476667136,41.291557341814,15.5196589678526,0,1.87807936966419,352.232517331839,26.8092683255672,184.819265335798,10.3637604266405,21.9983763247728,1.64544738829136,87.4858445525169,0,0,0,0,0,57.3000942766666,203.950950466096,0.235590979456902,7.39214344322681,4.5528359413147,5.41796194016933,3.74980884790421,270.976254895329,969.180834472179,3132.93927918375,68.1594159007072,47.7598321735859,5208.42642951757,71.0732089281082,1168.08319962025,0,10.2234933227301,2.50274305045605,0.687387943267822,7.11183857917786,2881.53762334585,2832.34489797801,44.4319579005241,317.255674026906,390.233167797327,73.8401014357805,0,1.28487372398376,10.5620303750038,19.8580255359411,65.0977832227945,65.4699418097734,26.0690358430147,0.498417168855667,56.0197144895792,0,0,0,0,0.466599643230438,9.218372002244,225.404078319669,0.203471586108208,5.15969721972942,52.7672383487225,1.09383378922939,0,7.32971620559692,2207.31359644979,68.1594159007072,2922.42291653156,667.449863314629,71.7958990484476,0,2783.8567250073,0,0,0,0,0,933.785732969642,3942.47023406625,1.65705168247223,232.430000737309,21.0303978323936,0.744608491659164,0,0.861150860786438,20.6430603712797,13.9446179270744,717.646361291409,387.895142048597,24.4227185994387,0.246273368597031,265.264918908477,0,0,0.697619378566742,0,0,20.4179883599281,498.266038149595,0,12.24224203825,5.00964200496674,2.63621407747269,264.26160416007,119.08590618521,9.9420732408762,47.7598321735859,667.449863314629,3120.05382234603,2870.65432864428,643.410754740238,529.706687152386,16.7097814232111,80.3735583275557,61.3399936258793,12.3133117109537,2887.69088894129,10.5311173200607,1861.99466665834,292.031385600567,44.0861887335777,508.941462233663,41.4239924103022,0,0,0,1.61368623375893,105.393824234605,1230.71464153379,924.406695127487,0,47.4870527684689,0,0,0,0,248.550331786275,0.204325243830681,551.333020441234,0,0,3.19207176566124,0,106.03377006948,3454.50273571163,2686.34920454025,5208.42642951757,71.7958990484476,2870.65432864428,21668.703452006,463.995203733444,2540.53863982111,19.7821134179831,161.733188547194,257.671704724431,53.8938078433275,1398.44983513653,261.364729911089,4425.0580663681,3132.5565482229,1260.33751770109,2730.69811078906,5844.87122855335,0.16321973502636,0.3664430975914,7.77452930808067,13.4716448187828,44.4067026376724,576.050430037081,2783.94905523956,4.47240298986435,96.2950906381011,0.4862300157547,0,0,0,29.0327202230692,5.62511938810349,368.577228531241,0,1.94525429606438,125.804257199168,1.8130012601614,225.990603253245,3235.71120433509,149.457469269633,71.0732089281082,0,643.410754740238,463.995203733444,4514.48382276297,2940.04861168563,0.911184310913086,3083.38205906749,1.72637188434601,2.41982933878899,39.1454546898603,8.94476601481438,129.411710396409,35.720580920577,1361.83926428854,1727.41662120819,45.2998117506504,0,1.68366682529449,0,0.31267112493515,0.732431650161743,95.6611261963844,11.2740605771542,112.813620090485,15.916731134057,0,0,0,0,0,0.909318804740906,6.47765893489122,0,0,185.880702421069,0,12.2521543204784,1186.22115383297,3842.51981422305,1168.08319962025,2783.8567250073,529.706687152386,2540.53863982111,2940.04861168563,8771.7303135246,0.254914194345474,542.872034162283,19.0119341909885,12.6648292243481,103.054391458631,757.556000560522,2611.19342258573,139.570473343134,5736.82950009406,3488.88726039231,98.6279950737953,0,2.53074043989182,92.5714240372181,17.4185642153025,363.703496322036,200.158858209848,99.8026872426271,34.7753386199474,1211.30348983407,0,0,1.33492398262024,0,0.783343940973282,56.7680023908615,411.350026898086,1.17501735687256,26.2805680930614,326.116337537766,1.20869271457195,1961.65181234479,4.27611257135868,0,0,0,16.7097814232111,19.7821134179831,0.911184310913086,0.254914194345474,1116.15231831372,59.0785445123911,61.5154668986797,1239.14976191521,946.081308305264,0,0,1576.53717491031,1.3269994109869,1.22208134829998,0,192.402548089623,0,0,0,0,1.7409343123436,0,0,0,655.609452143312,0,0,0,13.338153809309,0,0,0,0,0,0,3249.64414533228,4674.65614875406,23.3462224602699,10.2234933227301,0,80.3735583275557,161.733188547194,3083.38205906749,542.872034162283,59.0785445123911,6780.84585976601,243.478995323181,2612.23709892482,239.608150839806,0,14.671081200242,272.599296867847,1101.55681657791,96.832008652389,102.119422078133,166.119617640972,0,0,0,0,5.18855088949203,1.63267175853252,0,0.165864273905754,6.36003470420837,0,0,0,0.451895847916603,0,1.70148669183254,0,0,10.4596441090107,0,392.83773329854,2452.72773720324,0.222146257758141,2.50274305045605,0,61.3399936258793,257.671704724431,1.72637188434601,19.0119341909885,61.5154668986797,243.478995323181,7643.20134291053,846.847593903542,880.687148109078,0,7.61448338627815,2759.94581228495,72.1095091253519,24.3357662111521,1945.41130489111,6.28079506754875,0,0,0,0,4.30367420613766,4.55598120391369,0,0,7.28071780502796,0,0,0,10.0497787743807,0,1.98726677894592,0,0,0,0,5938.17770016193,300.386769525707,0,0.687387943267822,0,12.3133117109537,53.8938078433275,2.41982933878899,12.6648292243481,1239.14976191521,2612.23709892482,846.847593903542,5088.24727244675,417.744599863887,0,3.59276916831732,803.363587841392,23.7735077440739,7.13984781503677,30.5575343370438,514.763823002577,0,0.974380135536194,0,0,2.54323995113373,0,0,0,311.504792362452,0,0,0,0.376836270093918,0,0.119615480303764,0,0,0,0,1843.97553765774,337.413915932178,0,7.11183857917786,0,2887.69088894129,1398.44983513653,39.1454546898603,103.054391458631,946.081308305264,239.608150839806,880.687148109078,417.744599863887,7718.77170666307,0.828478336334229,49.7420756369829,4224.68044452369,24.3505880683661,166.397896111012,153.606573134661,188.525049716234,0,0,0.805220484733582,0.382073879241943,257.329303324223,99.4830044955015,0,0,302.486986070871,0,0,0,2273.31057982147,0,0,0,0,3.98927187919617,0,0,49.2006216272712,11420.5095939562,2881.53762334585,933.785732969642,10.5311173200607,261.364729911089,8.94476601481438,757.556000560522,0,0,0,0,0.828478336334229,8877.6980074048,3984.37339098752,2.38246349990368,512.531091928482,20.9383277446032,3.15680149197578,0,2.45189896225929,54.7284643873572,13.2046274095774,84.2933350801468,4.00176641345024,11.2303334474564,0.478917747735977,25.8144622892141,0,0,0,0,0,16.1961808651686,196.560122549534,0,0.980587482452393,4.81489492952824,0.528769299387932,4.603441208601,202.994356885552,2534.97154752165,2832.34489797801,3942.47023406625,1861.99466665834,4425.0580663681,129.411710396409,2611.19342258573,0,14.671081200242,7.61448338627815,3.59276916831732,49.7420756369829,3984.37339098752,18419.0028835312,103.039344258606,531.340677134693,1528.63917738944,74.688717007637,0,4.20231494307518,66.1645554378629,49.0403471067548,673.373739406466,751.30725671351,503.85070617497,11.7755108401179,326.345607198775,0,0,0.277351915836334,0,0.659375429153442,69.8067459017038,4626.28125084192,0.226869776844978,20.6939550191164,116.553874202073,6.71675287187099,772.701097905636,1534.37377886474,13.7506237775087,44.4319579005241,1.65705168247223,292.031385600567,3132.5565482229,35.720580920577,139.570473343134,1576.53717491031,272.599296867847,2759.94581228495,803.363587841392,4224.68044452369,2.38246349990368,103.039344258606,9174.93251428008,139.405376061797,259.626808822155,1922.16791340709,19.7039563059807,0,0,0.233861163258553,0.362373635172844,49.1707313805819,17.094654545188,0,1.47480562329292,72.4960301816463,0,0,0,82.2854240685701,0,3.3912957534194,0,0,5.5546238720417,0,68.9385898709297,4354.73298971355,1852.65476667136,317.255674026906,232.430000737309,44.0861887335777,1260.33751770109,1361.83926428854,5736.82950009406,1.3269994109869,1101.55681657791,72.1095091253519,23.7735077440739,24.3505880683661,512.531091928482,531.340677134693,139.405376061797,1381.24108095467,336.898965753615,246.277000337839,0.436590641736984,0.559423506259918,21.0235580503941,6.4130220413208,72.9704747796059,16.847186408937,8.56783828139305,0.888074427843094,70.7906857505441,0,0,0,0,0.832033023238182,30.0098795741796,131.830647990108,0,2.37581825256348,14.8598997443914,0,25.2563730180264,348.307330146432,41.291557341814,390.233167797327,21.0303978323936,508.941462233663,2730.69811078906,1727.41662120819,3488.88726039231,1.22208134829998,96.832008652389,24.3357662111521,7.13984781503677,166.397896111012,20.9383277446032,1528.63917738944,259.626808822155,336.898965753615,3037.22732511163,155.051443055272,0,6.43828308582306,9.88999202847481,0,9.2713173776865,638.959471046925,241.362121835351,222.457438826561,316.036801561713,0,0,0,0,9.42017263174057,0.513674512505531,60.441414527595,6.84360894560814,8.51432806253433,4603.53268167377,2.52655363082886,31.7940398156643,3061.12769605219,15.5196589678526,73.8401014357805,0.744608491659164,41.4239924103022,5844.87122855335,45.2998117506504,98.6279950737953,0,102.119422078133,1945.41130489111,30.5575343370438,153.606573134661,3.15680149197578,74.688717007637,1922.16791340709,246.277000337839,155.051443055272,5700.59428095073,0.329543143510818,0,0.623069941997528,0.165768012404442,0.972935527563095,11.1040108203888,3.4286198168993,0,2.21262556314468,0,0,0,0,2.6876362413168,0,10.1220323443413,0,0,0.466272071003914,0,2455.01101535559,0.431664973497391,0,0,0,0,0.16321973502636,0,0,192.402548089623,166.119617640972,6.28079506754875,514.763823002577,188.525049716234,0,0,19.7039563059807,0.436590641736984,0,0.329543143510818,10809.4775820225,483.418705642223,0,0.911095023155212,0,447.348214805126,39.2816405892372,872.488290727139,15.6314160227776,2023.10629484057,4299.28005875647,1208.62493349612,7153.1545381844,3612.66898362339,0.638688206672668,0.714831128716469,305.011193618178,29.0802985578775,10.6504102945328,17.7571938037872,0,0,1.87807936966419,1.28487372398376,0.861150860786438,0,0.3664430975914,1.68366682529449,2.53074043989182,0,0,0,0,0,2.45189896225929,4.20231494307518,0,0.559423506259918,6.43828308582306,0,483.418705642223,41824.8127270788,504.617880389094,73.6987788230181,12.79923376441,86.5819283127785,1418.75210987031,4883.59822699428,1243.62373124063,1.03525766730309,5356.64189867675,3024.40535762906,832.026345297694,564.430621728301,41.1909181177616,137.307228833437,484.996062472463,3486.1781142503,277.536033645272,2382.31539608538,0,0.800627633929253,352.232517331839,10.5620303750038,20.6430603712797,0,7.77452930808067,0,92.5714240372181,0,0,0,0.974380135536194,0,54.7284643873572,66.1645554378629,0,21.0235580503941,9.88999202847481,0.623069941997528,0,504.617880389094,19658.0562148616,481.913134999573,1438.4083275497,11.0722130686045,3298.64413899183,122.913590341806,4414.64356406033,0,6.85625591874123,9.78535281121731,1.64048683643341,7.84715712070465,12836.1524271145,991.950011909008,30.6207513660192,1625.70156915486,82.8459950536489,160.871943220496,0,0.315358385443687,26.8092683255672,19.8580255359411,13.9446179270744,1.61368623375893,13.4716448187828,0.31267112493515,17.4185642153025,0,0,0,0,0.805220484733582,13.2046274095774,49.0403471067548,0.233861163258553,6.4130220413208,0,0.165768012404442,0.911095023155212,73.6987788230181,481.913134999573,2434.38324326277,199.348081171513,10.5664761662483,3214.58327940106,98.5882216989994,1287.49352353811,0,0,8.174650862813,0,3.41350781917572,1595.08508217335,2051.09855113924,28.9869786649942,143.001525729895,177.280184060335,219.231574952602,0,8.48363718390465,184.819265335798,65.0977832227945,717.646361291409,105.393824234605,44.4067026376724,0.732431650161743,363.703496322036,0,0,0,0,0.382073879241943,84.2933350801468,673.373739406466,0.362373635172844,72.9704747796059,9.2713173776865,0.972935527563095,0,12.79923376441,1438.4083275497,199.348081171513,3070.30934928358,905.760282516479,120.07666888833,11.9359476864338,3830.25036419928,0,0.235746502876282,0.230207741260529,0,4.21479192376137,742.772092476487,3702.15153884143,0.171060010790825,218.378226801753,42.1170323640108,11.3474994003773,9.8131827712059,26.4653505757451,10.3637604266405,65.4699418097734,387.895142048597,1230.71464153379,576.050430037081,95.6611261963844,200.158858209848,1.7409343123436,5.18855088949203,4.30367420613766,2.54323995113373,257.329303324223,4.00176641345024,751.30725671351,49.1707313805819,16.847186408937,638.959471046925,11.1040108203888,447.348214805126,86.5819283127785,11.0722130686045,10.5664761662483,905.760282516479,4039.56015664339,977.784391671419,1061.9541952014,2047.11649602652,0,23.4946097433567,65.5877774506807,8.14005774259567,2969.22355386615,7.42650462687016,1287.29920746386,89.4408633261919,42.1643576323986,966.25638525188,54.6032361537218,0.282989084720612,6.22071923315525,21.9983763247728,26.0690358430147,24.4227185994387,924.406695127487,2783.94905523956,11.2740605771542,99.8026872426271,0,1.63267175853252,4.55598120391369,0,99.4830044955015,11.2303334474564,503.85070617497,17.094654545188,8.56783828139305,241.362121835351,3.4286198168993,39.2816405892372,1418.75210987031,3298.64413899183,3214.58327940106,120.07666888833,977.784391671419,22238.6807816923,1013.58448886871,4434.86510656774,0,35.8492012917995,475.614496737719,27.8936038613319,1866.53132599592,331.130863636732,2671.84331927449,4057.96568529308,1262.75058481097,2781.79016347229,6932.21118406951,0,1.58685973286629,1.64544738829136,0.498417168855667,0.246273368597031,0,4.47240298986435,112.813620090485,34.7753386199474,0,0,0,0,0,0.478917747735977,11.7755108401179,0,0.888074427843094,222.457438826561,0,872.488290727139,4883.59822699428,122.913590341806,98.5882216989994,11.9359476864338,1061.9541952014,1013.58448886871,4260.49419954419,3216.88203798234,0,2077.76725058258,95.4089434146881,13.6854984760284,88.2732930332422,38.3838774263859,274.601736217737,81.8564042896032,1444.00292670727,1621.15652710199,279.1918091923,0,9.00503671169281,87.4858445525169,56.0197144895792,265.264918908477,47.4870527684689,96.2950906381011,15.916731134057,1211.30348983407,0,0.165864273905754,0,0,0,25.8144622892141,326.345607198775,1.47480562329292,70.7906857505441,316.036801561713,2.21262556314468,15.6314160227776,1243.62373124063,4414.64356406033,1287.49352353811,3830.25036419928,2047.11649602652,4434.86510656774,3216.88203798234,6575.17389881611,1.94086796045303,75.3932126164436,151.337432429194,14.0867859423161,396.037831991911,1109.00627192855,2778.07014585286,264.431627765298,4407.53585258126,3920.41793523729,544.080666258931,1001.55314235389,1.52925924956799,0,0,0,0,0.4862300157547,0,0,655.609452143312,6.36003470420837,7.28071780502796,311.504792362452,302.486986070871,0,0,72.4960301816463,0,0,0,2023.10629484057,1.03525766730309,0,0,0,0,0,0,1.94086796045303,1056.26118248701,11.8510738611221,44.5822783708572,1180.77433541417,804.593692392111,0,0,405.777342200279,0,0,0,0,0,0,0,0,0,0,0,0,0,0,0,0,0,0,0,0,0,0,0,4299.28005875647,5356.64189867675,6.85625591874123,0,0.235746502876282,23.4946097433567,35.8492012917995,2077.76725058258,75.3932126164436,11.8510738611221,8007.2473217696,238.708790048957,2899.70219919086,372.240333765745,0,1.77528268098831,70.7448538988829,624.920976281166,10.1158955097198,31.751913189888,0,0,0,0,0.697619378566742,0,0,0,1.33492398262024,0,0,0,0,0,0,0.277351915836334,0,0,0,0,1208.62493349612,3024.40535762906,9.78535281121731,8.174650862813,0.230207741260529,65.5877774506807,475.614496737719,95.4089434146881,151.337432429194,44.5822783708572,238.708790048957,9429.17184625566,1728.08793851733,1945.27043624222,1.30103370547295,11.8269458860159,4918.74968829751,80.6927308887243,42.3813388645649,2655.21653014421,0,0,0,0,0,0,0,0,0,0,0,0,0,0,0,0,0,0,0,0,7153.1545381844,832.026345297694,1.64048683643341,0,0,8.14005774259567,27.8936038613319,13.6854984760284,14.0867859423161,1180.77433541417,2899.70219919086,1728.08793851733,5387.64603064954,2420.51470057666,0,0,1244.23766417801,7.14876854419708,3.00312900543213,10.2960705757141,11.7535583972931,6.57143101841211,0,0.466599643230438,0,248.550331786275,29.0327202230692,0,0.783343940973282,13.338153809309,0.451895847916603,10.0497787743807,0.376836270093918,2273.31057982147,0,0.659375429153442,82.2854240685701,0.832033023238182,9.42017263174057,2.6876362413168,3612.66898362339,564.430621728301,7.84715712070465,3.41350781917572,4.21479192376137,2969.22355386615,1866.53132599592,88.2732930332422,396.037831991911,804.593692392111,372.240333765745,1945.27043624222,2420.51470057666,12905.4983610958,0.218225032091141,16.3245887160301,5259.15534441173,22.7802204787731,98.3776272833347,56.1361961960793,0,1.21791854500771,57.3000942766666,9.218372002244,20.4179883599281,0.204325243830681,5.62511938810349,0.909318804740906,56.7680023908615,0,0,0,0,0,16.1961808651686,69.8067459017038,0,30.0098795741796,0.513674512505531,0,0.638688206672668,41.1909181177616,12836.1524271145,1595.08508217335,742.772092476487,7.42650462687016,331.130863636732,38.3838774263859,1109.00627192855,0,0,1.30103370547295,0,0.218225032091141,10623.8305171803,7346.6536443606,11.4451196342707,284.846727117896,33.1648862808943,52.1525533050299,0,48.4302221760154,203.950950466096,225.404078319669,498.266038149595,551.333020441234,368.577228531241,6.47765893489122,411.350026898086,0,1.70148669183254,1.98726677894592,0.119615480303764,0,196.560122549534,4626.28125084192,3.3912957534194,131.830647990108,60.441414527595,10.1220323443413,0.714831128716469,137.307228833437,991.950011909008,2051.09855113924,3702.15153884143,1287.29920746386,2671.84331927449,274.601736217737,2778.07014585286,0,1.77528268098831,11.8269458860159,0,16.3245887160301,7346.6536443606,15278.581955336,20.3505187481642,259.583746850491,746.315554976463,148.175997644663,0,0,0.235590979456902,0.203471586108208,0,0,0,0,1.17501735687256,0,0,0,0,0,0,0.226869776844978,0,0,6.84360894560814,0,305.011193618178,484.996062472463,30.6207513660192,28.9869786649942,0.171060010790825,89.4408633261919,4057.96568529308,81.8564042896032,264.431627765298,405.777342200279,70.7448538988829,4918.74968829751,1244.23766417801,5259.15534441173,11.4451196342707,20.3505187481642,9490.96521435678,30.5812981873751,156.708118855953,630.715420633554,0,0.486583471298218,7.39214344322681,5.15969721972942,12.24224203825,0,1.94525429606438,0,26.2805680930614,0,0,0,0,0,0.980587482452393,20.6939550191164,0,2.37581825256348,8.51432806253433,0,29.0802985578775,3486.1781142503,1625.70156915486,143.001525729895,218.378226801753,42.1643576323986,1262.75058481097,1444.00292670727,4407.53585258126,0,624.920976281166,80.6927308887243,7.14876854419708,22.7802204787731,284.846727117896,259.583746850491,30.5812981873751,1488.59786511958,437.524762913585,548.828599825501,0,12.853948906064,4.5528359413147,52.7672383487225,5.00964200496674,3.19207176566124,125.804257199168,185.880702421069,326.116337537766,0,10.4596441090107,0,0,3.98927187919617,4.81489492952824,116.553874202073,5.5546238720417,14.8598997443914,4603.53268167377,0.466272071003914,10.6504102945328,277.536033645272,82.8459950536489,177.280184060335,42.1170323640108,966.25638525188,2781.79016347229,1621.15652710199,3920.41793523729,0,10.1158955097198,42.3813388645649,3.00312900543213,98.3776272833347,33.1648862808943,746.315554976463,156.708118855953,437.524762913585,3322.3904132247,397.544514045119,0,0.962912052869797,5.41796194016933,1.09383378922939,2.63621407747269,0,1.8130012601614,0,1.20869271457195,0,0,0,0,0,0.528769299387932,6.71675287187099,0,0,2.52655363082886,0,17.7571938037872,2382.31539608538,160.871943220496,219.231574952602,11.3474994003773,54.6032361537218,6932.21118406951,279.1918091923,544.080666258931,0,31.751913189888,2655.21653014421,10.2960705757141,56.1361961960793,52.1525533050299,148.175997644663,630.715420633554,548.828599825501,397.544514045119,5960.84123045206
