8749.76497647166,725.76615832746,0,4.18717205524445,0.27143794298172,990.187071219087,190.588195450604,700.226126253605,18.900916531682,1263.87717422843,1774.79085326195,1130.2407104224,5179.7862251699,1985.20267355442,0,9.10194686055183,801.495153039694,53.4165165126324,88.8205923736095,100.901166468859,2561.58004829288,2.38523492217064,0,0,0,5.27683141827583,6.35564911365509,0,0,823.6609377563,1.30868995189667,4.75559759140015,1.435262799263,53.0651984363794,0,1.47445234656334,0,0,0,0,725.76615832746,36903.5479566306,1325.69992369413,19.7461902797222,4.50820700824261,695.626589417458,1546.54937957227,2610.57770551741,918.282695695758,2.3399216234684,4391.22275975347,2099.65565476567,633.123796224594,486.858297601342,1.19166931509972,92.0971472784877,364.294191122055,4381.45910453796,149.414572879672,4069.4286056757,0,11.453283905983,0,0,0,60.5737485438585,21.3817172348499,1.70936751365662,1.67758011817932,0,0,3.98644095659256,0,0,0,18.0874543264508,5.23120510578156,0,3.246013879776,2.97201082110405,0,1325.69992369413,12860.2801678628,1374.52634048462,2139.74159756303,4.06201879680157,3876.38125739992,377.361301779747,4821.84987211227,0,148.251448497176,2.12901830673218,0,0,9219.22885462642,2706.16373567283,5.16244441270828,3395.86604700983,23.9761678576469,47.0203465521336,0,0,19.4406142085791,17.7563764601946,84.8418708145618,2.82222002744675,4.5563817769289,0,69.2034735679626,0,0,0,0,0,1.44133923947811,112.74681892246,0,3.951744556427,0,1.30734968185425,4.18717205524445,19.7461902797222,1374.52634048462,3226.68577198684,998.768872007728,28.6472467780113,3605.9204544276,38.5436117351055,1253.75930470228,0,5.25203457474709,1.87525518238544,0,0.99353364109993,1986.65901134908,3040.33659858257,10.063438385725,390.426803946495,136.654190182686,100.610242560506,0,0.864736035466194,13.4846276864409,30.8270057812333,103.300320506096,12.2483331263065,40.6291292458773,10.9645326137543,68.9583477526903,0,0,2.74633955955505,0,1.29073810577393,5.88958884775639,507.803770616651,0,16.7093965560198,8.21651348471642,2.26344487816095,0.27143794298172,4.50820700824261,2139.74159756303,998.768872007728,2547.31432542205,553.072668969631,347.783612802625,15.8581437170506,2266.88690404594,0,0,0,0,0.315968930721283,791.309693142772,4159.42397877574,0.38029009103775,294.162237361073,160.145188257098,21.2091450840235,0,2.77502094209194,131.576536521316,175.047990888357,852.328243285418,52.292086943984,54.5431994795799,7.68079583346844,266.835351862013,0,0,0,0,0,122.507119566202,733.430948600173,0,56.2190221920609,8.29982815682888,3.44917438924313,990.187071219087,695.626589417458,4.06201879680157,28.6472467780113,553.072668969631,2708.94827191532,2876.68900183588,1041.53017774224,199.102588906884,4.07529440522194,112.82683584094,286.390726670623,20.8671320676804,2005.6261029914,0,2553.90679065883,341.992153868079,59.204258620739,763.677351847291,384.363290429115,2.07782852649689,5.39441432058811,0,0,24.8128717243671,596.050276204944,89.6207806020975,6.922034740448,20.226431235671,3.16951566934586,0,1.11757051944733,0,19.7270931005478,0,134.284146934748,1.87596309185028,0,21.1810707002878,1.14847314357758,190.588195450604,1546.54937957227,3876.38125739992,3605.9204544276,347.783612802625,2876.68900183588,17457.7029437497,615.390887826681,2782.3319697082,2.67525735497475,186.462000280619,807.948007665575,24.9327228963375,1423.63439512253,156.817702636123,2876.34262312949,3615.45576861501,1251.70302309841,1296.07165370882,6232.41630335152,0.492410033941269,48.5249632149935,2.78371299803257,17.8520875871181,59.9504036530852,524.602434948087,723.428923286498,23.8579014241695,121.482503533363,1.75027480721474,1.07852409780025,24.1481970846653,0.179200991988182,16.4540806859732,6.29463890194893,755.98890170455,14.0769408792257,14.5944097042084,63.7092620283365,63.6560536772013,700.226126253605,2610.57770551741,377.361301779747,38.5436117351055,15.8581437170506,1041.53017774224,615.390887826681,5083.44505767524,4192.81490585208,0.318795442581177,4052.93977592885,18.3124735057354,21.5430719256401,168.143498450518,1.57629531621933,181.299389451742,23.338141232729,2145.66050742567,1820.75909096003,187.809166416526,7.2132485806942,9.31888177990913,0,1.07769107818604,8.12998434901237,82.6833353489637,20.5027177035809,75.9566624760628,8.00700315833092,0,0,1.8286275267601,0,1.21106040477753,0,56.8084769621491,0.288139581680298,1.91244411468506,163.36882892251,1.07355499267578,18.900916531682,918.282695695758,4821.84987211227,1253.75930470228,2266.88690404594,199.102588906884,2782.3319697082,4192.81490585208,9789.04948617518,0.388893783092499,682.202569559216,16.9059177786112,0.157277390360832,27.3241468220949,345.535705581307,1263.82863841951,42.0893109738827,6682.00559705496,5455.44030943513,442.960857540369,3.43123829364777,165.4104501158,54.0410706549883,42.584988489747,827.240605376661,218.678493916988,504.174168914557,56.8467860221863,1178.3612960428,0,0.723867684602737,64.969848677516,4.35882651805878,6.87778478860855,25.1060183942318,633.654367513955,47.9353624135256,63.1959933787584,359.309216707945,165.096728056669,1263.87717422843,2.3399216234684,0,0,0,4.07529440522194,2.67525735497475,0.318795442581177,0.388893783092499,875.702459424734,3.80395033955574,68.9006599634886,1738.31998282671,598.703023374081,0,0,1642.65782481432,0,0,0.645236372947693,111.14990451932,0,0,0,0,0,0,0,0,856.676416561007,1.17488431930542,0,214.133931189775,79.4184279739857,0,0,3.23924458026886,0,0,0,1774.79085326195,4391.22275975347,148.251448497176,5.25203457474709,0,112.82683584094,186.462000280619,4052.93977592885,682.202569559216,3.80395033955574,3974.78770549595,516.185072973371,1623.54151850939,189.615533798933,1.67558294534683,21.9007186815143,63.7548326849937,1991.08041511476,94.2030751258135,139.963851243258,29.0959330052137,7.56418883800507,0,0,0.408090695738792,11.4168970733881,4.19985461235046,11.5955506563187,0,2.92905631661415,0,0,0,0,0,8.07555354386568,0,1.14107155799866,4.97770929336548,0.700417518615723,1130.2407104224,2099.65565476567,2.12901830673218,1.87525518238544,0,286.390726670623,807.948007665575,18.3124735057354,16.9059177786112,68.9006599634886,516.185072973371,10238.9193976671,1447.85220043361,1605.7456978038,0,22.5531123057008,2792.6677807495,46.8645151257515,23.7689940184355,2091.49991526455,5.07448509335518,0.179124489426613,0,0,0,19.0970896482468,5.0459937825799,0,0.46090379357338,24.230336368084,0,0,0,4.90962165594101,0,6.8659500926733,0,0,0,0,5179.7862251699,633.123796224594,0,0,0,20.8671320676804,24.9327228963375,21.5430719256401,0.157277390360832,1738.31998282671,1623.54151850939,1447.85220043361,6941.07234415412,455.081232324243,0,1.31269863992929,1379.72277730703,6.3544647693634,0,13.5580493658781,189.083064138889,0,0,0,0,0.231630519032478,0,0,0,275.68060195446,0,0,0,18.7537954747677,0,0,0,0,0,0,1985.20267355442,486.858297601342,0,0.99353364109993,0.315968930721283,2005.6261029914,1423.63439512253,168.143498450518,27.3241468220949,598.703023374081,189.615533798933,1605.7456978038,455.081232324243,9368.73671279103,0,48.0608706772327,6239.62811377645,20.2872471362352,191.143020778894,338.634835168719,12.193139731884,0.555476829409599,0,0,0.221268609166145,41.6903296411037,13.9562325924635,0.789246380329132,0,190.666619479656,0,1.09643250703812,0,416.391389250755,0,6.09126176685095,0,0,0,0.13225294649601,0,1.19166931509972,9219.22885462642,1986.65901134908,791.309693142772,0,156.817702636123,1.57629531621933,345.535705581307,0,1.67558294534683,0,0,0,9902.96226477623,5516.41204074025,1.95550721883774,286.387628823519,13.2262476831675,4.79132387042046,0,0,8.68033984303474,5.86588500440121,34.1808790713549,1.02708041667938,1.14966370165348,2.87286305427551,7.58464500308037,0,0,0,0,0,5.0124077796936,48.9383916556835,0,1.51582464575768,0,0.915088474750519,9.10194686055183,92.0971472784877,2706.16373567283,3040.33659858257,4159.42397877574,2553.90679065883,2876.34262312949,181.299389451742,1263.82863841951,0,21.9007186815143,22.5531123057008,1.31269863992929,48.0608706772327,5516.41204074025,14577.456077069,32.0603786632419,452.47903188318,748.077774599195,207.063417084515,0,20.0647839009762,37.960016168654,85.0208817943931,434.683666244149,411.862437941134,231.191505812109,46.6185869500041,190.95927760005,0,0,9.84865990281105,1.66837683320045,4.83443385362625,33.4637199491262,1930.9226257354,10.8387653678656,39.3187545090914,56.4078703522682,32.0890829190612,801.495153039694,364.294191122055,5.16244441270828,10.063438385725,0.38029009103775,341.992153868079,3615.45576861501,23.338141232729,42.0893109738827,1642.65782481432,63.7548326849937,2792.6677807495,1379.72277730703,6239.62811377645,1.95550721883774,32.0603786632419,5453.55016873777,45.0022933036089,54.8235070556402,643.875094644725,25.2905271947384,0,0,0,1.07131326198578,30.6503480821848,18.4664371758699,0,0.406462103128433,180.192579880357,0,7.7172600030899,0,100.760687828064,0,13.8021150827408,0.585696995258331,0.561136305332184,3.01972818374634,5.82314419746399,53.4165165126324,4381.45910453796,3395.86604700983,390.426803946495,294.162237361073,59.204258620739,1251.70302309841,2145.66050742567,6682.00559705496,0,1991.08041511476,46.8645151257515,6.3544647693634,20.2872471362352,286.387628823519,452.47903188318,45.0022933036089,3484.82414856553,422.910537168384,167.013572201133,0,3.01256507635117,4.04764187335968,9.44544246792793,21.1942814290524,32.3124251961708,23.359689719975,4.12231719493866,22.3944578915834,0,0,0.978085920214653,1.38848054409027,0,5.7008016705513,106.735941015184,2.11093005537987,2.84001040458679,3.43463093042374,6.85546457767487,88.8205923736095,149.414572879672,23.9761678576469,136.654190182686,160.145188257098,763.677351847291,1296.07165370882,1820.75909096003,5455.44030943513,0,94.2030751258135,23.7689940184355,0,191.143020778894,13.2262476831675,748.077774599195,54.8235070556402,422.910537168384,2939.6851824224,285.617699757218,4.40540951490402,49.945135653019,0,2.67269696295261,6.74604111909866,358.743992522359,105.667497813702,587.406260594726,628.469921499491,0,0,6.1322111338377,0.262439996004105,26.9108024537563,0,230.176438078284,7.44988334178925,0.168948620557785,6039.04694423079,21.8579147607088,100.901166468859,4069.4286056757,47.0203465521336,100.610242560506,21.2091450840235,384.363290429115,6232.41630335152,187.809166416526,442.960857540369,0.645236372947693,139.963851243258,2091.49991526455,13.5580493658781,338.634835168719,4.79132387042046,207.063417084515,643.875094644725,167.013572201133,285.617699757218,4798.28749397397,0,13.5988208204508,0,3.89850468933582,2.16658002138138,84.6688005924225,68.3786286637187,5.97629715502262,15.9131662175059,0,0,10.9123940467834,0.568497598171234,4.57136100530624,0,131.380550727248,2.59613305330276,5.32180029153824,23.3553561717272,14.0462682247162,2561.58004829288,0,0,0,0,2.07782852649689,0.492410033941269,7.2132485806942,3.43123829364777,111.14990451932,29.0959330052137,5.07448509335518,189.083064138889,12.193139731884,0,0,25.2905271947384,0,4.40540951490402,0,10366.8324449956,268.345349818468,1.43304812908173,0,0,810.674291431904,91.3839233070612,941.016241729259,6.05680280923843,2932.25024074316,1621.93487386405,1932.43139702082,8100.41652278602,3318.5546399653,0,6.0268160700798,549.027896746993,10.4980761557817,12.5586860924959,44.1169802695513,2.38523492217064,11.453283905983,0,0.864736035466194,2.77502094209194,5.39441432058811,48.5249632149935,9.31888177990913,165.4104501158,0,7.56418883800507,0.179124489426613,0,0.555476829409599,0,20.0647839009762,0,3.01256507635117,49.945135653019,13.5988208204508,268.345349818468,31766.1010359824,261.601395189762,35.7439961880445,9.63892079889774,484.795964539051,2421.1245188117,5146.82992343605,1113.06178556383,2.5823862850666,3031.12498295307,3662.50002714992,292.304303616285,279.157304480672,2.44178409874439,302.573052756488,237.060131065547,3506.53626701236,484.530809760094,2375.13347969949,0,0,19.4406142085791,13.4846276864409,131.576536521316,0,2.78371299803257,0,54.0410706549883,0,0,0,0,0,8.68033984303474,37.960016168654,0,4.04764187335968,0,0,1.43304812908173,261.601395189762,11640.7591948062,717.87033777684,1704.49589447677,1.19898217916489,3239.32750076056,272.438629984856,5435.01833409071,0,32.4059221148491,5.4988948404789,0,0,11132.8442244977,1824.33837697655,0,3656.78987693787,21.4115462303162,23.7776814699173,0,0,17.7563764601946,30.8270057812333,175.047990888357,0,17.8520875871181,1.07769107818604,42.584988489747,0,0,0,0,0,5.86588500440121,85.0208817943931,0,9.44544246792793,2.67269696295261,3.89850468933582,0,35.7439961880445,717.87033777684,2364.78321184218,561.115495078266,16.3528329432011,2193.55524097383,49.6409655585885,1173.52909892052,0,0.74285364151001,9.30280670523643,2.03644728660583,0,1060.27484305948,2744.3332509622,4.21925859153271,398.042257606983,127.552530385554,92.0330420285463,0,0,84.8418708145618,103.300320506096,852.328243285418,24.8128717243671,59.9504036530852,8.12998434901237,827.240605376661,0,0.408090695738792,0,0,0.221268609166145,34.1808790713549,434.683666244149,1.07131326198578,21.1942814290524,6.74604111909866,2.16658002138138,0,9.63892079889774,1704.49589447677,561.115495078266,2252.77005414665,554.068731844425,224.694904915988,33.3415750265121,2572.0370047316,0,0,0.801488026976585,0,1.54870438575745,856.612900599837,4277.37000382692,0.155310615897179,486.684724092484,54.4653269201517,21.3492614030838,5.27683141827583,60.5737485438585,2.82222002744675,12.2483331263065,52.292086943984,596.050276204944,524.602434948087,82.6833353489637,218.678493916988,0,11.4168970733881,19.0970896482468,0.231630519032478,41.6903296411037,1.02708041667938,411.862437941134,30.6503480821848,32.3124251961708,358.743992522359,84.6688005924225,810.674291431904,484.795964539051,1.19898217916489,16.3528329432011,554.068731844425,2648.18344254792,1918.61226274073,1964.27608735859,203.69197383523,2.52527183294296,77.9134034663439,605.630569174886,129.77285297215,2616.04458528757,0,1965.81231932342,248.123658359051,73.8152583986521,765.086332187057,338.180359505117,6.35564911365509,21.3817172348499,4.5563817769289,40.6291292458773,54.5431994795799,89.6207806020975,723.428923286498,20.5027177035809,504.174168914557,0,4.19985461235046,5.0459937825799,0,13.9562325924635,1.14966370165348,231.191505812109,18.4664371758699,23.359689719975,105.667497813702,68.3786286637187,91.3839233070612,2421.1245188117,3239.32750076056,2193.55524097383,224.694904915988,1918.61226274073,14522.0934869349,423.893234394491,3299.45310816914,1.52793988585472,25.9934501796961,1167.06255763769,44.2995253279805,2050.32906799763,316.441694408655,2483.76929431409,4125.33453387767,1430.52091792226,1345.71581936628,4824.15048485249,0,1.70936751365662,0,10.9645326137543,7.68079583346844,6.922034740448,23.8579014241695,75.9566624760628,56.8467860221863,0,11.5955506563187,0,0,0.789246380329132,2.87286305427551,46.6185869500041,0,4.12231719493866,587.406260594726,5.97629715502262,941.016241729259,5146.82992343605,272.438629984856,49.6409655585885,33.3415750265121,1964.27608735859,423.893234394491,7681.87512351573,4241.7623129636,4.436857894063,4161.75094982982,197.119418919086,119.520332813263,423.221014633775,6.09126749634743,590.313199050725,20.955809533596,2013.65920874476,3207.41460332274,170.230833880603,0,1.67758011817932,69.2034735679626,68.9583477526903,266.835351862013,20.226431235671,121.482503533363,8.00700315833092,1178.3612960428,0,0,0.46090379357338,0,0,7.58464500308037,190.95927760005,0.406462103128433,22.3944578915834,628.469921499491,15.9131662175059,6.05680280923843,1113.06178556383,5435.01833409071,1173.52909892052,2572.0370047316,203.69197383523,3299.45310816914,4241.7623129636,10201.371033065,0,92.9661342054605,75.3307824283838,10.1822148561478,17.601644307375,688.48183208704,2205.71429985762,41.9213163629174,6099.04433296621,6098.00241690129,575.508379518986,823.6609377563,0,0,0,0,3.16951566934586,1.75027480721474,0,0,856.676416561007,2.92905631661415,24.230336368084,275.68060195446,190.666619479656,0,0,180.192579880357,0,0,0,2932.25024074316,2.5823862850666,0,0,0,2.52527183294296,1.52793988585472,4.436857894063,0,1888.62695175409,70.7468991726637,49.0767922103405,2103.88342930377,1618.13099579513,0,0,635.052900284529,0,0,0,1.30868995189667,0,0,0,0,0,1.07852409780025,0,0.723867684602737,1.17488431930542,0,0,0,0,0,0,0,0,0,0,1621.93487386405,3031.12498295307,32.4059221148491,0.74285364151001,0,77.9134034663439,25.9934501796961,4161.75094982982,92.9661342054605,70.7468991726637,3649.48324659467,300.223142921925,2797.72867405415,191.39000351727,0,10.032060585916,60.8314187526703,500.929520621896,12.7119797617197,18.6492161154747,4.75559759140015,3.98644095659256,0,2.74633955955505,0,1.11757051944733,24.1481970846653,1.8286275267601,64.969848677516,0,0,0,0,1.09643250703812,0,9.84865990281105,7.7172600030899,0.978085920214653,6.1322111338377,10.9123940467834,1932.43139702082,3662.50002714992,5.4988948404789,9.30280670523643,0.801488026976585,605.630569174886,1167.06255763769,197.119418919086,75.3307824283838,49.0767922103405,300.223142921925,9968.72546897829,1364.6394944936,1874.6668638885,0,118.489645600319,2167.9880489856,155.843604892492,75.4624467343092,2080.79536989331,1.435262799263,0,0,0,0,0,0.179200991988182,0,4.35882651805878,214.133931189775,0,0,0,0,0,1.66837683320045,0,1.38848054409027,0.262439996004105,0.568497598171234,8100.41652278602,292.304303616285,0,2.03644728660583,0,129.77285297215,44.2995253279805,119.520332813263,10.1822148561478,2103.88342930377,2797.72867405415,1364.6394944936,5816.03502371907,1059.87677927315,0.220997616648674,6.28235553950071,942.992583423853,17.636557623744,7.80748416483402,19.8627641797066,53.0651984363794,0,0,1.29073810577393,0,19.7270931005478,16.4540806859732,1.21106040477753,6.87778478860855,79.4184279739857,0,4.90962165594101,18.7537954747677,416.391389250755,0,4.83443385362625,100.760687828064,0,26.9108024537563,4.57136100530624,3318.5546399653,279.157304480672,0,0,1.54870438575745,2616.04458528757,2050.32906799763,423.221014633775,17.601644307375,1618.13099579513,191.39000351727,1874.6668638885,1059.87677927315,9366.79707060754,0,92.5925382301211,4677.07921160758,16.036123842001,63.7215653210878,177.321091786027,0,0,1.44133923947811,5.88958884775639,122.507119566202,0,6.29463890194893,0,25.1060183942318,0,0,0,0,0,5.0124077796936,33.4637199491262,0,5.7008016705513,0,0,0,2.44178409874439,11132.8442244977,1060.27484305948,856.612900599837,0,316.441694408655,6.09126749634743,688.48183208704,0,0,0,0.220997616648674,0,10021.1568225026,5744.81641102582,0,596.627504184842,17.0742279738188,10.0843903422356,1.47445234656334,18.0874543264508,112.74681892246,507.803770616651,733.430948600173,134.284146934748,755.98890170455,56.8084769621491,633.654367513955,0,8.07555354386568,6.8659500926733,0,6.09126176685095,48.9383916556835,1930.9226257354,13.8021150827408,106.735941015184,230.176438078284,131.380550727248,6.0268160700798,302.573052756488,1824.33837697655,2744.3332509622,4277.37000382692,1965.81231932342,2483.76929431409,590.313199050725,2205.71429985762,0,10.032060585916,118.489645600319,6.28235553950071,92.5925382301211,5744.81641102582,14671.4284218103,57.8179259300232,666.519222252071,1117.41222383827,450.527512840927,0,5.23120510578156,0,0,0,1.87596309185028,14.0769408792257,0.288139581680298,47.9353624135256,3.23924458026886,0,0,0,0,0,10.8387653678656,0.585696995258331,2.11093005537987,7.44988334178925,2.59613305330276,549.027896746993,237.060131065547,0,4.21925859153271,0.155310615897179,248.123658359051,4125.33453387767,20.955809533596,41.9213163629174,635.052900284529,60.8314187526703,2167.9880489856,942.992583423853,4677.07921160758,0,57.8179259300232,4680.60166856647,38.5549488812685,53.9376998692751,493.976977720857,0,0,3.951744556427,16.7093965560198,56.2190221920609,0,14.5944097042084,1.91244411468506,63.1959933787584,0,1.14107155799866,0,0,0,1.51582464575768,39.3187545090914,0.561136305332184,2.84001040458679,0.168948620557785,5.32180029153824,10.4980761557817,3506.53626701236,3656.78987693787,398.042257606983,486.684724092484,73.8152583986521,1430.52091792226,2013.65920874476,6099.04433296621,0,500.929520621896,155.843604892492,17.636557623744,16.036123842001,596.627504184842,666.519222252071,38.5549488812685,3913.28199678659,449.662682637572,375.206699490547,0,3.246013879776,0,8.21651348471642,8.29982815682888,21.1810707002878,63.7092620283365,163.36882892251,359.309216707945,0,4.97770929336548,0,0,0,0,56.4078703522682,3.01972818374634,3.43463093042374,6039.04694423079,23.3553561717272,12.5586860924959,484.530809760094,21.4115462303162,127.552530385554,54.4653269201517,765.086332187057,1345.71581936628,3207.41460332274,6098.00241690129,0,12.7119797617197,75.4624467343092,7.80748416483402,63.7215653210878,17.0742279738188,1117.41222383827,53.9376998692751,449.662682637572,2790.87869371474,409.252946943045,0,2.97201082110405,1.30734968185425,2.26344487816095,3.44917438924313,1.14847314357758,63.6560536772013,1.07355499267578,165.096728056669,0,0.700417518615723,0,0,0.13225294649601,0.915088474750519,32.0890829190612,5.82314419746399,6.85546457767487,21.8579147607088,14.0462682247162,44.1169802695513,2375.13347969949,23.7776814699173,92.0330420285463,21.3492614030838,338.180359505117,4824.15048485249,170.230833880603,575.508379518986,0,18.6492161154747,2080.79536989331,19.8627641797066,177.321091786027,10.0843903422356,450.527512840927,493.976977720857,375.206699490547,409.252946943045,4438.31060195714
