9711.17899700999,913.911162868142,0,4.76655200123787,0,298.233334138989,163.484141744673,1967.80792972445,21.570955529809,2733.77429404855,2490.27307489514,560.71702760458,8141.31452833116,2777.11507342756,0,9.3842771500349,592.093721911311,77.5297156125307,502.40275067091,82.8125983476639,2935.76021659374,0,0.295737475156784,0,0,0,6.38824947178364,0,0,1126.64621344209,0,0,0,5.88556089997292,0,2.13040879368782,0,0,0,0.1766636967659,913.911162868142,33193.1933081821,902.12018185854,342.557388678193,48.2416795045137,317.738223128021,3799.36409197003,2659.54634666443,1161.98735816777,5.02031476795673,5123.72547411919,2950.99371796101,523.165300384164,476.894427150488,41.1130668520927,273.347593188286,218.73182195425,5607.78461998701,252.757291465998,2967.34561125934,0.246875628829002,0.437926918268204,1.2775701880455,4.57684837281704,10.0412285625935,5.56643821299076,30.6761346012354,2.30063399672508,30.06758646667,0,0,0,0,1.18498599529266,0,37.9760508835316,0.434881597757339,1.99320474267006,23.8371052145958,3.32894504070282,0,902.12018185854,15780.2433046997,1717.42868886143,1602.42009188235,5.2043334543705,893.711967989802,626.822353973985,4060.88536023349,0,155.654557228088,0,0,0.215480268001556,11231.8763928786,2332.65396984667,1.49022859334946,1925.06223525107,7.06732048094273,11.2365364730358,0,4.34951943159103,10.6319309920073,29.810979321599,115.197285756469,1.35513931512833,8.31484307348728,2.26327222585678,123.915222078562,0,0,0,0,0,9.75627991557121,96.8185707181692,0,13.7168532311916,5.77143004536629,0,4.76655200123787,342.557388678193,1717.42868886143,3654.12427349389,187.404262393713,12.1127447783947,3242.5795378834,76.151625931263,1304.19113223255,0,2.70415854454041,15.958255186677,0.891355037689209,15.3891728073359,1379.32516942918,2556.15166396648,81.0175624191761,626.212933406234,64.205452054739,413.648583367467,0.398862242698669,4.82927487790585,19.2460284233093,25.5486735403538,49.8523524105549,9.18717482686043,52.4403539299965,5.0795514434576,86.5774482786655,0,0,0.820641040802002,0,0.856465309858322,10.1412476599216,131.358410604298,2.59798143804073,4.90739937126637,54.8406677991152,11.1839343607426,0,48.2416795045137,1602.42009188235,187.404262393713,1486.89956645668,1351.10773348808,146.969032406807,17.0464045852423,3796.21909323335,0,0,0.186930447816849,0,4.75584352016449,545.580363944173,2869.64733937383,1.77179545164108,288.856254726648,12.6025626510382,3.93503758311272,0,2.80591107904911,43.7489103525877,43.8393617123365,864.737189501524,159.662430405617,48.5466218739748,4.19667530059814,721.793395996094,0,0,0.80090868473053,0,0,7.16237226128578,384.435510315001,0,15.5561764389277,15.1809824705124,3.20531810820103,298.233334138989,317.738223128021,5.2043334543705,12.1127447783947,1351.10773348808,5232.41401107609,1751.19439470768,593.668577879667,382.026872888207,5.17056646943092,29.4747059494257,280.679556131363,55.1883691251278,2080.7992959097,2.77000086009502,709.938176549971,427.099176049232,94.5896192491055,1837.42762194574,180.49996779114,0.914654612541199,5.12131401896477,2.99751958250999,32.2669143080711,65.0531172007322,373.530145160854,330.202423095703,33.6587046384811,146.64399766922,0,0,7.25027416646481,0,4.79042312502861,6.95708735287189,339.843930803239,7.42850250005722,4.497668877244,103.736926913261,29.4104817211628,163.484141744673,3799.36409197003,893.711967989802,3242.5795378834,146.969032406807,1751.19439470768,22122.908216022,755.281386122108,2682.86878820509,1.13111546635628,58.778052970767,615.622650116682,95.6844145283103,1307.73666518182,133.634983502328,2209.22427614778,2210.8740555048,2969.90782608092,2541.24115046114,4091.72936219722,0.725311413407326,9.41822724789381,6.96208593249321,46.644590549171,47.6641972661018,144.238429322839,1050.03239317238,34.6289068460464,125.738675549626,0,0.410075858235359,10.0789972543716,1.21432533860207,42.0442215949297,4.19679734110832,254.390577420592,5.61212731897831,6.95275193452835,410.644440099597,63.3407964259386,1967.80792972445,2659.54634666443,626.822353973985,76.151625931263,17.0464045852423,593.668577879667,755.281386122108,5784.55099359155,3688.81601935625,0.41044482588768,2580.95331075788,61.4847975224257,24.783468991518,321.135041877627,3.48075230419636,200.075629465282,35.200602799654,2351.48574759066,1664.36982558668,190.947728514671,0,2.09362840652466,1.81041085720062,3.61474357545376,0,18.4959836900234,41.3857752233744,38.6751324832439,20.0692218542099,0,0,0,0,1.48109215497971,0,29.2341178506613,0.422753572463989,0,152.555396109819,2.30922377109528,21.570955529809,1161.98735816777,4060.88536023349,1304.19113223255,3796.21909323335,382.026872888207,2682.86878820509,3688.81601935625,13009.7377253026,0,300.772535279393,57.1297427415848,4.41936832666397,74.6904295384884,693.112495437264,2479.0664415732,135.011289060116,5731.88979275525,6179.22835458815,330.990340694785,0,4.1495149731636,49.4793947413564,57.8680008202791,1803.04411527514,53.5051059052348,203.212477520108,34.4408244490623,1429.11798605323,0,0,6.03296452760696,0,6.9767199754715,14.0785036534071,423.665511891246,0.623832523822784,11.3821102529764,399.165845260024,23.3746100738645,2733.77429404855,5.02031476795673,0,0,0,5.17056646943092,1.13111546635628,0.41044482588768,0,1388.40235768259,127.718974083662,345.995748698711,3508.49790889025,855.153680980206,0,0,1188.96970567107,0.208382546901703,0,0.68230789899826,275.273436427116,0,0,0,0,0,0,0,0,913.332697838545,0,0,0,2.99968183040619,0,0,0,0,0,0,2490.27307489514,5123.72547411919,155.654557228088,2.70415854454041,0,29.4747059494257,58.778052970767,2580.95331075788,300.772535279393,127.718974083662,6867.37117324769,256.434912249446,1517.04973135889,316.544386982918,0,4.34908586740494,80.7949574887753,1343.85292083025,95.062014400959,34.0476323366165,39.1810933351517,0,0,0,0,0,3.13364624977112,0,1.00334778428078,11.5136664658785,0,0,0,0.210212007164955,0,0,0,0,0.143000677227974,0,560.71702760458,2950.99371796101,0,15.958255186677,0.186930447816849,280.679556131363,615.622650116682,61.4847975224257,57.1297427415848,345.995748698711,256.434912249446,8947.79105748236,1886.30979113281,1586.85401415825,0.438639998435974,12.4869891554117,2521.15617311746,158.539550349116,110.445497721434,2773.35097397864,3.20570994913578,0,0,0,0.749741196632385,2.46913380175829,15.7829686254263,0,0.350969165563583,5.49170999228954,0,0,0,1.86318480968475,0,2.19901166111231,0,0,17.1760416179895,0.941198438405991,8141.31452833116,523.165300384164,0,0.891355037689209,0,55.1883691251278,95.6844145283103,24.783468991518,4.41936832666397,3508.49790889025,1517.04973135889,1886.30979113281,8233.05970928073,1716.34369443357,0,2.8058827072382,1588.55949869752,13.457322537899,21.4263111352921,35.5153133422136,508.879196360707,0,0,0,0,0,5.65483191609383,0.174229055643082,0,333.551937431097,0,0,0,2.67714945971966,0,0,0,0,0,0,2777.11507342756,476.894427150488,0.215480268001556,15.3891728073359,4.75584352016449,2080.7992959097,1307.73666518182,321.135041877627,74.6904295384884,855.153680980206,316.544386982918,1586.85401415825,1716.34369443357,8521.58670464903,0,29.216009914875,5683.2497677505,70.8253001868725,458.91916833818,433.692278914154,131.259321987629,0,0,1.52543902397156,1.34241008758545,6.46014353632927,87.7377219349146,0,0.899155139923096,117.898802161217,0,1.58538530766964,0,60.7128921747208,0,1.90938716381788,0,0,18.2699586898088,0.445588752627373,0,41.1130668520927,11231.8763928786,1379.32516942918,545.580363944173,2.77000086009502,133.634983502328,3.48075230419636,693.112495437264,0,0,0.438639998435974,0,0,8171.69999741018,4375.33617772907,0.844147503376007,427.795029371977,1.37279668450356,6.22249890863895,0,2.09717121720314,2.65715762972832,7.77996903657913,26.5332582294941,0,7.29701529443264,0.835918009281158,13.4142491966486,0,0,0,0,0,3.62871477007866,48.0705852657557,0,0.173172548413277,3.41628992557526,0,9.3842771500349,273.347593188286,2332.65396984667,2556.15166396648,2869.64733937383,709.938176549971,2209.22427614778,200.075629465282,2479.0664415732,0,4.34908586740494,12.4869891554117,2.8058827072382,29.216009914875,4375.33617772907,13089.3705173507,106.402757257223,604.313531443477,296.794747546315,149.723813176155,0.283753573894501,29.8813493177295,48.5229126140475,238.509799621999,446.174034029245,323.073404870927,554.675263382494,78.8107034936547,502.012529022992,0,2.46397535502911,6.61517795920372,1.81847466528416,5.21055214107037,41.140086427331,1451.15761739761,7.62378613650799,56.5769070163369,156.798732407391,67.65300642699,592.093721911311,218.73182195425,1.49022859334946,81.0175624191761,1.77179545164108,427.099176049232,2210.8740555048,35.200602799654,135.011289060116,1188.96970567107,80.7949574887753,2521.15617311746,1588.55949869752,5683.2497677505,0.844147503376007,106.402757257223,5957.94122006744,59.890537917614,313.065685376525,1261.74853870273,29.9902614057064,0,0,0.187929332256317,0,15.6503711938858,22.8409586548805,0,2.3889054954052,58.3279157876968,0,0,0,0,0,1.98692391812801,0,0,44.9502587020397,0.45872887969017,77.5297156125307,5607.78461998701,1925.06223525107,626.212933406234,288.856254726648,94.5896192491055,2969.90782608092,2351.48574759066,5731.88979275525,0.208382546901703,1343.85292083025,158.539550349116,13.457322537899,70.8253001868725,427.795029371977,604.313531443477,59.890537917614,2096.09530162811,227.675151154399,784.808684960008,0,1.31943099200726,0.423301070928574,13.2660481035709,32.922251150012,5.46078678965569,17.5368481278419,5.12913571298122,40.5052955448627,0,0,0,0,0,1.76745772361755,80.3448044359684,0.677725583314896,2.08435356616974,24.7235218584538,1.83594760298729,502.40275067091,252.757291465998,7.06732048094273,64.205452054739,12.6025626510382,1837.42762194574,2541.24115046114,1664.36982558668,6179.22835458815,0,95.062014400959,110.445497721434,21.4263111352921,458.91916833818,1.37279668450356,296.794747546315,313.065685376525,227.675151154399,3470.89319677651,391.298275321722,1.69327676296234,6.73678290843964,1.11476826667786,9.95441345870495,4.29867920279503,693.82313361764,225.220954291523,642.492045864463,1112.35496497154,0,0,4.71337966620922,0,7.41699880361557,0.50671261548996,53.8868140131235,10.8232257962227,2.00093480944633,5763.09224142134,23.3320984691381,82.8125983476639,2967.34561125934,11.2365364730358,413.648583367467,3.93503758311272,180.49996779114,4091.72936219722,190.947728514671,330.990340694785,0.68230789899826,34.0476323366165,2773.35097397864,35.5153133422136,433.692278914154,6.22249890863895,149.723813176155,1261.74853870273,784.808684960008,391.298275321722,4311.17583162338,0,0,0.452128946781158,3.99986782670021,2.687660202384,21.568256855011,62.1179485470057,2.14548875391483,10.4821910560131,0.22464556992054,0,0.166568636894226,0.175830289721489,2.04517278075218,0,19.1142110526562,0.441242665052414,0,65.7501676380634,7.03239999711514,2935.76021659374,0.246875628829002,0,0.398862242698669,0,0.914654612541199,0.725311413407326,0,0,275.273436427116,39.1810933351517,3.20570994913578,508.879196360707,131.259321987629,0,0.283753573894501,29.9902614057064,0,1.69327676296234,0,15581.4464947432,93.3959920778871,1.95538631081581,6.7786930501461,0,407.101188525558,109.422773763537,1039.94512888789,2.88906535506248,4348.4279473573,4341.3156811446,439.616975009441,6304.70442640781,3463.29693999887,1.49897801876068,0,189.614174216986,29.6779777705669,116.840796038508,49.0975127667189,0,0.437926918268204,4.34951943159103,4.82927487790585,2.80591107904911,5.12131401896477,9.41822724789381,2.09362840652466,4.1495149731636,0,0,0,0,0,2.09717121720314,29.8813493177295,0,1.31943099200726,6.73678290843964,0,93.3959920778871,32980.7337424159,1244.08479194343,184.344833612442,65.1582470014691,187.839877143502,2840.93047575653,5685.25537660718,732.266243450344,5.25534206628799,6409.27063062042,2534.16724538803,867.492236755788,381.660050094128,177.100977420807,197.616057574749,351.096826009452,4156.72636463493,443.062798172235,2638.12126919627,0.295737475156784,1.2775701880455,10.6319309920073,19.2460284233093,43.7489103525877,2.99751958250999,6.96208593249321,1.81041085720062,49.4793947413564,0,0,0,0,0,2.65715762972832,48.5229126140475,0,0.423301070928574,1.11476826667786,0.452128946781158,1.95538631081581,1244.08479194343,13627.7053242028,1180.43201547861,1988.91395145655,8.17938831448555,1392.45328208804,251.116541519761,5554.62899079174,0,9.31370538473129,10.6395684927702,0.206092223525047,10.5673804879189,9492.82902371883,1702.96476640552,36.4495782703161,1992.65597389638,54.8455874323845,63.8282989710569,0,4.57684837281704,29.810979321599,25.5486735403538,43.8393617123365,32.2669143080711,46.644590549171,3.61474357545376,57.8680008202791,0,0,0,0,1.52543902397156,7.77996903657913,238.509799621999,0.187929332256317,13.2660481035709,9.95441345870495,3.99986782670021,6.7786930501461,184.344833612442,1180.43201547861,2835.99243356287,645.196071043611,43.0875074565411,1743.05473734438,316.308845922351,1609.68378803134,0,11.1981020569801,48.1349614262581,5.17973892390728,44.4221522510052,1544.57621049881,1596.44579318166,103.738422468305,558.080385386944,326.265270739794,247.634655982256,0,10.0412285625935,115.197285756469,49.8523524105549,864.737189501524,65.0531172007322,47.6641972661018,0,1803.04411527514,0,0,0.749741196632385,0,1.34241008758545,26.5332582294941,446.174034029245,0,32.922251150012,4.29867920279503,2.687660202384,0,65.1582470014691,1988.91395145655,645.196071043611,2598.5610306859,1820.3069036901,169.162624612451,33.5691059082747,3761.01069149375,0,0,0,0,5.96037834882736,1072.6725704968,4293.39873874187,2.58127231895924,212.308219864964,236.600824460387,15.5851072967052,0,5.56643821299076,1.35513931512833,9.18717482686043,159.662430405617,373.530145160854,144.238429322839,18.4959836900234,53.5051059052348,0,0,2.46913380175829,0,6.46014353632927,0,323.073404870927,15.6503711938858,5.46078678965569,693.82313361764,21.568256855011,407.101188525558,187.839877143502,8.17938831448555,43.0875074565411,1820.3069036901,4101.94212000072,3505.02661103755,2514.63681943715,352.028336390853,24.8844559341669,88.0342575162649,97.5797142535448,48.8576014339924,2422.86200366914,2.60105466842651,1235.17611338943,288.07422786206,62.9106498658657,2759.53990960121,181.596243023872,6.38824947178364,30.6761346012354,8.31484307348728,52.4403539299965,48.5466218739748,330.202423095703,1050.03239317238,41.3857752233744,203.212477520108,0,3.13364624977112,15.7829686254263,5.65483191609383,87.7377219349146,7.29701529443264,554.675263382494,22.8409586548805,17.5368481278419,225.220954291523,62.1179485470057,109.422773763537,2840.93047575653,1392.45328208804,1743.05473734438,169.162624612451,3505.02661103755,14765.5993218347,1220.52983881533,1861.15124367177,8.15138407051563,198.097743824124,706.196874633431,188.329267181456,2424.88857915998,173.241678744555,1412.82863174379,1811.88643677533,1967.5625667423,3534.18040748686,5775.07265572995,0,2.30063399672508,2.26327222585678,5.0795514434576,4.19667530059814,33.6587046384811,34.6289068460464,38.6751324832439,34.4408244490623,0,0,0,0.174229055643082,0,0.835918009281158,78.8107034936547,0,5.12913571298122,642.492045864463,2.14548875391483,1039.94512888789,5685.25537660718,251.116541519761,316.308845922351,33.5691059082747,2514.63681943715,1220.52983881533,6628.35643808544,4926.2959561944,0,4024.51028375328,65.6569134742022,81.3584215641022,316.94560495019,26.7353747189045,303.988867349923,107.235298216343,2041.93346224725,4547.0992436707,392.23775139451,0,30.06758646667,123.915222078562,86.5774482786655,721.793395996094,146.64399766922,125.738675549626,20.0692218542099,1429.11798605323,0,1.00334778428078,0.350969165563583,0,0.899155139923096,13.4142491966486,502.012529022992,2.3889054954052,40.5052955448627,1112.35496497154,10.4821910560131,2.88906535506248,732.266243450344,5554.62899079174,1609.68378803134,3761.01069149375,352.028336390853,1861.15124367177,4926.2959561944,11050.7924392372,0,170.349698185921,68.799270644784,6.93657617270947,40.7164762020111,1756.808696419,2124.46994146705,55.1509352326393,4976.44152030349,6603.13283653557,370.065173074603,1126.64621344209,0,0,0,0,0,0,0,0,913.332697838545,11.5136664658785,5.49170999228954,333.551937431097,117.898802161217,0,0,58.3279157876968,0,0,0.22464556992054,4348.4279473573,5.25534206628799,0,0,0,24.8844559341669,8.15138407051563,0,0,1969.9432798177,79.4557012543082,47.4337795078754,1934.34277744591,1312.18606574833,0,0,669.151959717274,4.84514965116978,0.198258027434349,4.58727976679802,0,0,0,0,0,0,0.410075858235359,0,0,0,0,0,0,0,0,2.46397535502911,0,0,0,0,4341.3156811446,6409.27063062042,9.31370538473129,11.1981020569801,0,88.0342575162649,198.097743824124,4024.51028375328,170.349698185921,79.4557012543082,5239.32876223326,412.014631867409,2864.48315484822,360.059792459011,0.393241941928864,1.57308121025562,111.387640193105,414.843018576503,90.8747120350599,129.273818053305,0,0,0,0.820641040802002,0.80090868473053,7.25027416646481,10.0789972543716,0,6.03296452760696,0,0,0,0,1.58538530766964,0,6.61517795920372,0,0,4.71337966620922,0.166568636894226,439.616975009441,2534.16724538803,10.6395684927702,48.1349614262581,0,97.5797142535448,706.196874633431,65.6569134742022,68.799270644784,47.4337795078754,412.014631867409,8864.46306876838,2297.73488913476,765.525012373924,0,16.8967542648315,2601.34089288861,116.21621093154,91.3107170760632,2169.80095568299,0,0,0,0,0,0,1.21432533860207,0,0,0,0,0,0,0,0,1.81847466528416,0,0,0,0.175830289721489,6304.70442640781,867.492236755788,0.206092223525047,5.17973892390728,0,48.8576014339924,188.329267181456,81.3584215641022,6.93657617270947,1934.34277744591,2864.48315484822,2297.73488913476,9315.10680424422,1357.56140965968,0,1.57311218976974,1014.16700449586,158.20183968544,98.0655422061682,141.496586166322,5.88556089997292,1.18498599529266,0,0.856465309858322,0,4.79042312502861,42.0442215949297,1.48109215497971,6.9767199754715,2.99968183040619,0.210212007164955,1.86318480968475,2.67714945971966,60.7128921747208,0,5.21055214107037,0,0,7.41699880361557,2.04517278075218,3463.29693999887,381.660050094128,10.5673804879189,44.4221522510052,5.96037834882736,2422.86200366914,2424.88857915998,316.94560495019,40.7164762020111,1312.18606574833,360.059792459011,765.525012373924,1357.56140965968,11182.9908605367,0,19.8587469905615,4563.88980381191,62.3380803912878,303.713545456529,359.45178219676,0,0,9.75627991557121,10.1412476599216,7.16237226128578,6.95708735287189,4.19679734110832,0,14.0785036534071,0,0,0,0,0,3.62871477007866,41.140086427331,0,1.76745772361755,0.50671261548996,0,1.49897801876068,177.100977420807,9492.82902371883,1544.57621049881,1072.6725704968,2.60105466842651,173.241678744555,26.7353747189045,1756.808696419,0,0.393241941928864,0,0,0,8263.20890019834,5145.53847317398,0.306755691766739,875.198142260313,42.6102966666222,4.1036721020937,2.13040879368782,37.9760508835316,96.8185707181692,131.358410604298,384.435510315001,339.843930803239,254.390577420592,29.2341178506613,423.665511891246,0,0,2.19901166111231,0,1.90938716381788,48.0705852657557,1451.15761739761,1.98692391812801,80.3448044359684,53.8868140131235,19.1142110526562,0,197.616057574749,1702.96476640552,1596.44579318166,4293.39873874187,1235.17611338943,1412.82863174379,303.988867349923,2124.46994146705,0,1.57308121025562,16.8967542648315,1.57311218976974,19.8587469905615,5145.53847317398,10541.7821361125,23.9990278854966,428.131464526057,307.153913214803,96.0356039777398,0,0.434881597757339,0,2.59798143804073,0,7.42850250005722,5.61212731897831,0.422753572463989,0.623832523822784,0,0,0,0,0,0,7.62378613650799,0,0.677725583314896,10.8232257962227,0.441242665052414,189.614174216986,351.096826009452,36.4495782703161,103.738422468305,2.58127231895924,288.07422786206,1811.88643677533,107.235298216343,55.1509352326393,669.151959717274,111.387640193105,2601.34089288861,1014.16700449586,4563.88980381191,0.306755691766739,23.9990278854966,6623.44378995895,67.585063546896,163.767536982894,1085.07154478133,0,1.99320474267006,13.7168532311916,4.90739937126637,15.5561764389277,4.497668877244,6.95275193452835,0,11.3821102529764,0,0,0,0,0,0.173172548413277,56.5769070163369,0,2.08435356616974,2.00093480944633,0,29.6779777705669,4156.72636463493,1992.65597389638,558.080385386944,212.308219864964,62.9106498658657,1967.5625667423,2041.93346224725,4976.44152030349,4.84514965116978,414.843018576503,116.21621093154,158.20183968544,62.3380803912878,875.198142260313,428.131464526057,67.585063546896,2733.44340930879,516.356358662248,319.39070135355,0,23.8371052145958,5.77143004536629,54.8406677991152,15.1809824705124,103.736926913261,410.644440099597,152.555396109819,399.165845260024,0,0.143000677227974,17.1760416179895,0,18.2699586898088,3.41628992557526,156.798732407391,44.9502587020397,24.7235218584538,5763.09224142134,65.7501676380634,116.840796038508,443.062798172235,54.8455874323845,326.265270739794,236.600824460387,2759.53990960121,3534.18040748686,4547.0992436707,6603.13283653557,0.198258027434349,90.8747120350599,91.3107170760632,98.0655422061682,303.713545456529,42.6102966666222,307.153913214803,163.767536982894,516.356358662248,2956.21041990817,599.815434202552,0.1766636967659,3.32894504070282,0,11.1839343607426,3.20531810820103,29.4104817211628,63.3407964259386,2.30922377109528,23.3746100738645,0,0,0.941198438405991,0,0.445588752627373,0,67.65300642699,0.45872887969017,1.83594760298729,23.3320984691381,7.03239999711514,49.0975127667189,2638.12126919627,63.8282989710569,247.634655982256,15.5851072967052,181.596243023872,5775.07265572995,392.23775139451,370.065173074603,4.58727976679802,129.273818053305,2169.80095568299,141.496586166322,359.45178219676,4.1036721020937,96.0356039777398,1085.07154478133,319.39070135355,599.815434202552,6388.76130664349
