8142.16726259887,580.367390722036,0,2.57944537699223,0,149.936434224248,17.8549704998732,578.916106387973,12.1903465688229,1290.67653283477,3379.57399992645,874.441457331181,6309.97794001549,2229.01638244092,2.1257598400116,7.27964761853218,825.125645294785,39.8108408153057,58.8419768214226,10.6737234592438,1198.01469495893,0,0,0,0,0,0.349756062030792,1.11095345020294,2.42549639940262,569.722640961409,0.415065467357635,0,0,66.4786964356899,0,0,0,0,0,0,580.367390722036,38991.1908575669,2109.94036652148,92.2888420075178,9.47522084414959,264.360784269869,1325.2230752334,2242.01489409804,1615.87365177274,0.39603428542614,3038.83951660991,2853.12451194972,1436.72631280124,315.315776288509,6.4080087095499,138.182240322232,237.943488843739,5363.69904241711,133.527480751276,3069.13671850413,0,0,0,0,0.298631757497787,0.208025485277176,0.331670731306076,0,0.357229351997375,0,0,0,0,0.194688379764557,0,4.88301038742065,0,0,1.07825756072998,0,0,2109.94036652148,10926.9815240204,1133.11302834004,1827.31427252293,3.77363143861294,2282.59979605675,148.358323693275,3964.47830422968,0,17.4744924902916,0.216912686824799,0.507753789424896,0.24278412759304,9807.94705232978,1363.31421864033,2.49961294233799,2682.2319034785,12.3542261496186,26.1148687899113,0,0,45.0447430834174,17.415354795754,126.042953811586,0.251015514135361,2.43514315783978,0,47.5837408155203,0,0,0,0,0,82.9783329367638,126.784972779453,0,4.78398145735264,0,0,2.57944537699223,92.2888420075178,1133.11302834004,4692.36462860554,476.072286918759,228.152042262256,4763.28444367647,48.9185389429331,1231.29065872729,0,0.422552987933159,13.3051031306386,4.33907449990511,14.5036883205175,1990.55636705458,2997.51716677099,15.5624651238322,532.145879350603,456.163648158312,200.230752319098,0,0.751458339393139,36.2153792083263,51.3593627288938,205.120560131967,42.6946066170931,39.9780609458685,1.28893369436264,83.3356777653098,0,0,0.208723410964012,0.151406466960907,0,57.9704567342997,574.439168617129,0.562187597155571,20.644331485033,42.4950035586953,4.00589792430401,0,9.47522084414959,1827.31427252293,476.072286918759,1759.39809755981,380.342403203249,195.979916647077,6.56761199235916,1860.93886066228,0,0,0.433488935232162,0,0.914498686790466,921.570018798113,3553.72484278679,3.31692624092102,203.245058357716,113.719060376287,17.2372303456068,0,0.744342729449272,117.301561608911,132.164003044367,1129.82475784421,33.3283756226301,51.8247718960047,6.65021479129791,196.661646977067,0,0,0.356399685144424,0,0,243.082703024149,548.373695760965,0.241384252905846,28.3190709352493,80.1511166244745,4.17683176696301,149.936434224248,264.360784269869,3.77363143861294,228.152042262256,380.342403203249,3627.13755042851,1983.28627847135,196.089543104172,723.090971074998,0.49030864238739,22.8402084410191,239.128913708031,23.892421759665,1687.69836321473,1.49259775876999,3638.82244475186,319.639786824584,143.198710247874,556.07643263042,184.505056902766,1.20791229605675,5.63805900514126,0.456092789769173,39.9759062379599,27.5550797283649,187.690282613039,150.185985252261,0,27.115909948945,0.215536028146744,0,3.63571897149086,0.931824505329132,9.22630178928375,0.185008868575096,338.992874249816,4.90837025642395,11.7156857252121,35.6297642886639,4.18834398686886,17.8549704998732,1325.2230752334,2282.59979605675,4763.28444367647,195.979916647077,1983.28627847135,22714.8876721337,57.762374535203,1791.4552295506,0.627049922943115,17.8985961973667,646.215844191611,41.5996257960796,1982.566781573,342.188287869096,2748.01934951544,6097.88496369123,1459.46066070348,512.036707684398,6121.52772966027,0,0.863892793655396,8.26246812939644,7.0023085474968,49.1744969338179,13.2905456870794,45.9970052838326,1.12873291969299,26.9902613833547,0.25907090306282,0,0,0,3.83141273260117,4.89852895587683,198.615003861487,1.64488852024078,1.11541302502155,8.08341282606125,0.698152363300323,578.916106387973,2242.01489409804,148.358323693275,48.9185389429331,6.56761199235916,196.089543104172,57.762374535203,3951.18136547506,1517.11046764255,0,2961.88768464327,9.23760259151459,17.7516585290432,46.8403341770172,0.329586148262024,46.3508141338825,0,724.292585879564,1257.86939534545,6.34567160904408,4.4892458319664,0,0,0.19386237859726,0,0,0,103.221057593822,6.65790736675262,0,0,0,0,0,0,4.30122408270836,0,0,18.3276198506355,0,12.1903465688229,1615.87365177274,3964.47830422968,1231.29065872729,1860.93886066228,723.090971074998,1791.4552295506,1517.11046764255,13344.4504274428,0,71.6114074289799,31.6279964745045,4.91956855356693,85.2074882388115,500.092385336757,1721.05292824656,53.8127309978008,6830.68061833829,4356.58949773014,418.238445304334,1.8305252790451,3.79147425293922,36.5828405767679,33.3675268292427,436.841607712209,20.3173739612103,59.9867424666882,52.6135049313307,1065.34323517978,0,0,2.63181906938553,0,0,26.2737680673599,313.605954900384,6.81931728124619,10.4427272975445,248.305781587958,7.7043342590332,1290.67653283477,0.39603428542614,0,0,0,0.49030864238739,0.627049922943115,0,0,662.70781314373,13.3278557658195,68.5752980858088,852.730423182249,1406.10573558509,0,0,1337.57541015744,0,0,0,91.3754524290562,0,0,0,0,0,0,0,0,458.328460723162,0,0,15.7201705873013,56.089897364378,0,0,0,0,0,0,3379.57399992645,3038.83951660991,17.4744924902916,0.422552987933159,0,22.8402084410191,17.8985961973667,2961.88768464327,71.6114074289799,13.3278557658195,5878.37660714984,123.313054844737,2442.66227763891,299.382924370468,0.676788151264191,3.90574237704277,18.05276080966,146.874979704618,4.50450250506401,5.95318318903446,49.424611479044,0,0,0,0,0,0,0.740188539028168,0,7.50156931579113,0,0,0,1.19506487250328,0,0,0,0,0,0,874.441457331181,2853.12451194972,0.216912686824799,13.3051031306386,0.433488935232162,239.128913708031,646.215844191611,9.23760259151459,31.6279964745045,68.5752980858088,123.313054844737,10998.9580511153,944.956425018609,2116.22361860424,2.25240632891655,90.9852728173137,2984.99605603516,132.665874347091,4.12111076712608,2231.56261146814,1.66296747326851,0,0,0,0,1.95028722286224,0.249214828014374,0,0.793249726295471,26.7214226126671,0,0,0,5.74386398494244,0,1.95301797986031,0,0,0,0,6309.97794001549,1436.72631280124,0.507753789424896,4.33907449990511,0,23.892421759665,41.5996257960796,17.7516585290432,4.91956855356693,852.730423182249,2442.66227763891,944.956425018609,6878.55181203783,869.680469945073,0,10.8148592859507,1734.01398102939,21.6603962033987,0.467605233192444,29.8851105868816,113.098496899009,0,0,0,0,0,0.182014241814613,0,0,90.8334790468216,0,0,1.09858196973801,5.73929565399885,0,0,0,0,0,0,2229.01638244092,315.315776288509,0.24278412759304,14.5036883205175,0.914498686790466,1687.69836321473,1982.566781573,46.8403341770172,85.2074882388115,1406.10573558509,299.382924370468,2116.22361860424,869.680469945073,7193.485439457,0,165.265092417598,7652.13294504583,81.5682032257318,96.533476665616,179.253216423094,80.6082524061203,0,0,0,0,1.86122098565102,7.28105697035789,0,0,392.550546973944,0,0,0,527.559034243226,0,4.38378357887268,0,0,0,1.19668006896973,2.1257598400116,6.4080087095499,9807.94705232978,1990.55636705458,921.570018798113,1.49259775876999,342.188287869096,0.329586148262024,500.092385336757,0,0.676788151264191,2.25240632891655,0,0,13471.0929749906,4677.30797018111,1.4233772456646,344.795065850019,13.8729689121246,12.0165908038616,0,0,44.9538990408182,13.2780927866697,168.820584245026,0.845397233963013,3.93922533094883,0,14.7691831886768,0,0,0,0,0,108.577545754611,160.152509689331,0,8.19067239761353,1.89258834719658,0.410746693611145,7.27964761853218,138.182240322232,1363.31421864033,2997.51716677099,3553.72484278679,3638.82244475186,2748.01934951544,46.3508141338825,1721.05292824656,0,3.90574237704277,90.9852728173137,10.8148592859507,165.265092417598,4677.30797018111,15836.7849559709,156.358224287629,443.318676203489,529.561314113438,240.239316143095,0,3.45890973508358,62.1418191939592,72.5956086441875,728.082912191749,119.037897273898,55.3443316668272,14.4844640046358,133.711309343576,0,0,0.376604110002518,0,0.262193232774734,106.287921845913,1329.05796464533,0.759254530072212,28.6433586701751,103.216056630015,2.73332146555185,825.125645294785,237.943488843739,2.49961294233799,15.5624651238322,3.31692624092102,319.639786824584,6097.88496369123,0,53.8127309978008,1337.57541015744,18.05276080966,2984.99605603516,1734.01398102939,7652.13294504583,1.4233772456646,156.358224287629,6213.93613535166,64.5797317028046,8.00641186535358,496.430519096553,14.1199475228786,0,0,1.01640653610229,0,0,3.25262105464935,0,1.64770662784576,131.193253070116,0,0,0,74.9144391268492,0,0.326711505651474,0,0,0,0,39.8108408153057,5363.69904241711,2682.2319034785,532.145879350603,203.245058357716,143.198710247874,1459.46066070348,724.292585879564,6830.68061833829,0,146.874979704618,132.665874347091,21.6603962033987,81.5682032257318,344.795065850019,443.318676203489,64.5797317028046,3517.07334302366,569.11034154892,575.851083673537,0,1.71838071942329,4.36969183385372,3.53554990887642,27.0186623036861,5.83842380344868,12.1169972717762,1.42678171396255,14.544043675065,0,0,0,0,1.59520161151886,12.1595834195614,53.5933425053954,0,2.61873385310173,43.0710179954767,0.744892418384552,58.8419768214226,133.527480751276,12.3542261496186,456.163648158312,113.719060376287,556.07643263042,512.036707684398,1257.86939534545,4356.58949773014,0,4.50450250506401,4.12111076712608,0.467605233192444,96.533476665616,13.8729689121246,529.561314113438,8.00641186535358,569.11034154892,2556.6002112776,97.146793782711,0.853223085403442,2.19749015569687,0,8.59155187010765,24.8459458723664,285.621248275042,4.778045758605,95.7463972270489,568.4155344069,0,0,0,0,0,0.270706921815872,58.0244655236602,0,0.511342614889145,2776.85113076866,0,10.6737234592438,3069.13671850413,26.1148687899113,200.230752319098,17.2372303456068,184.505056902766,6121.52772966027,6.34567160904408,418.238445304334,0,5.95318318903446,2231.56261146814,29.8851105868816,179.253216423094,12.0165908038616,240.239316143095,496.430519096553,575.851083673537,97.146793782711,5501.61726333946,0,1.04500198364258,0.202112227678299,0.933865040540695,2.97288075089455,0.646921768784523,8.78219945728779,0.177543640136719,8.11020225286484,0,0,0,0,0,0,27.8579222410917,0.434954553842545,1.4386293888092,1.5598588436842,1.22456657886505,1198.01469495893,0,0,0,0,1.20791229605675,0,4.4892458319664,1.8305252790451,91.3754524290562,49.424611479044,1.66296747326851,113.098496899009,80.6082524061203,0,0,14.1199475228786,0,0.853223085403442,0,12096.2848839611,699.1621927917,1.05316078662872,10.1057587563992,0.87679535150528,921.52353592217,66.9809472560883,1135.244854182,31.7033004909754,2696.09177841246,1977.43306654692,1117.55036838353,7973.00271250308,3674.83648762107,1.79995405673981,20.5911388173699,148.876989275217,41.6087221205235,91.3646743148565,42.7103945761919,0,0,0,0.751458339393139,0.744342729449272,5.63805900514126,0.863892793655396,0,3.79147425293922,0,0,0,0,0,0,3.45890973508358,0,1.71838071942329,2.19749015569687,1.04500198364258,699.1621927917,27594.7780785784,1039.43857464194,103.93885576725,7.80067443102598,327.118906669319,1389.92965454608,3905.16675809026,2168.13416561484,0.386758536100388,2605.44625280797,2474.50414823741,481.829546317458,102.185893401504,6.77462124824524,424.150864176452,166.256832018495,3710.64316336811,277.938427276909,2952.18932142854,0,0,45.0447430834174,36.2153792083263,117.301561608911,0.456092789769173,8.26246812939644,0,36.5828405767679,0,0,0,0,0,44.9538990408182,62.1418191939592,0,4.36969183385372,0,0.202112227678299,1.05316078662872,1039.43857464194,8947.39143802226,500.503709256649,1465.98804353178,5.02379977703094,2621.25749573112,305.970813989639,4208.58301490545,0,41.8674793541431,3.39963705837727,0.810106575489044,1.09765738248825,6779.72820191085,1787.42518426478,5.65992122888565,1547.28512147069,13.3303096145391,56.0687290877104,0,0,17.415354795754,51.3593627288938,132.164003044367,39.9759062379599,7.0023085474968,0.19386237859726,33.3675268292427,0,0,0,0,0,13.2780927866697,72.5956086441875,1.01640653610229,3.53554990887642,8.59155187010765,0.933865040540695,10.1057587563992,103.93885576725,500.503709256649,3475.22102069855,332.340888753533,97.7353030145168,3818.12152890861,47.27241332829,842.919825181365,0,0.521457612514496,26.6613028198481,4.23511682450771,12.7017611265182,1471.87883616239,2694.54019449651,22.4171772152185,394.405610501766,500.314644433558,282.48214456439,0,0.298631757497787,126.042953811586,205.120560131967,1129.82475784421,27.5550797283649,49.1744969338179,0,436.841607712209,0,0,0,0,0,168.820584245026,728.082912191749,0,27.0186623036861,24.8459458723664,2.97288075089455,0.87679535150528,7.80067443102598,1465.98804353178,332.340888753533,2619.71037951112,534.794788181782,171.121344037354,16.8611815571785,2358.43329893053,0,0,2.246979996562,0,0,2040.86154330522,5501.94893302768,1.77584664523602,207.039952613413,160.411741599441,19.5876065567136,0,0.208025485277176,0.251015514135361,42.6946066170931,33.3283756226301,187.690282613039,13.2905456870794,0,20.3173739612103,0,0,1.95028722286224,0,1.86122098565102,0.845397233963013,119.037897273898,0,5.83842380344868,285.621248275042,0.646921768784523,921.52353592217,327.118906669319,5.02379977703094,97.7353030145168,534.794788181782,5561.6106556952,2190.64469487965,802.803729072213,1047.32533567399,7.9948670566082,44.2894921153784,455.732972025871,176.826505601406,2088.84454126656,3.74144431948662,2533.92456105351,520.304022595286,126.278131596744,729.943799592555,249.459199205041,0.349756062030792,0.331670731306076,2.43514315783978,39.9780609458685,51.8247718960047,150.185985252261,45.9970052838326,0,59.9867424666882,0,0,0.249214828014374,0.182014241814613,7.28105697035789,3.93922533094883,55.3443316668272,3.25262105464935,12.1169972717762,4.778045758605,8.78219945728779,66.9809472560883,1389.92965454608,2621.25749573112,3818.12152890861,171.121344037354,2190.64469487965,19085.1608118787,53.4658142179251,1243.52854022384,0,8.64917648583651,1000.78304213285,34.0077119469643,2156.2240645662,361.131838925183,4032.40958417207,4973.52282142639,1431.54086498916,789.422035969794,4552.25060515851,1.11095345020294,0,0,1.28893369436264,6.65021479129791,0,1.12873291969299,103.221057593822,52.6135049313307,0,0.740188539028168,0,0,0,0,14.4844640046358,0,1.42678171396255,95.7463972270489,0.177543640136719,1135.244854182,3905.16675809026,305.970813989639,47.27241332829,16.8611815571785,802.803729072213,53.4658142179251,5181.7003981173,2112.87102815509,0.332233667373657,2542.57093840837,97.9489472210407,144.997540965676,265.500987797976,3.40113106369972,118.142983235419,11.572550624609,601.835619002581,2011.71189446747,43.317871555686,2.42549639940262,0.357229351997375,47.5837408155203,83.3356777653098,196.661646977067,27.115909948945,26.9902613833547,6.65790736675262,1065.34323517978,0,0,0.793249726295471,0,0,14.7691831886768,133.711309343576,1.64770662784576,14.544043675065,568.4155344069,8.11020225286484,31.7033004909754,2168.13416561484,4208.58301490545,842.919825181365,2358.43329893053,1047.32533567399,1243.52854022384,2112.87102815509,14414.7374547422,0,94.4458353370428,70.8154688775539,2.98949992656708,65.9844036400318,1177.36520330608,2086.73822081834,31.4976238906384,5357.45633532107,4401.28841560334,191.094058543444,569.722640961409,0,0,0,0,0.215536028146744,0.25907090306282,0,0,458.328460723162,7.50156931579113,26.7214226126671,90.8334790468216,392.550546973944,0,0,131.193253070116,0,0,0,2696.09177841246,0.386758536100388,0,0,0,7.9948670566082,0,0.332233667373657,0,2397.12296500802,8.0083369910717,66.786926984787,1475.15440273285,2453.40669435263,0,0,646.38838532567,0,0,0,0.415065467357635,0,0,0,0,0,0,0,0,0,0,0,0,0,0,0,0,0,0,0,1977.43306654692,2605.44625280797,41.8674793541431,0.521457612514496,0,44.2894921153784,8.64917648583651,2542.57093840837,94.4458353370428,8.0083369910717,3951.66253474355,26.5389704406261,2352.89158566296,103.813597343862,0.684040978550911,3.12300205230713,1.11194829642773,83.5782730430365,9.78204596042633,4.78631327301264,0,0,0,0.208723410964012,0.356399685144424,3.63571897149086,0,0,2.63181906938553,0,0,0,0,0,0,0.376604110002518,0,0,0,0,1117.55036838353,2474.50414823741,3.39963705837727,26.6613028198481,2.246979996562,455.732972025871,1000.78304213285,97.9489472210407,70.8154688775539,66.786926984787,26.5389704406261,8835.29247963428,685.507660761476,1860.30549322069,2.26347218453884,173.767918020487,3622.12609197944,138.516256272793,24.5869848430157,3192.94006253779,0,0,0,0.151406466960907,0,0.931824505329132,0,0,0,15.7201705873013,0,0,1.09858196973801,0,0,0,0,0,0,0,7973.00271250308,481.829546317458,0.810106575489044,4.23511682450771,0,176.826505601406,34.0077119469643,144.997540965676,2.98949992656708,1475.15440273285,2352.89158566296,685.507660761476,3726.92079618573,2014.30284698308,0.597906529903412,7.52054806053638,482.83283868432,14.1999446749687,7.7277570515871,12.215988561511,66.4786964356899,0.194688379764557,0,0,0,9.22630178928375,3.83141273260117,0,0,56.089897364378,1.19506487250328,5.74386398494244,5.73929565399885,527.559034243226,0,0.262193232774734,74.9144391268492,1.59520161151886,0,0,3674.83648762107,102.185893401504,1.09765738248825,12.7017611265182,0,2088.84454126656,2156.2240645662,265.500987797976,65.9844036400318,2453.40669435263,103.813597343862,1860.30549322069,2014.30284698308,8328.46894092858,1.01700685918331,101.691729135811,5757.00226603448,8.67055900394917,22.3856534063816,44.272116407752,0,0,82.9783329367638,57.9704567342997,243.082703024149,0.185008868575096,4.89852895587683,0,26.2737680673599,0,0,0,0,0,108.577545754611,106.287921845913,0,12.1595834195614,0.270706921815872,0,1.79995405673981,6.77462124824524,6779.72820191085,1471.87883616239,2040.86154330522,3.74144431948662,361.131838925183,3.40113106369972,1177.36520330608,0,0.684040978550911,2.26347218453884,0.597906529903412,1.01700685918331,11890.908514455,6586.52819472551,7.41711102426052,625.908553309739,16.220779389143,26.2648214399815,0,4.88301038742065,126.784972779453,574.439168617129,548.373695760965,338.992874249816,198.615003861487,4.30122408270836,313.605954900384,0,0,1.95301797986031,0,4.38378357887268,160.152509689331,1329.05796464533,0.326711505651474,53.5933425053954,58.0244655236602,27.8579222410917,20.5911388173699,424.150864176452,1787.42518426478,2694.54019449651,5501.94893302768,2533.92456105351,4032.40958417207,118.142983235419,2086.73822081834,0,3.12300205230713,173.767918020487,7.52054806053638,101.691729135811,6586.52819472551,20016.3998672441,172.683535896242,683.53254878521,994.040343403816,446.934825822711,0,0,0,0.562187597155571,0.241384252905846,4.90837025642395,1.64488852024078,0,6.81931728124619,0,0,0,0,0,0,0.759254530072212,0,0,0,0.434954553842545,148.876989275217,166.256832018495,5.65992122888565,22.4171772152185,1.77584664523602,520.304022595286,4973.52282142639,11.572550624609,31.4976238906384,646.38838532567,1.11194829642773,3622.12609197944,482.83283868432,5757.00226603448,7.41711102426052,172.683535896242,7678.91023094952,104.008827507496,20.6873452961445,519.323536500335,0,0,4.78398145735264,20.644331485033,28.3190709352493,11.7156857252121,1.11541302502155,0,10.4427272975445,0,0,0,0,0,8.19067239761353,28.6433586701751,0,2.61873385310173,0.511342614889145,1.4386293888092,41.6087221205235,3710.64316336811,1547.28512147069,394.405610501766,207.039952613413,126.278131596744,1431.54086498916,601.835619002581,5357.45633532107,0,83.5782730430365,138.516256272793,14.1999446749687,8.67055900394917,625.908553309739,683.53254878521,104.008827507496,2526.41228218377,594.58425553143,573.68147611618,0,1.07825756072998,0,42.4950035586953,80.1511166244745,35.6297642886639,8.08341282606125,18.3276198506355,248.305781587958,0,0,0,0,0,1.89258834719658,103.216056630015,0,43.0710179954767,2776.85113076866,1.5598588436842,91.3646743148565,277.938427276909,13.3303096145391,500.314644433558,160.411741599441,729.943799592555,789.422035969794,2011.71189446747,4401.28841560334,0,9.78204596042633,24.5869848430157,7.7277570515871,22.3856534063816,16.220779389143,994.040343403816,20.6873452961445,594.58425553143,1994.05541483313,118.529613301158,0,0,0,4.00589792430401,4.17683176696301,4.18834398686886,0.698152363300323,0,7.7043342590332,0,0,0,0,1.19668006896973,0.410746693611145,2.73332146555185,0,0.744892418384552,0,1.22456657886505,42.7103945761919,2952.18932142854,56.0687290877104,282.48214456439,19.5876065567136,249.459199205041,4552.25060515851,43.317871555686,191.094058543444,0,4.78631327301264,3192.94006253779,12.215988561511,44.272116407752,26.2648214399815,446.934825822711,519.323536500335,573.68147611618,118.529613301158,3438.40830270946
