9099.75257195532,473.860170543194,0,3.15595239400864,0,688.690980762243,39.9689362347126,1000.62581637502,3.24121063947678,1598.34393700957,2452.42724153399,924.939961850643,5825.90913416445,2690.04539895058,0,1.57540611922741,510.187068790197,12.4021530151367,318.263532578945,14.4423407465219,1007.07401311398,0,0,0,0,0,0,61.6732056438923,0,18.4008687436581,7.32737413048744,0,0,48.7211298346519,0,0,0,0,0,0,473.860170543194,33692.8162802607,2626.61960761249,194.548816733062,11.1019579917192,106.814789012074,3175.41891936958,1914.84335926175,1326.79366473109,1.28794527053833,3325.30216082931,3235.9434588328,535.394569456577,364.842721864581,3.63369695842266,97.1612401679158,270.01629678905,5931.10985447466,368.652148514986,3207.45499549806,1.86454525589943,0,0,0.200120136141777,1.11847934126854,13.2059749662876,18.0321278125048,0,0,0,0,0,0,1.340944647789,0,9.68836027383804,0,0.124950416386127,5.78718182444572,0,0,2626.61960761249,13304.8255910426,1250.86143533885,2015.89958745241,10.9180959761143,2076.53737962246,325.659858465195,2649.21121764183,0,94.8665908575058,0.411186784505844,0,0.323085337877274,9767.90285086632,2370.18419095129,1.0421439409256,5743.32595433295,22.3930146694183,29.93799456954,0,0,10.2469478547573,45.4535219818354,230.630908504128,6.50819650292397,17.1763632446527,0,50.0896254181862,0,0,0,0,0.197217792272568,4.96460127830505,73.2438687384129,0.317043989896774,3.70455205440521,2.08543753623962,2.55439949035645,3.15595239400864,194.548816733062,1250.86143533885,3744.51153665036,682.804202675819,38.9218447357416,5482.99573627114,74.3077280968428,1422.52935857326,0,31.1099640578032,49.3387955352664,2.08678647875786,14.2571577131748,2119.86843338609,3233.05184324831,56.3752516955137,591.123439982533,496.835468277335,438.43803730607,0,1.7029156088829,11.4407309740782,46.1023635268211,219.766621872783,60.6021822020411,108.933682404459,0,48.8887730389833,0,0,2.20946180820465,0,3.88618099689484,10.5661341026425,184.460025347769,5.32457698881626,6.72114625573158,39.4814546704292,0.692990660667419,0,11.1019579917192,2015.89958745241,682.804202675819,2702.77121222019,81.7430287748575,419.352827228606,4.74808263778687,1869.80896291137,0,3.9059429615736,1.41149745881557,0.278533846139908,0.510409772396088,1007.47017861903,4363.98106653243,1.04899786412716,478.312307447195,44.1866410821676,32.0111560374498,0,0,39.8943281769753,179.799856022,1784.76414042711,58.9562862813473,83.2469143122435,0,259.783567517996,0,0,0.213246941566467,0,3.25501409173012,59.5417304188013,673.563276439905,0.264233112335205,11.3802083656192,16.6124234646559,2.50535762310028,688.690980762243,106.814789012074,10.9180959761143,38.9218447357416,81.7430287748575,2459.58291873336,2384.61706955731,412.142828702927,1100.6149123162,0.970539703965187,117.320550277829,143.166629850864,32.0488827675581,1879.93540659547,2.35157130658627,3140.70623755455,100.037013471127,37.145496070385,814.646817132831,141.346603214741,12.6707662045956,3.45210826396942,0.235968053340912,0.374831020832062,133.222251132131,616.534254491329,244.479427441955,2.67993235588074,17.99391451478,0,0,0,0,28.5837484896183,1.15083172917366,168.658012762666,5.77568244934082,1.36406564712524,13.5082321465015,2.67087662220001,39.9689362347126,3175.41891936958,2076.53737962246,5482.99573627114,419.352827228606,2384.61706955731,20490.0737272128,85.152262866497,3260.10844583809,4.29261335730553,261.771961584687,1180.25160142779,21.2483431845903,2743.07388180494,249.039169251919,4171.33452614397,1895.24848473817,2330.10422159731,1861.34292856604,7804.9968708083,2.23528444766998,0.815091073513031,1.39408795535564,10.0120416879654,91.3902717530727,308.42136207968,400.554648131132,0.802747309207916,44.4667744040489,0,0,0,0,45.8031878173351,1.53285281360149,311.524228334427,10.8783993721008,5.86561493575573,55.1205214038491,11.7650525718927,1000.62581637502,1914.84335926175,325.659858465195,74.3077280968428,4.74808263778687,412.142828702927,85.152262866497,2028.76741138101,1050.69485647976,0,4267.01377953589,10.5742666721344,42.5119386017323,30.8001962006092,1.33565580844879,44.7783438712358,2.65106439590454,1216.39585581422,1359.50926934183,15.1550489962101,111.667967379093,0,0,0.617950439453125,0.618148326873779,13.0267460346222,4.56453719735146,127.845039099455,1.21756628155708,0,0.7471042573452,0,0,0,0,2.40584982931614,0,0,84.4010627865791,0,3.24121063947678,1326.79366473109,2649.21121764183,1422.52935857326,1869.80896291137,1100.6149123162,3260.10844583809,1050.69485647976,10011.01485686,0,208.536019444466,65.0846692025661,2.3575604557991,301.951823249459,298.657613620162,1262.09956870973,79.4039732962847,6396.27330818772,3871.49372508377,361.685527846217,0,5.54756727814674,1.73738324642181,10.8605719357729,479.387691438198,354.605645485222,253.10579405725,9.89882105588913,767.136438816786,0,0,0.529070377349854,0,16.0584148168564,2.01613454520702,215.188186906278,7.42691752314568,16.5403586477041,543.737439855933,10.676719814539,1598.34393700957,1.28794527053833,0,0,0,0.970539703965187,4.29261335730553,0,0,1892.09245878458,18.4043781906366,220.895835608244,835.987292230129,1432.42080122232,0,0,1425.89524930716,0,0.594174385070801,0.460069224238396,36.7442821264267,0,0,0,0,0,0,0,0,101.927213490009,0,0,66.8278550505638,47.2829871475697,0,0,1.92136362195015,0,0,0,2452.42724153399,3325.30216082931,94.8665908575058,31.1099640578032,3.9059429615736,117.320550277829,261.771961584687,4267.01377953589,208.536019444466,18.4043781906366,4497.74512781203,466.761439435184,1038.81637695432,244.732370123267,1.0822606086731,16.926424883306,92.7435550242662,1071.98384454846,109.169236049056,158.011822372675,34.6691907197237,0.151304796338081,0,0,0,3.58102717995644,5.22160863876343,19.42750826478,0,0,0,0,0,0,0,0.488263607025146,0,0,0,0,924.939961850643,3235.9434588328,0.411186784505844,49.3387955352664,1.41149745881557,143.166629850864,1180.25160142779,10.5742666721344,65.0846692025661,220.895835608244,466.761439435184,10556.369905591,2064.29716481268,2590.32803510129,1.34992164373398,36.7250629812479,2495.51759654284,52.6812425851822,34.049378991127,2446.18731705844,1.35046491026878,0,0,0,0,9.99980701506138,4.13218685984612,0,0.244460090994835,0,0,0,0,8.8220876455307,0,3.42287710309029,0,0,1.69549497961998,0,5825.90913416445,535.394569456577,0,2.08678647875786,0.278533846139908,32.0488827675581,21.2483431845903,42.5119386017323,2.3575604557991,835.987292230129,1038.81637695432,2064.29716481268,6020.61425466835,1370.77968397737,0,0.723969087004662,1814.34947405756,6.86726355552673,7.0853355973959,7.58649843931198,47.8739131391048,0,0,0,0,0.569711089134216,0.472230941057205,0,0,3.31311255693436,0.820769190788269,0,0,4.67119064927101,0,1.09536972641945,0,0,0,0,2690.04539895058,364.842721864581,0.323085337877274,14.2571577131748,0.510409772396088,1879.93540659547,2743.07388180494,30.8001962006092,301.951823249459,1432.42080122232,244.732370123267,2590.32803510129,1370.77968397737,10534.3633596897,0,145.655843421817,5077.64152856171,21.331722676754,100.2627273947,116.741579473019,63.0505586564541,0.265274584293365,0,0,0.152192682027817,143.507781356573,9.08716642856598,0,0,25.9658383727074,0,0,0,729.339103922248,0,6.13058215379715,0,0,0,0,0,3.63369695842266,9767.90285086632,2119.86843338609,1007.47017861903,2.35157130658627,249.039169251919,1.33565580844879,298.657613620162,0,1.0822606086731,1.34992164373398,0,0,10518.6925155967,6753.75744405389,0.851736187934875,396.195003420115,10.9922265708447,18.4989321231842,0,0,5.91057559847832,11.7932731360197,80.4793185219169,2.29871082305908,6.30118875205517,0,6.18734058737755,0,0,0.204064473509789,0,0,2.43281607329845,34.6165672168136,0,0.423380166292191,0.177505135536194,0.82145231962204,1.57540611922741,97.1612401679158,2370.18419095129,3233.05184324831,4363.98106653243,3140.70623755455,4171.33452614397,44.7783438712358,1262.09956870973,0,16.926424883306,36.7250629812479,0.723969087004662,145.655843421817,6753.75744405389,17435.9954371154,28.3449578732252,425.386325344443,567.930746279657,139.821714103222,0.508975766599178,3.03812090307474,35.0927892997861,205.066815257072,1050.04678407311,420.926683887839,550.517989978194,1.92055720835924,232.048587672412,0,0.370473980903625,4.72151830047369,0,20.0317617803812,39.0555403977633,1609.11689594388,12.2901937812567,42.6209670379758,102.400135301054,7.17164747416973,510.187068790197,270.01629678905,1.0421439409256,56.3752516955137,1.04899786412716,100.037013471127,1895.24848473817,2.65106439590454,79.4039732962847,1425.89524930716,92.7435550242662,2495.51759654284,1814.34947405756,5077.64152856171,0.851736187934875,28.3449578732252,5891.7296897769,25.3805449903011,19.9814468026161,714.249828733504,1.01872450113297,0,0,0,0,4.7509792894125,5.37041044235229,0,2.30983686447144,7.98868530988693,0,0,0,51.6999241411686,0,4.8854842633009,0,0,0,0,12.4021530151367,5931.10985447466,5743.32595433295,591.123439982533,478.312307447195,37.145496070385,2330.10422159731,1216.39585581422,6396.27330818772,0,1071.98384454846,52.6812425851822,6.86726355552673,21.331722676754,396.195003420115,425.386325344443,25.3805449903011,5478.47092781961,966.656932108104,261.213128298521,0,0,1.02217282354832,8.00689698755741,60.2921226918697,15.1470156908035,23.0748107433319,0,25.524207264185,0,0,0,0,0,1.14748927950859,50.1866320669651,0,3.80554893612862,19.1972834169865,0,318.263532578945,368.652148514986,22.3930146694183,496.835468277335,44.1866410821676,814.646817132831,1861.34292856604,1359.50926934183,3871.49372508377,0.594174385070801,109.169236049056,34.049378991127,7.0853355973959,100.2627273947,10.9922265708447,567.930746279657,19.9814468026161,966.656932108104,2322.4494510442,320.061534687877,18.5871793776751,4.19074779748917,0,2.23643692582846,5.10329347848892,1246.52041263878,180.929630875587,145.058930575848,144.680559068918,0,4.09106492996216,0,0.272575199604034,10.3888574838638,0,88.2774474397302,1.19345188140869,0.349071025848389,3401.20237796009,1.62357223033905,14.4423407465219,3207.45499549806,29.93799456954,438.43803730607,32.0111560374498,141.346603214741,7804.9968708083,15.1550489962101,361.685527846217,0.460069224238396,158.011822372675,2446.18731705844,7.58649843931198,116.741579473019,18.4989321231842,139.821714103222,714.249828733504,261.213128298521,320.061534687877,5487.23312416673,0.178515881299973,0,0,0.806529104709625,2.31482847034931,26.7426628693938,71.4276176020503,0,7.13699506223202,0,0,0,0,2.91895478963852,0,48.3135951831937,0,0.151253655552864,7.7491308003664,0,1007.07401311398,1.86454525589943,0,0,0,12.6707662045956,2.23528444766998,111.667967379093,0,36.7442821264267,34.6691907197237,1.35046491026878,47.8739131391048,63.0505586564541,0,0.508975766599178,1.01872450113297,0,18.5871793776751,0.178515881299973,14524.0415723994,622.259654209018,0,3.66970077157021,0.155623510479927,1953.97693425417,183.159223303199,1871.78823244572,58.6791336685419,2593.31355331838,3064.28705665469,1372.12735704333,7187.73622129858,5722.29483067989,0,4.70333990454674,1174.01582246274,209.348399810493,455.056397944689,141.672518409789,0,0,0,1.7029156088829,0,3.45210826396942,0.815091073513031,0,5.54756727814674,0,0.151304796338081,0,0,0.265274584293365,0,3.03812090307474,0,0,4.19074779748917,0,622.259654209018,26029.4855670333,2775.45966637135,11.6889548748732,2.59986291825771,163.928546667099,1778.63220147789,3457.6314573139,1844.22481383383,0.265403419733047,3041.99902024865,1902.23553481698,268.731185600162,454.641341224313,0,24.3019375875592,286.35447178036,6038.66403671354,891.386088252068,2079.61374209076,0,0,10.2469478547573,11.4407309740782,39.8943281769753,0.235968053340912,1.39408795535564,0,1.73738324642181,0,0,0,0,0,5.91057559847832,35.0927892997861,0,1.02217282354832,0,0,0,2775.45966637135,9166.84980887175,1226.68177379668,1504.08116321266,5.18267448246479,2113.53720170259,626.683608412743,3744.8244247362,0,49.4292112588882,1.22232592105865,0,0.402062505483627,8705.98360113055,1608.79292764515,0.567047327756882,2087.46650902927,37.0764730274677,14.357878357172,0,0.200120136141777,45.4535219818354,46.1023635268211,179.799856022,0.374831020832062,10.0120416879654,0.617950439453125,10.8605719357729,0,0,0,0,0,11.7932731360197,205.066815257072,0,8.00689698755741,2.23643692582846,0.806529104709625,3.66970077157021,11.6889548748732,1226.68177379668,3558.19947517663,828.936506003141,17.495711542666,3357.5123475343,9.75772678852081,1029.45913138986,0,0,11.0601259022951,0,6.54512374103069,1881.54128281772,4302.36804135144,18.2025811821222,874.55046159029,181.675901286304,126.354847073555,0,1.11847934126854,230.630908504128,219.766621872783,1784.76414042711,133.222251132131,91.3902717530727,0.618148326873779,479.387691438198,0,0,0,0,0.152192682027817,80.4793185219169,1050.04678407311,0,60.2921226918697,5.10329347848892,2.31482847034931,0.155623510479927,2.59986291825771,1504.08116321266,828.936506003141,3096.29533702135,416.84300044179,469.234098389745,0.323216944932938,3050.38172107935,0,0,2.75859904289246,0,16.7539058923721,1373.36584167182,5267.40699661523,9.3837458640337,326.540011748672,163.169418632984,20.6269362568855,0,13.2059749662876,6.50819650292397,60.6021822020411,58.9562862813473,616.534254491329,308.42136207968,13.0267460346222,354.605645485222,0,3.58102717995644,9.99980701506138,0.569711089134216,143.507781356573,2.29871082305908,420.926683887839,4.7509792894125,15.1470156908035,1246.52041263878,26.7426628693938,1953.97693425417,163.928546667099,5.18267448246479,17.495711542666,416.84300044179,1968.77359065413,2175.8596637398,428.959979385138,834.642577052116,11.4305022656918,37.9602477103472,144.364230066538,70.0566830635071,4096.13090254366,4.0334702283144,1821.90127726644,169.550813734531,79.0006787627935,756.112665139139,157.781834416091,0,18.0321278125048,17.1763632446527,108.933682404459,83.2469143122435,244.479427441955,400.554648131132,4.56453719735146,253.10579405725,0,5.22160863876343,4.13218685984612,0.472230941057205,9.08716642856598,6.30118875205517,550.517989978194,5.37041044235229,23.0748107433319,180.929630875587,71.4276176020503,183.159223303199,1778.63220147789,2113.53720170259,3357.5123475343,469.234098389745,2175.8596637398,13695.4288369715,195.889371424913,1959.30624724925,1.02883487939835,13.6444706097245,455.756677262485,9.11920835077763,1947.58884304762,207.06294324249,3952.70963276178,2182.15602558851,1775.60393754393,2191.08911286294,4970.93938992918,61.6732056438923,0,0,0,0,2.67993235588074,0.802747309207916,127.845039099455,9.89882105588913,0,19.42750826478,0,0,0,0,1.92055720835924,0,0,145.058930575848,0,1871.78823244572,3457.6314573139,626.683608412743,9.75772678852081,0.323216944932938,428.959979385138,195.889371424913,7175.35096643865,1621.16911292076,0.713060557842255,3746.37846793234,51.6865983903408,27.0596552193165,168.838155135512,0,24.776451960206,70.6281327456236,1025.30902770162,2266.16295172274,135.451306164265,0,0,50.0896254181862,48.8887730389833,259.783567517996,17.99391451478,44.4667744040489,1.21756628155708,767.136438816786,0,0,0.244460090994835,0,0,6.18734058737755,232.048587672412,2.30983686447144,25.524207264185,144.680559068918,7.13699506223202,58.6791336685419,1844.22481383383,3744.8244247362,1029.45913138986,3050.38172107935,834.642577052116,1959.30624724925,1621.16911292076,9195.22332537174,0,157.031388834119,75.2909505516291,5.91802966594696,238.309757709503,747.135296702385,1915.20142186433,131.783752173185,7124.4663618952,6146.99341637641,204.432482153177,18.4008687436581,0,0,0,0,0,0,0,0,101.927213490009,0,0,3.31311255693436,25.9658383727074,0,0,7.98868530988693,0,0,0,2593.31355331838,0.265403419733047,0,0,0,11.4305022656918,1.02883487939835,0.713060557842255,0,1579.17932955921,3.05293196439743,101.693681269884,1568.39667220414,1799.81469376385,0,0,1296.68154719472,0,0,0.939415633678436,7.32737413048744,0,0,0,0,0,0,0.7471042573452,0,0,0,0,0.820769190788269,0,0,0.370473980903625,0,0,4.09106492996216,0,3064.28705665469,3041.99902024865,49.4292112588882,0,0,37.9602477103472,13.6444706097245,3746.37846793234,157.031388834119,3.05293196439743,2909.65161275864,97.5811797231436,915.922624111176,124.739219024777,0,1.48574510216713,24.4884071946144,273.582315534353,164.777426511049,12.4063511043787,0,0,0,2.20946180820465,0.213246941566467,0,0,0,0.529070377349854,0,0,0,0,0,0.204064473509789,4.72151830047369,0,0,0,0,1372.12735704333,1902.23553481698,1.22232592105865,11.0601259022951,2.75859904289246,144.364230066538,455.756677262485,51.6865983903408,75.2909505516291,101.693681269884,97.5811797231436,8857.8502625674,1210.44134736061,1831.85057367384,0,11.2272210791707,4116.92586886883,240.836187854409,40.8163845688105,2497.94567009807,0,0,0,0,0,0,0,0,0,66.8278550505638,0,0,0,0,0,0,0,0,0.272575199604034,0,7187.73622129858,268.731185600162,0,0,0,70.0566830635071,9.11920835077763,27.0596552193165,5.91802966594696,1568.39667220414,915.922624111176,1210.44134736061,5270.42199881375,1776.82561758161,0,0.121682353317738,758.478148564696,3.45088014006615,8.76971036195755,8.45364275574684,48.7211298346519,1.340944647789,0.197217792272568,3.88618099689484,3.25501409173012,28.5837484896183,45.8031878173351,0,16.0584148168564,47.2829871475697,0,8.8220876455307,4.67119064927101,729.339103922248,0,20.0317617803812,51.6999241411686,0,10.3888574838638,2.91895478963852,5722.29483067989,454.641341224313,0.402062505483627,6.54512374103069,16.7539058923721,4096.13090254366,1947.58884304762,168.838155135512,238.309757709503,1799.81469376385,124.739219024777,1831.85057367384,1776.82561758161,10900.2062237263,0,90.0267177224159,4009.98520162702,157.060385286808,193.259370163083,220.29717092216,0,0,4.96460127830505,10.5661341026425,59.5417304188013,1.15083172917366,1.53285281360149,0,2.01613454520702,0,0,0,0,0,2.43281607329845,39.0555403977633,0,1.14748927950859,0,0,0,0,8705.98360113055,1881.54128281772,1373.36584167182,4.0334702283144,207.06294324249,0,747.135296702385,0,0,0,0,0,12225.6580256,6112.44434418529,0,448.609706535935,8.33306354284286,2.40140503644943,0,9.68836027383804,73.2438687384129,184.460025347769,673.563276439905,168.658012762666,311.524228334427,2.40584982931614,215.188186906278,0,0.488263607025146,3.42287710309029,1.09536972641945,6.13058215379715,34.6165672168136,1609.11689594388,4.8854842633009,50.1866320669651,88.2774474397302,48.3135951831937,4.70333990454674,24.3019375875592,1608.79292764515,4302.36804135144,5267.40699661523,1821.90127726644,3952.70963276178,24.776451960206,1915.20142186433,0,1.48574510216713,11.2272210791707,0.121682353317738,90.0267177224159,6112.44434418529,18971.8772120476,45.1626063659787,615.755910106003,838.812813177705,82.9463409781456,0,0,0.317043989896774,5.32457698881626,0.264233112335205,5.77568244934082,10.8783993721008,0,7.42691752314568,1.92136362195015,0,0,0,0,0,12.2901937812567,0,0,1.19345188140869,0,1174.01582246274,286.35447178036,0.567047327756882,18.2025811821222,9.3837458640337,169.550813734531,2182.15602558851,70.6281327456236,131.783752173185,1296.68154719472,24.4884071946144,4116.92586886883,758.478148564696,4009.98520162702,0,45.1626063659787,6066.5101301223,171.796177253127,107.614936292171,554.434584707022,0,0.124950416386127,3.70455205440521,6.72114625573158,11.3802083656192,1.36406564712524,5.86561493575573,0,16.5403586477041,0,0,0,0,0,0.423380166292191,42.6209670379758,0,3.80554893612862,0.349071025848389,0.151253655552864,209.348399810493,6038.66403671354,2087.46650902927,874.55046159029,326.540011748672,79.0006787627935,1775.60393754393,1025.30902770162,7124.4663618952,0,273.582315534353,240.836187854409,3.45088014006615,157.060385286808,448.609706535935,615.755910106003,171.796177253127,4092.97151573002,1569.34891668707,654.382068790495,0,5.78718182444572,2.08543753623962,39.4814546704292,16.6124234646559,13.5082321465015,55.1205214038491,84.4010627865791,543.737439855933,0,0,1.69549497961998,0,0,0.177505135536194,102.400135301054,0,19.1972834169865,3401.20237796009,7.7491308003664,455.056397944689,891.386088252068,37.0764730274677,181.675901286304,163.169418632984,756.112665139139,2191.08911286294,2266.16295172274,6146.99341637641,0,164.777426511049,40.8163845688105,8.76971036195755,193.259370163083,8.33306354284286,838.812813177705,107.614936292171,1569.34891668707,4504.73712646961,275.783834353089,0,0,2.55439949035645,0.692990660667419,2.50535762310028,2.67087662220001,11.7650525718927,0,10.676719814539,0,0,0,0,0,0.82145231962204,7.17164747416973,0,0,1.62357223033905,0,141.672518409789,2079.61374209076,14.357878357172,126.354847073555,20.6269362568855,157.781834416091,4970.93938992918,135.451306164265,204.432482153177,0.939415633678436,12.4063511043787,2497.94567009807,8.45364275574684,220.29717092216,2.40140503644943,82.9463409781456,554.434584707022,654.382068790495,275.783834353089,3187.81560392678
