8437.57717764378,633.817859604955,0.532722279429436,1.03869465738535,0,970.430140703917,22.2635890692472,709.161684110761,7.56877812743187,1110.21608161926,2393.52141293883,1086.99630235136,6538.60771709681,3499.73917734623,0.292955577373505,0.788749068975449,312.130817189813,4.17647905647755,115.494852885604,8.92699110507965,660.996800646186,0,0,0,0,12.0822845697403,0,1.7808820605278,0,51.0989153087139,0.383282452821732,0,0,62.589884057641,0,0,0,0,52.1954204589128,0,633.817859604955,37249.3530947417,1675.67835699022,219.539660952985,1.81036108732224,260.849873766303,1550.98736134171,1934.07602506876,1255.17617208511,0.293919682502747,2960.70096322149,3022.93483263999,626.46386782825,339.304287187755,4.77047695219517,193.483433999121,203.017806336284,3881.9889010638,78.236869558692,2269.5971551761,0,0,0,0,0,0,0,0,0,0,0,0,0,0,0,0.65507572889328,0,0,2.52561773359776,0,0.532722279429436,1675.67835699022,12807.801861085,1069.22866501659,1738.04410957545,2.852359354496,3160.12805930525,173.4462467134,3733.42388872802,0,7.21048575639725,24.0655534267426,0.518802002072334,0,10205.5905774012,1552.45616930723,4.83343477547169,4082.97273789346,59.4264589548111,193.379532732069,0,0,1.03499460220337,0,14.3311622738838,0,0,0,0,0,0,0,0,0,0,16.3646623492241,0,1.59019103646278,0,0,1.03869465738535,219.539660952985,1069.22866501659,3857.54637499154,127.445387281477,88.2141393870115,5188.67250903696,47.5369105488062,1337.6929820478,0,0.317308872938156,33.2798972129822,1.83148483932018,0.144416451454163,1664.66691055894,2550.24867189303,20.2344416677952,955.731975026429,687.280801303685,242.955367274582,0,0,0,0,13.4318009018898,1.03618848323822,0,0,5.3494681045413,0,0,0,0,0,1.04705166816711,5.9864022731781,0,0.372401982545853,2.36417020857334,0,0,1.81036108732224,1738.04410957545,127.445387281477,2764.68432563543,1002.70494456589,101.93192178756,0,892.185747295618,0,0,0.988537043333054,0,0,1185.72443196177,5373.64923171699,0.220014780759811,31.5567030310631,13.7821695655584,4.35959541797638,0,0,141.374547421932,31.8107058256865,1812.20565579832,144.527310222387,23.6930051147938,0.898589730262756,260.353595025837,0,0,1.28907823562622,0,0,151.149726718664,1794.28738437593,2.0472030043602,75.1501444876194,15.1294506192207,5.31986626982689,970.430140703917,260.849873766303,2.852359354496,88.2141393870115,1002.70494456589,5324.05507363379,1568.829206191,234.68711784482,1462.49910654128,5.77677081525326,33.7962236106396,1137.96302703023,93.6022001951933,2002.84836161137,0.125366300344467,1111.64974695444,780.766700565815,49.9600787088275,985.030427798629,198.051262184978,2.24958056211472,0.495770186185837,0,5.79941844940186,248.022677242756,136.365577891469,8.51500380039215,0.662174671888351,13.7405811697245,0,0,0,0,7.38872668147087,0,102.271125108004,0,6.38560651242733,105.770757451653,1.0956726372242,22.2635890692472,1550.98736134171,3160.12805930525,5188.67250903696,101.93192178756,1568.829206191,23151.3469017148,69.1168724894524,895.401689201593,0,6.8688065558672,1128.46681969613,52.2427363246679,780.310713306069,154.271847002208,3662.35271572322,2841.19653661549,2428.02169875801,311.44002148509,4217.95870992541,0,0,0,0,8.57773880660534,1.38570940494537,30.0634578466415,0,0,0,0,0,0,0,0.290526926517487,4.92128138244152,0,0,1.69612348079681,0,709.161684110761,1934.07602506876,173.4462467134,47.5369105488062,0,234.68711784482,69.1168724894524,5728.49821192026,1124.13845650852,0,3490.21778798103,5.14041514694691,33.8947968631983,38.9665198326111,1.63812760263681,8.98707062005997,1.70592147111893,834.370858058333,2260.10072369128,14.402006149292,2.7717077434063,0,0,0,0,0.995549201965332,0,14.4471848160028,13.585942402482,0,0,0,0,0,0,5.87976965308189,0,0,760.169451504946,0,7.56877812743187,1255.17617208511,3733.42388872802,1337.6929820478,892.185747295618,1462.49910654128,895.401689201593,1124.13845650852,9441.24765177071,0,80.307855412364,411.520906850696,7.54427053034306,33.8964297175407,122.33360542357,659.141023688018,29.097134411335,4551.01098503172,3589.67590347677,86.7279430478811,0,0,4.93598924577236,2.8791635632515,103.208736822009,1.52535980939865,1.95336428284645,0,174.793823361397,0,0,0,0,0,22.9023384600878,129.459600046277,0,14.4291338026524,57.9671835005283,0,1110.21608161926,0.293919682502747,0,0,0,5.77677081525326,0,0,0,245.07773694396,1.80280721187592,93.1801264286041,355.038670413196,1210.48888486624,0,0,723.145421147346,0,0,0.627430975437164,47.3916763365269,0,0,0,0,0,0,0,0,6.90273582935333,0,0,0,8.86796182394028,0,0,0,0,0,0,2393.52141293883,2960.70096322149,7.21048575639725,0.317308872938156,0,33.7962236106396,6.8688065558672,3490.21778798103,80.307855412364,1.80280721187592,3933.10242709517,59.1036777347326,2372.29221734405,135.445898383856,0,0.157915905117989,9.85683642327785,345.155090838671,2.54814238846302,0.138149932026863,6.85036486387253,0,0,0,0,0,0,0,0,0,0,0,0,1.75241786241531,0,0,0,0,3.71817700564861,0,1086.99630235136,3022.93483263999,24.0655534267426,33.2798972129822,0.988537043333054,1137.96302703023,1128.46681969613,5.14041514694691,411.520906850696,93.1801264286041,59.1036777347326,5988.35099892318,1180.34841577709,3492.12613385916,0.468850344419479,83.6198640912771,3781.82362015545,333.38253685832,16.3987219631672,1704.88534810394,2.55173592269421,0,0,0,0,0,0,0,0,0,0,0,0,0.759158134460449,0,0,0,0,0.199342280626297,0,6538.60771709681,626.46386782825,0.518802002072334,1.83148483932018,0,93.6022001951933,52.2427363246679,33.8947968631983,7.54427053034306,355.038670413196,2372.29221734405,1180.34841577709,2686.54633995891,1055.93337509781,0.137059956789017,3.58246802538633,686.18934442848,10.3437025249004,2.63030414283276,10.8594967573881,81.683959454298,0,0,0,0,0,0,0,0,6.74597795307636,0,0,0,2.33355864882469,0,0,0,0,5.07485648989677,0,3499.73917734623,339.304287187755,0,0.144416451454163,0,2002.84836161137,780.310713306069,38.9665198326111,33.8964297175407,1210.48888486624,135.445898383856,3492.12613385916,1055.93337509781,11177.5851934999,0,6.57350005209446,4983.46493308246,6.55195467174053,47.2889431118965,151.713069736958,200.344016164541,0,0,0,0,0,0,0,0,75.7954476177692,0,0.306676864624023,0,70.1754038333893,0,0,0,0,0.930737435817719,0,0.292955577373505,4.77047695219517,10205.5905774012,1664.66691055894,1185.72443196177,0.125366300344467,154.271847002208,1.63812760263681,122.33360542357,0,0,0.468850344419479,0.137059956789017,0,15463.9484263361,6319.59845723957,0,129.397282674909,22.4558757469058,7.00282590091228,0,0,3.45077928900719,3.1359384059906,15.8653063178062,0,0,0,0,0,0,0,0,0,4.03702615201473,13.2941748648882,0,2.5459767729044,0,0,0.788749068975449,193.483433999121,1552.45616930723,2550.24867189303,5373.64923171699,1111.64974695444,3662.35271572322,8.98707062005997,659.141023688018,0,0.157915905117989,83.6198640912771,3.58246802538633,6.57350005209446,6319.59845723957,17446.119171951,48.2850549146533,783.903409019113,336.737006306648,215.72670494765,0,0,7.88578376173973,0.504481792449951,243.960622549057,26.279974758625,8.15851317346096,0,3.39603877067566,0,0,0,0,0,19.6967706531286,171.0471547544,0,13.7730303704739,0.477932944893837,0,312.130817189813,203.017806336284,4.83343477547169,20.2344416677952,0.220014780759811,780.766700565815,2841.19653661549,1.70592147111893,29.097134411335,723.145421147346,9.85683642327785,3781.82362015545,686.18934442848,4983.46493308246,0,48.2850549146533,3632.31973397732,101.289780840278,2.88073334097862,727.00611191988,2.03620606660843,0,0,0,0,0,0,0,0,0,0,0,0,0.778941810131073,0,0,0,0,0,0,4.17647905647755,3881.9889010638,4082.97273789346,955.731975026429,31.5567030310631,49.9600787088275,2428.02169875801,834.370858058333,4551.01098503172,0,345.155090838671,333.38253685832,10.3437025249004,6.55195467174053,129.397282674909,783.903409019113,101.289780840278,3610.95407897234,318.600975520909,388.450962238014,0,0,0,0,8.82786794006824,0.218969956040382,0,0,1.17341583967209,0,0,0,0,0,0,7.29134531319141,0,1.03367838263512,2.6294316649437,0,115.494852885604,78.236869558692,59.4264589548111,687.280801303685,13.7821695655584,985.030427798629,311.44002148509,2260.10072369128,3589.67590347677,0,2.54814238846302,16.3987219631672,2.63030414283276,47.2889431118965,22.4558757469058,336.737006306648,2.88073334097862,318.600975520909,3495.31429909915,57.7243185937405,0,0,0,10.2404223680496,0,0,3.14396858215332,50.0884936153889,134.454612731934,0,0,0,0,0,2.93385601043701,30.0052616894245,0,7.00037670135498,3440.95321251452,0,8.92699110507965,2269.5971551761,193.379532732069,242.955367274582,4.35959541797638,198.051262184978,4217.95870992541,14.402006149292,86.7279430478811,0.627430975437164,0.138149932026863,1704.88534810394,10.8594967573881,151.713069736958,7.00282590091228,215.72670494765,727.00611191988,388.450962238014,57.7243185937405,4029.74010903388,0,0,0,0,0,0,0,0,0,0,0,0,0,0,0,0,0,0,0,0,660.996800646186,0,0,0,0,2.24958056211472,0,2.7717077434063,0,47.3916763365269,6.85036486387253,2.55173592269421,81.683959454298,200.344016164541,0,0,2.03620606660843,0,0,0,16722.6067500412,2080.63528719544,0,1.83100600540638,0,1000.76118710637,22.2243119627237,1820.21071064472,76.6362117081881,2527.86300058663,2738.56989997625,1515.56375716627,5707.27095121145,4276.67100934684,0.508708864450455,3.83929304778576,218.244847208261,76.0020700544119,112.295399606228,200.558864846826,0,0,0,0,0,0.495770186185837,0,0,0,0,0,0,0,0,0,0,0,0,0,0,2080.63528719544,26536.4481543005,1407.65187086165,45.9205075800419,0.245881080627441,70.6138024330139,1015.57912443578,4278.12405602634,1064.95279043913,0,1870.30284760892,1583.68794222176,241.574494704604,107.008882127702,0.179661333560944,34.8734866380692,63.5473940074444,3907.76623104513,100.806875854731,2536.41990949214,0,0,1.03499460220337,0,141.374547421932,0,0,0,4.93598924577236,0,0,0,0,0,3.45077928900719,7.88578376173973,0,0,0,0,0,1407.65187086165,12157.3838068247,419.92421926558,2112.68760380149,7.1310416162014,1837.27113141119,455.735199376941,4708.34824609011,0,2.65089946985245,10.6136809289455,0,2.63518784940243,7871.32046527416,1688.24950965494,16.4805714786053,2510.61029733717,16.3346797823906,73.2547497600317,0,0,0,0,31.8107058256865,5.79941844940186,0,0,2.8791635632515,0,0,0,0,0,3.1359384059906,0.504481792449951,0,0,10.2404223680496,0,1.83100600540638,45.9205075800419,419.92421926558,4120.8373247087,138.204794153571,72.6034720540047,3431.33282102644,51.3103213608265,681.598535463214,0,0,39.2879953533411,0,18.9270722717047,855.440155558288,2644.14836969227,106.576036378741,633.240434996784,556.027074307203,339.98966126889,0,0,14.3311622738838,13.4318009018898,1812.20565579832,248.022677242756,8.57773880660534,0,103.208736822009,0,0,0,0,0,15.8653063178062,243.960622549057,0,8.82786794006824,0,0,0,0.245881080627441,2112.68760380149,138.204794153571,3450.01313324273,1104.13951075077,70.6611379235983,3.00850886106491,969.415916845202,0,0,0.41119496524334,0,1.07724373042583,1953.48717696965,4328.985193111,3.62901790440083,213.177812114358,60.1700984239578,6.37499590963125,12.0822845697403,0,0,1.03618848323822,144.527310222387,136.365577891469,1.38570940494537,0.995549201965332,1.52535980939865,0,0,0,0,0,0,26.279974758625,0,0.218969956040382,0,0,1000.76118710637,70.6138024330139,7.1310416162014,72.6034720540047,1104.13951075077,9575.63494849205,2595.98135636747,639.631611824036,1854.44760194421,1.80576473474503,0.725132495164871,290.904740124941,14.2051092386246,3447.39639783651,6.02811548113823,1926.66204158217,627.287509098649,198.027720212936,1475.09765654802,382.52000901103,0,0,0,0,23.6930051147938,8.51500380039215,30.0634578466415,0,1.95336428284645,0,0,0,0,0,0,8.15851317346096,0,0,3.14396858215332,0,22.2243119627237,1015.57912443578,1837.27113141119,3431.33282102644,70.6611379235983,2595.98135636747,16687.8910776898,26.3717456310987,1045.44097211957,0,0,277.24207585305,0.386856138706207,1435.12623784691,216.34301584214,3041.42630209029,1454.23488326371,1078.82756278664,378.823534443974,2322.2879743576,1.7808820605278,0,0,0,0.898589730262756,0.662174671888351,0,14.4471848160028,0,0,0,0,0,0,0,0,0,0,50.0884936153889,0,1820.21071064472,4278.12405602634,455.735199376941,51.3103213608265,3.00850886106491,639.631611824036,26.3717456310987,7937.00082328916,1727.97834838927,0.178470060229301,3071.46925069392,187.94834561646,130.985123798251,148.145435705781,0,88.5005011260509,14.4705135375261,1392.17880886793,1359.74510827661,63.0389723777771,0,0,0,5.3494681045413,260.353595025837,13.7405811697245,0,13.585942402482,174.793823361397,0,0,0,0,0,0,3.39603877067566,0,1.17341583967209,134.454612731934,0,76.6362117081881,1064.95279043913,4708.34824609011,681.598535463214,969.415916845202,1854.44760194421,1045.44097211957,1727.97834838927,8044.411416471,0.430477350950241,8.79597970843315,385.621432572603,0.967149943113327,282.08011867106,503.861335426569,1708.19739468396,177.219231650233,4371.34093430638,5631.16981811076,602.468191735446,51.0989153087139,0,0,0,0,0,0,0,0,6.90273582935333,0,0,6.74597795307636,75.7954476177692,0,0,0,0,0,0,2527.86300058663,0,0,0,0,1.80576473474503,0,0.178470060229301,0.430477350950241,784.668732181191,20.8632825911045,26.7515356689692,352.872850760818,1780.23806770146,0,0,142.574554443359,0,0,0,0.383282452821732,0,0,0,0,0,0,0,0,0,0,0,0,0,0,0,0,0,0,0,2738.56989997625,1870.30284760892,2.65089946985245,0,0,0.725132495164871,0,3071.46925069392,8.79597970843315,20.8632825911045,3954.48143845797,59.5481880903244,2788.70478390157,94.4461061358452,0,0,0.424157857894897,49.8124836087227,1.9052027463913,0.10012448579073,0,0,0,0,1.28907823562622,0,0,0,0,0,0,0,0,0.306676864624023,0,0,0,0,0,0,1515.56375716627,1583.68794222176,10.6136809289455,39.2879953533411,0.41119496524334,290.904740124941,277.24207585305,187.94834561646,385.621432572603,26.7515356689692,59.5481880903244,8571.048163414,608.087962210178,2037.96991447359,1.30649358034134,22.9119729399681,2879.84440547228,188.540191560984,3.432377576828,1924.67554240674,0,0,0,0,0,0,0,0,0,0,0,0,0,0,0,0,0,0,0,0,5707.27095121145,241.574494704604,0,0,0,14.2051092386246,0.386856138706207,130.985123798251,0.967149943113327,352.872850760818,2788.70478390157,608.087962210178,3016.71490176022,554.582852005959,0,0,56.0832266956568,0,0.312703132629395,2.49366822838783,62.589884057641,0,0,0,0,7.38872668147087,0,0,0,8.86796182394028,1.75241786241531,0.759158134460449,2.33355864882469,70.1754038333893,0,0,0.778941810131073,0,0,0,4276.67100934684,107.008882127702,2.63518784940243,18.9270722717047,1.07724373042583,3447.39639783651,1435.12623784691,148.145435705781,282.08011867106,1780.23806770146,94.4461061358452,2037.96991447359,554.582852005959,15554.18831826,1.17566727101803,23.4728637337685,3342.09592918307,49.4216125309467,213.447970300913,227.734293207526,0,0,0,1.04705166816711,151.149726718664,0,0.290526926517487,0,22.9023384600878,0,0,0,0,0,4.03702615201473,19.6967706531286,0,0,2.93385601043701,0,0.508708864450455,0.179661333560944,7871.32046527416,855.440155558288,1953.48717696965,6.02811548113823,216.34301584214,0,503.861335426569,0,0,1.30649358034134,0,1.17566727101803,10659.5064378828,5217.96487880498,3.42525550723076,508.744824953377,14.6677265614271,29.3556860238314,0,0.65507572889328,16.3646623492241,5.9864022731781,1794.28738437593,102.271125108004,4.92128138244152,5.87976965308189,129.459600046277,0,0,0,0,0,13.2941748648882,171.0471547544,0,7.29134531319141,30.0052616894245,0,3.83929304778576,34.8734866380692,1688.24950965494,2644.14836969227,4328.985193111,1926.66204158217,3041.42630209029,88.5005011260509,1708.19739468396,0,0,22.9119729399681,0,23.4728637337685,5217.96487880498,17180.9154272676,72.5870674848557,1013.70508465171,771.822282977402,252.215222112834,0,0,0,0,2.0472030043602,0,0,0,0,0,0,0,0,0,0,0,0,0,0,0,218.244847208261,63.5473940074444,16.4805714786053,106.576036378741,3.62901790440083,627.287509098649,1454.23488326371,14.4705135375261,177.219231650233,142.574554443359,0.424157857894897,2879.84440547228,56.0832266956568,3342.09592918307,3.42525550723076,72.5870674848557,3293.66710239649,137.345061376691,18.9987907707691,732.584613054991,0,0,1.59019103646278,0.372401982545853,75.1501444876194,6.38560651242733,0,0,14.4291338026524,0,0,0,0,0,2.5459767729044,13.7730303704739,0,1.03367838263512,7.00037670135498,0,76.0020700544119,3907.76623104513,2510.61029733717,633.240434996784,213.177812114358,198.027720212936,1078.82756278664,1392.17880886793,4371.34093430638,0,49.8124836087227,188.540191560984,0,49.4216125309467,508.744824953377,1013.70508465171,137.345061376691,5023.12142154574,1166.41617012024,759.92667889595,52.1954204589128,2.52561773359776,0,2.36417020857334,15.1294506192207,105.770757451653,1.69612348079681,760.169451504946,57.9671835005283,0,3.71817700564861,0.199342280626297,5.07485648989677,0.930737435817719,0,0.477932944893837,0,2.6294316649437,3440.95321251452,0,112.295399606228,100.806875854731,16.3346797823906,556.027074307203,60.1700984239578,1475.09765654802,378.823534443974,1359.74510827661,5631.16981811076,0,1.9052027463913,3.432377576828,0.312703132629395,213.447970300913,14.6677265614271,771.822282977402,18.9987907707691,1166.41617012024,3523.60934564471,91.1330994963646,0,0,0,0,5.31986626982689,1.0956726372242,0,0,0,0,0,0,0,0,0,0,0,0,0,0,200.558864846826,2536.41990949214,73.2547497600317,339.98966126889,6.37499590963125,382.52000901103,2322.2879743576,63.0389723777771,602.468191735446,0,0.10012448579073,1924.67554240674,2.49366822838783,227.734293207526,29.3556860238314,252.215222112834,732.584613054991,759.92667889595,91.1330994963646,3684.60739822686
