8590.60399061441,563.770551942289,0,0.488942801952362,0,371.958802565932,71.2387565895915,582.99702373147,3.70381611585617,1894.3315795213,4125.23937025666,1314.70108416677,5371.01893645525,1843.05141289532,0,4.66459015011787,1057.31117896736,32.3220645785332,47.1216343939304,43.9665309339762,3067.51406742632,0,0,0,0,19.9365969598293,4.75997987389565,3.23009318113327,0,658.475950241089,0.394130289554596,1.32004511356354,0.718713402748108,17.2272045314312,0,0,3.97314953804016,0,0,0,563.770551942289,30565.9342456833,653.995313793421,62.6224233582616,3.63602091372013,255.804490469396,1547.71454145014,1672.78121207654,1562.86665420979,0.472257077693939,2226.64400742948,3572.60846449435,485.136938199401,427.701716385782,0,140.489339977503,310.160542741418,5657.12801043689,200.550824888051,2160.23468729109,3.69453665614128,3.4961499273777,0,0,2.37025392055511,201.269839935005,52.5303085893393,1.09233701229095,1.43090361356735,0,0,11.6044785678387,0.750410288572311,11.5007878020406,0,12.2384650111198,7.84943301975727,0.636548265814781,7.63767267763615,2.30022495985031,0,653.995313793421,11634.3290870339,1067.78929004818,2179.43172854185,4.69986255466938,2318.57580684125,33.127125248313,3801.27686356753,0,2.62637591362,1.70265275239944,0,0.794636368751526,9203.36386311054,2981.75470965356,1.95918139815331,1787.57944018394,8.57334150373936,4.89512129127979,0,0.599232874810696,612.546130418777,26.2929338812828,193.378915339708,4.69634164869785,7.84962514042854,0,23.1958550214767,0,0,0,0,0,3.69362220168114,159.854721412063,0,5.87793910503387,6.74059824645519,0,0.488942801952362,62.6224233582616,1067.78929004818,2099.33727710694,149.415199846029,50.3631099686027,4515.80710954219,64.267274081707,1253.94029604644,0,2.29836788773537,5.77946574985981,0.624009445309639,3.0017768740654,622.205756783485,1621.49434184656,39.3503914996982,527.568022206426,162.569222949445,66.6603921204805,0,0,2.76013079285622,15.6897423565388,65.3007137924433,85.6709010004997,18.7148008421063,1.17777799814939,39.6593010500073,0,0,0,0,0,4.11598774790764,122.182195588946,0,7.88663460314274,50.07748234272,0,0,3.63602091372013,2179.43172854185,149.415199846029,2755.13666209579,407.124001339078,90.9261334761977,3.57168120145798,2244.23482277989,0,0,0.286944687366486,0,0.759672969579697,1220.11418509483,3148.24672614783,1.85819315910339,163.579670742154,28.407346919179,1.07335723936558,0,2.58761858940125,60.4229330122471,82.1364756077528,1068.80790214241,220.541395261884,15.6808160170913,0,500.859610512853,0,0,0,0,0,7.78057320415974,724.260407872498,0,9.82222825288773,10.2142818272114,0,371.958802565932,255.804490469396,4.69986255466938,50.3631099686027,407.124001339078,2832.36881741881,1859.89535839856,955.951130107045,399.838399671018,2.4733139872551,46.8984199762344,253.776999033988,6.8781391531229,2981.98518423736,3.42905074357986,1109.38134185225,818.406028747559,77.0593197792768,644.985583007336,136.841290690005,0.486756771802902,16.4382603615522,0,2.95696312189102,163.080819353461,2536.77704750001,526.33126514405,8.93977409601212,36.2625436633825,0,0,13.9763895869255,0.206638813018799,188.104954063892,0,512.333570502698,6.97196923196316,23.0789242833853,71.8107892870903,22.5658790171146,71.2387565895915,1547.71454145014,2318.57580684125,4515.80710954219,90.9261334761977,1859.89535839856,16881.9062518552,323.492234811187,1585.93601607531,1.47759768366814,52.4898869544268,639.5210698843,16.2871893793344,1284.3221577853,232.16503508389,2651.76867758855,3547.45096024871,1633.69390502572,1682.85720035434,4949.19665613025,1.00811643898487,51.5561517626047,2.51280117034912,10.5433548390865,55.9495467841625,1100.84481760114,2007.07818412036,15.9196261912584,41.621963635087,0,1.51434391736984,52.7593522965908,8.58822339773178,107.356894075871,0.788010001182556,371.902935341001,39.3018862605095,8.61069768667221,133.785873919725,19.1386340260506,582.99702373147,1672.78121207654,33.127125248313,64.267274081707,3.57168120145798,955.951130107045,323.492234811187,2735.8199467063,1917.78608831763,0.223289787769318,908.592560485005,34.2973753213882,7.66812840104103,202.294743925333,0,200.075022555888,15.151498734951,1305.39011080563,1018.0307752192,42.7287794500589,2.22703105211258,4.76727871596813,0,0,1.43580487370491,117.079829543829,25.8255411535501,12.9442730247974,15.8223422914743,1.61346065998077,0,0.562185287475586,2.09619855880737,7.87149357795715,0,14.2219943255186,3.97714352607727,0,99.7911143004894,1.00174999237061,3.70381611585617,1562.86665420979,3801.27686356753,1253.94029604644,2244.23482277989,399.838399671018,1585.93601607531,1917.78608831763,11659.0198018625,0,495.788827091455,39.5361512154341,0.325423032045364,31.0734965205193,648.998835548759,2265.22027741,52.1570322066545,5316.57054036856,3175.6761232242,87.9140292778611,0,27.4302836209536,25.7550215274096,116.662067338824,1121.01823961735,254.934508480132,123.148567542434,51.744163185358,1148.31529216468,0,0.261284023523331,18.6111073195934,4.12077227979898,17.8178931772709,11.8057544827461,422.895492888987,21.4788727462292,29.4787982702255,854.870817303658,6.20459151268005,1894.3315795213,0.472257077693939,0,0,0,2.4733139872551,1.47759768366814,0.223289787769318,0,695.579904094338,8.4300287514925,47.7010775953531,968.812084913254,1056.00774130225,0,0,1629.29310032725,0,0,0.426040470600128,143.427919775248,0,0,0,0,0,0,0,0,1075.83073398471,0,0,3.19150906801224,35.8271219432354,0,0,0,0,0,0,4125.23937025666,2226.64400742948,2.62637591362,2.29836788773537,0,46.8984199762344,52.4898869544268,908.592560485005,495.788827091455,8.4300287514925,3334.14675092697,647.918422728777,3092.2785461545,271.256118349731,0,3.4346386641264,114.20754545927,933.794579774141,14.6530240774155,26.2484120950103,190.639532983303,0,0,0,0,11.2113487794995,4.38912332057953,0,0,8.20172828435898,0.435561507940292,0,0,2.46396394073963,0,0.283466875553131,0,0,0,0,1314.70108416677,3572.60846449435,1.70265275239944,5.77946574985981,0.286944687366486,253.776999033988,639.5210698843,34.2973753213882,39.5361512154341,47.7010775953531,647.918422728777,9057.42433717847,1269.30503623188,1331.89093099535,0,28.2145556733012,3393.29933464527,151.809660300612,46.6036995798349,2796.61303046346,1.98863190412521,1.03981870412827,0,0,0.925042271614075,77.2252794206142,20.2651755362749,0,1.64695870876312,9.97480571269989,0,2.95052754878998,0.188408672809601,22.9400303810835,0,3.72815056145191,2.83055005967617,0,1.43820762634277,4.34401893615723,5371.01893645525,485.136938199401,0,0.624009445309639,0,6.8781391531229,16.2871893793344,7.66812840104103,0.325423032045364,968.812084913254,3092.2785461545,1269.30503623188,6186.04340532422,219.602721303701,0,0.108022898435593,957.186803936958,7.94898793101311,1.99525392055511,4.93914556503296,380.030848816037,0.226624757051468,0,0,0,2.95486345887184,2.52538122236729,0,0,323.714462116361,0,0,0,3.52092084288597,0,0.244413211941719,0,0,0,0,1843.05141289532,427.701716385782,0.794636368751526,3.0017768740654,0.759672969579697,2981.98518423736,1284.3221577853,202.294743925333,31.0734965205193,1056.00774130225,271.256118349731,1331.89093099535,219.602721303701,9167.32865603268,0,27.220411889255,5189.10713221133,42.8272567540407,94.384683355689,363.577744223177,37.9236901402473,3.33644205331802,0,0,3.37640661001205,562.394877105951,53.3822578340769,0,0.623014748096466,307.680109798908,0,0,0.200746342539787,2159.50782778859,0,2.13355901837349,0.402879059314728,0.51409924030304,0,0,0,0,9203.36386311054,622.205756783485,1220.11418509483,3.42905074357986,232.16503508389,0,648.998835548759,0,0,0,0,0,7437.55114205182,3546.17403639108,0.306546956300735,365.886667400599,2.88919396698475,0.17724683880806,0,0,40.1537312567234,10.8263476192951,124.162967294455,0.771451711654663,2.8186342716217,0,6.59699748456478,0,0,0,0,0,1.70366656780243,107.644203141332,0,0.277671605348587,0,0,4.66459015011787,140.489339977503,2981.75470965356,1621.49434184656,3148.24672614783,1109.38134185225,2651.76867758855,200.075022555888,2265.22027741,0,3.4346386641264,28.2145556733012,0.108022898435593,27.220411889255,3546.17403639108,11281.2857749537,63.0774382576346,630.15614849329,1513.37759476528,153.159691482782,0,5.31259186565876,36.3211430758238,57.8348006904125,718.274026051164,1017.61697108299,315.00537827611,21.1958477124572,192.683755554259,0,0,3.34160779416561,1.82019110023975,4.9460913091898,5.54130534827709,4084.00277918577,2.66172191500664,22.665736168623,215.158498387784,13.4345419704914,1057.31117896736,310.160542741418,1.95918139815331,39.3503914996982,1.85819315910339,818.406028747559,3547.45096024871,15.151498734951,52.1570322066545,1629.29310032725,114.20754545927,3393.29933464527,957.186803936958,5189.10713221133,0.306546956300735,63.0774382576346,4598.98844401538,69.6524117588997,62.1761073768139,947.010217383504,20.6635895818472,2.19242060184479,0,0.29014465212822,1.88163596391678,128.800843089819,29.430909216404,0,0.580276072025299,220.109644621611,0.223933964967728,5.44283549487591,1.84790252149105,277.543870016932,0,4.27323339879513,4.36306232213974,2.55519717931747,0.444210469722748,0.457446351647377,32.3220645785332,5657.12801043689,1787.57944018394,527.568022206426,163.579670742154,77.0593197792768,1633.69390502572,1305.39011080563,5316.57054036856,0,933.794579774141,151.809660300612,7.94898793101311,42.8272567540407,365.886667400599,630.15614849329,69.6524117588997,3336.98540116847,375.390236064792,337.11733572185,0,3.4877804517746,0.976838499307632,7.30718512833118,40.7479307055473,48.6634513512254,29.3743777871132,4.62574683129787,26.8890510797501,0,0,2.71552500128746,0,3.62725798785686,0.641492247581482,77.2295256257057,3.2972731590271,4.20638185739517,91.8414581567049,0.776650071144104,47.1216343939304,200.550824888051,8.57334150373936,162.569222949445,28.407346919179,644.985583007336,1682.85720035434,1018.0307752192,3175.6761232242,0,14.6530240774155,46.6036995798349,1.99525392055511,94.384683355689,2.88919396698475,1513.37759476528,62.1761073768139,375.390236064792,2019.61485536397,83.3423205763102,11.2670155465603,50.4211449623108,4.47351017594337,0,16.8826832026243,1060.31504799426,134.46538823843,271.205673247576,635.993469640613,0,3.26256009936333,28.5670010745525,2.05385355651379,28.7337524592876,0,143.13634416461,51.5129829347134,3.84072688221931,3394.49701444805,33.4773702323437,43.9665309339762,2160.23468729109,4.89512129127979,66.6603921204805,1.07335723936558,136.841290690005,4949.19665613025,42.7287794500589,87.9140292778611,0.426040470600128,26.2484120950103,2796.61303046346,4.93914556503296,363.577744223177,0.17724683880806,153.159691482782,947.010217383504,337.11733572185,83.3423205763102,4781.06989701837,0,3.46261981129646,0,1.48835623264313,0.644310787320137,56.5977628976107,47.2084512114525,0.169568449258804,3.21808981895447,0,0,8.59424686431885,3.57104457169771,10.2223317325115,0,15.1855792626739,9.69490066170692,0,7.16951282322407,5.09326064586639,3067.51406742632,3.69453665614128,0,0,0,0.486756771802902,1.00811643898487,2.22703105211258,0,143.427919775248,190.639532983303,1.98863190412521,380.030848816037,37.9236901402473,0,0,20.6635895818472,0,11.2670155465603,0,14522.5890702754,373.027514062822,0.400638550519943,0,0,664.94220238924,63.7812747880816,1017.92862179875,3.00364600121975,3750.28341932595,2429.61935180426,1564.33783626556,7715.99381512403,3026.8891486004,0.152983829379082,6.82346323132515,758.272705078125,2.02207052707672,58.2249362617731,12.5832691192627,0,3.4961499273777,0.599232874810696,0,2.58761858940125,16.4382603615522,51.5561517626047,4.76727871596813,27.4302836209536,0,0,1.03981870412827,0.226624757051468,3.33644205331802,0,5.31259186565876,2.19242060184479,3.4877804517746,50.4211449623108,3.46261981129646,373.027514062822,29413.6933671534,385.581337764859,52.6160543784499,7.4334220290184,186.352684535086,1381.2905471772,2152.64240621775,1628.89922421426,0,2610.74712525308,2128.21828319132,894.962476968765,228.766471624374,6.49153730273247,433.609450124204,132.564590469003,4946.01434181631,297.064372979105,2312.92514663935,0,0,612.546130418777,2.76013079285622,60.4229330122471,0,2.51280117034912,0,25.7550215274096,0,0,0,0,0,40.1537312567234,36.3211430758238,0,0.976838499307632,4.47351017594337,0,0.400638550519943,385.581337764859,11931.2528308779,789.027184233069,1050.99825423956,2.89494913816452,2582.11578901112,102.519457325339,5323.4101690203,0,2.59282080829144,10.1120571196079,2.96776327490807,0.719033166766167,11309.8111426681,1207.6657415852,8.32692982256413,3360.53531362116,83.2205225527287,128.287316694856,0,0,26.2929338812828,15.6897423565388,82.1364756077528,2.95696312189102,10.5433548390865,0,116.662067338824,0,0,0,0,0,10.8263476192951,57.8348006904125,0.29014465212822,7.30718512833118,0,1.48835623264313,0,52.6160543784499,789.027184233069,1267.364529863,247.892542973161,8.76289205253124,1818.59064516425,39.3468730896711,876.065509788692,0,0.224497079849243,15.382162027061,0.808546110987663,0.562527492642403,1223.10108779371,1994.62538234144,9.54131718724966,524.690881930292,98.1475196331739,162.748000457883,0,2.37025392055511,193.378915339708,65.3007137924433,1068.80790214241,163.080819353461,55.9495467841625,1.43580487370491,1121.01823961735,0,0,0.925042271614075,0,3.37640661001205,124.162967294455,718.274026051164,1.88163596391678,40.7479307055473,16.8826832026243,0.644310787320137,0,7.4334220290184,1050.99825423956,247.892542973161,2729.75928977132,882.599097788334,132.573396131396,18.778172403574,3830.40230304003,0,0.949566960334778,1.99381393194199,0,0,445.449196264148,3889.60212872177,0,435.820958837867,21.9916138127446,17.3804535120726,19.9365969598293,201.269839935005,4.69634164869785,85.6709010004997,220.541395261884,2536.77704750001,1100.84481760114,117.079829543829,254.934508480132,0,11.2113487794995,77.2252794206142,2.95486345887184,562.394877105951,0.771451711654663,1017.61697108299,128.800843089819,48.6634513512254,1060.31504799426,56.5977628976107,664.94220238924,186.352684535086,2.89494913816452,8.76289205253124,882.599097788334,4802.57075664401,1654.03184256703,1312.81912090629,347.404463887215,7.47449186444283,55.5463217496872,405.703481316566,136.777937881649,2798.77355982363,3.57557842135429,1255.96997432411,443.75561568141,60.1716080158949,563.642307206988,135.728898391128,4.75997987389565,52.5303085893393,7.84962514042854,18.7148008421063,15.6808160170913,526.33126514405,2007.07818412036,25.8255411535501,123.148567542434,0,4.38912332057953,20.2651755362749,2.52538122236729,53.3822578340769,2.8186342716217,315.00537827611,29.430909216404,29.3743777871132,134.46538823843,47.2084512114525,63.7812747880816,1381.2905471772,2582.11578901112,1818.59064516425,132.573396131396,1654.03184256703,13023.270359233,293.727938912809,1807.99550408125,0.295641183853149,46.1515439003706,839.050479024649,83.411159388721,1031.91330172122,420.569384753704,3618.13427586854,2722.54985105991,1475.55374778807,1174.36392195523,7843.78763528913,3.23009318113327,1.09233701229095,0,1.17777799814939,0,8.93977409601212,15.9196261912584,12.9442730247974,51.744163185358,0,0,0,0,0,0,21.1958477124572,0,4.62574683129787,271.205673247576,0.169568449258804,1017.92862179875,2152.64240621775,102.519457325339,39.3468730896711,18.778172403574,1312.81912090629,293.727938912809,4503.23124012351,2006.20135714114,3.00436422228813,2492.23289397359,106.127560004592,233.944655537605,70.4993454217911,14.1978354454041,323.695334345102,17.336832255125,1048.59162412584,1869.26128965616,57.4575250297785,0,1.43090361356735,23.1958550214767,39.6593010500073,500.859610512853,36.2625436633825,41.621963635087,15.8223422914743,1148.31529216468,0,0,1.64695870876312,0,0.623014748096466,6.59699748456478,192.683755554259,0.580276072025299,26.8890510797501,635.993469640613,3.21808981895447,3.00364600121975,1628.89922421426,5323.4101690203,876.065509788692,3830.40230304003,347.404463887215,1807.99550408125,2006.20135714114,13369.2930628136,0,17.5887073278427,56.5331041589379,8.19532047212124,22.5197032392025,758.940753638744,2676.27847568691,44.1673171594739,5609.75893843919,6268.20408476144,228.687542818487,658.475950241089,0,0,0,0,0,0,1.61346065998077,0,1075.83073398471,8.20172828435898,9.97480571269989,323.714462116361,307.680109798908,0,0,220.109644621611,0,0,0,3750.28341932595,0,0,0,0,7.47449186444283,0.295641183853149,3.00436422228813,0,1584.00586247444,22.7819187343121,24.1720259189606,923.162818193436,647.215700894594,0,0,385.822679176927,0,0,0,0.394130289554596,0,0,0,0,0,1.51434391736984,0,0.261284023523331,0,0.435561507940292,0,0,0,0,0,0.223933964967728,0,3.26256009936333,0,2429.61935180426,2610.74712525308,2.59282080829144,0.224497079849243,0.949566960334778,55.5463217496872,46.1515439003706,2492.23289397359,17.5887073278427,22.7819187343121,3489.72768609226,306.332100473344,3100.44534750283,72.7285965159535,0,22.3203696161509,31.041153460741,139.034410618246,13.904099136591,15.0697518885136,1.32004511356354,11.6044785678387,0,0,0,13.9763895869255,52.7593522965908,0.562185287475586,18.6111073195934,0,0,2.95052754878998,0,0,0,3.34160779416561,5.44283549487591,2.71552500128746,28.5670010745525,8.59424686431885,1564.33783626556,2128.21828319132,10.1120571196079,15.382162027061,1.99381393194199,405.703481316566,839.050479024649,106.127560004592,56.5331041589379,24.1720259189606,306.332100473344,9742.86592657864,1463.57252548635,1789.41046012938,1.34392683207989,105.203740052879,4088.95172916353,113.318822897971,57.0862335562706,2262.58229270577,0.718713402748108,0.750410288572311,0,0,0,0.206638813018799,8.58822339773178,2.09619855880737,4.12077227979898,3.19150906801224,0,0.188408672809601,0,0.200746342539787,0,1.82019110023975,1.84790252149105,0,2.05385355651379,3.57104457169771,7715.99381512403,894.962476968765,2.96776327490807,0.808546110987663,0,136.777937881649,83.411159388721,233.944655537605,8.19532047212124,923.162818193436,3100.44534750283,1463.57252548635,6302.06597688049,1212.69507344067,0.141085162758827,14.5224500223994,537.84128100425,14.7259406223893,5.14365754276514,28.270347379148,17.2272045314312,11.5007878020406,0,0,0,188.104954063892,107.356894075871,7.87149357795715,17.8178931772709,35.8271219432354,2.46396394073963,22.9400303810835,3.52092084288597,2159.50782778859,0,4.9460913091898,277.543870016932,3.62725798785686,28.7337524592876,10.2223317325115,3026.8891486004,228.766471624374,0.719033166766167,0.562527492642403,0,2798.77355982363,1031.91330172122,70.4993454217911,22.5197032392025,647.215700894594,72.7285965159535,1789.41046012938,1212.69507344067,7889.03488364816,0.214638665318489,19.7055929452181,5748.10298718512,19.9503267556429,28.2533068954945,126.533745795488,0,0,3.69362220168114,4.11598774790764,7.78057320415974,0,0.788010001182556,0,11.8057544827461,0,0,0,0,0,1.70366656780243,5.54130534827709,0,0.641492247581482,0,0,0.152983829379082,6.49153730273247,11309.8111426681,1223.10108779371,445.449196264148,3.57557842135429,420.569384753704,14.1978354454041,758.940753638744,0,0,1.34392683207989,0.141085162758827,0.214638665318489,13290.4947204739,4915.81255017221,0.856380015611649,778.403195276856,17.2066189348698,15.3887758404016,0,12.2384650111198,159.854721412063,122.182195588946,724.260407872498,512.333570502698,371.902935341001,14.2219943255186,422.895492888987,0,0.283466875553131,3.72815056145191,0.244413211941719,2.13355901837349,107.644203141332,4084.00277918577,4.27323339879513,77.2295256257057,143.13634416461,15.1855792626739,6.82346323132515,433.609450124204,1207.6657415852,1994.62538234144,3889.60212872177,1255.96997432411,3618.13427586854,323.695334345102,2676.27847568691,0,22.3203696161509,105.203740052879,14.5224500223994,19.7055929452181,4915.81255017221,8969.23487466201,50.9458196163177,1262.3817371428,1154.2591656819,444.874247774482,3.97314953804016,7.84943301975727,0,0,0,6.97196923196316,39.3018862605095,3.97714352607727,21.4788727462292,0,0,2.83055005967617,0,0.402879059314728,0,2.66172191500664,4.36306232213974,3.2972731590271,51.5129829347134,9.69490066170692,758.272705078125,132.564590469003,8.32692982256413,9.54131718724966,0,443.75561568141,2722.54985105991,17.336832255125,44.1673171594739,385.822679176927,31.041153460741,4088.95172916353,537.84128100425,5748.10298718512,0.856380015611649,50.9458196163177,8307.51416315138,36.6596077531576,58.7973911315203,1447.73093129694,0,0.636548265814781,5.87793910503387,7.88663460314274,9.82222825288773,23.0789242833853,8.61069768667221,0,29.4787982702255,0,0,0,0,0.51409924030304,0.277671605348587,22.665736168623,2.55519717931747,4.20638185739517,3.84072688221931,0,2.02207052707672,4946.01434181631,3360.53531362116,524.690881930292,435.820958837867,60.1716080158949,1475.55374778807,1048.59162412584,5609.75893843919,0,139.034410618246,113.318822897971,14.7259406223893,19.9503267556429,778.403195276856,1262.3817371428,36.6596077531576,3902.64257314801,703.011881113052,365.30485034734,0,7.63767267763615,6.74059824645519,50.07748234272,10.2142818272114,71.8107892870903,133.785873919725,99.7911143004894,854.870817303658,0,0,1.43820762634277,0,0,0,215.158498387784,0.444210469722748,91.8414581567049,3394.49701444805,7.16951282322407,58.2249362617731,297.064372979105,83.2205225527287,98.1475196331739,21.9916138127446,563.642307206988,1174.36392195523,1869.26128965616,6268.20408476144,0,13.904099136591,57.0862335562706,5.14365754276514,28.2533068954945,17.2066189348698,1154.2591656819,58.7973911315203,703.011881113052,3546.26638422906,183.136891238391,0,2.30022495985031,0,0,0,22.5658790171146,19.1386340260506,1.00174999237061,6.20459151268005,0,0,4.34401893615723,0,0,0,13.4345419704914,0.457446351647377,0.776650071144104,33.4773702323437,5.09326064586639,12.5832691192627,2312.92514663935,128.287316694856,162.748000457883,17.3804535120726,135.728898391128,7843.78763528913,57.4575250297785,228.687542818487,0,15.0697518885136,2262.58229270577,28.270347379148,126.533745795488,15.3887758404016,444.874247774482,1447.73093129694,365.30485034734,183.136891238391,6814.55973830819
