6902.24719050527,176.947198957205,0,6.95085579156876,0,393.648974299431,159.581532731652,979.208807423711,4.13758490979671,1795.00940570235,2392.67590425909,593.307539761066,4689.9482845813,2147.38263615966,0,2.05452811717987,519.557614088058,46.3050806224346,475.591135799885,23.6768738329411,2869.91969718039,0,0,0,0,13.4970200657845,0.293615847826004,0,0,849.364224120975,3.26408955454826,0,0,4.95067051053047,0,0.385695204138756,0,0,0,0.155239954590797,176.947198957205,37831.9877196252,124.361482456326,113.87969648838,8.77567552030087,152.816145449877,1636.49781428277,3063.50614655018,1146.89792259037,5.94700622558594,5140.61295951158,2063.53057617694,380.713897421956,484.584582649171,15.8584116846323,76.4159727543592,594.273116230965,3593.70430031419,168.394297793508,2617.34047003835,2.45995506644249,1.8291791677475,0.463404268026352,0.159794509410858,3.211021900177,27.268410295248,26.8823595046997,0,13.945708617568,0.380196541547775,0,0,0,2.78086370229721,0,10.2485872507095,0,0,8.30264005064964,0,0,124.361482456326,14960.2562166303,708.977078840137,1653.93301442266,2.98458550870419,1518.23691731691,24.5842205584049,4023.02164112031,0,2.18081948161125,0,0,0.765802770853043,10000.4990799278,2193.66614603251,2.70893926918507,1107.70968809724,32.106993958354,4.71713143587112,0,0.229761764407158,494.733082421124,17.2423374801874,104.279502019286,7.85416303575039,8.22146237641573,1.69199092686176,207.345753327012,0,0,0,0,0,4.04681041836739,77.2825421094894,0,6.60168097913265,1.81799511611462,0.766197524964809,6.95085579156876,113.87969648838,708.977078840137,2407.00566908717,309.557689681649,30.4246665090322,2416.5317723304,200.739464998245,1140.00689697266,0,4.79962983727455,4.47069701552391,7.4819116294384,24.9349668174982,2434.29628397524,2236.41134749353,55.9755149930716,588.125755175948,195.742664948106,97.0487748682499,0,2.46928150951862,14.7410579025745,24.0372868329287,153.474280297756,23.4628493636847,17.2435270920396,4.27090106904507,194.695543214679,0,0,0,0,0.290678322315216,15.0811864733696,163.160372599959,0,8.85534343123436,13.1283218413591,0.44049409031868,0,8.77567552030087,1653.93301442266,309.557689681649,830.364602833986,565.199022620916,126.002933710814,28.0604022294283,3446.83890132606,0,0.415790498256683,0.318272054195404,0,1.9748462587595,626.015332654119,2276.42695820332,0.473952114582062,281.769107013941,64.8714502006769,1.35791486501694,0,0.564989313483238,28.5224206149578,28.7877625972033,1250.51829442382,126.116211920977,15.9263334423304,1.5084028840065,1069.76877269894,0,0,0,0,0.201779454946518,4.9217644482851,141.017426364124,0,12.2646201550961,5.44848382472992,0.875867664813995,393.648974299431,152.816145449877,2.98458550870419,30.4246665090322,565.199022620916,2670.26099234819,2168.37407998741,242.73679472506,194.896664813161,6.05112075805664,11.3190659284592,78.0729114860296,16.951161339879,1948.49471795559,14.1540749520063,1561.24320026487,318.014093607664,88.3450002074242,932.829685389996,71.3236102610826,1.69008539617062,2.45606726408005,1.83105704188347,3.54867304861546,56.4027057290077,925.244488403201,270.146695144475,5.40066219866276,169.215474411845,2.58981788158417,0,0.423500180244446,0.199291869997978,23.0872062295675,1.71688461303711,320.290286742151,5.10967494547367,5.87121157348156,197.141089498997,6.64487951993942,159.581532731652,1636.49781428277,1518.23691731691,2416.5317723304,126.002933710814,2168.37407998741,27345.3498953283,902.634970650077,2578.40839404613,17.3966859728098,67.5164245814085,382.926295429468,73.7129861414433,2746.9811803326,167.391018971801,2254.4881060794,4183.72330795974,2574.20366290212,1824.02055964619,4441.64684204757,2.57437311112881,7.53198032081127,4.5922969430685,4.68519107997417,53.1497205197811,581.589032277465,876.447506785393,25.820107370615,497.608721524477,0.365835845470428,0,3.76840963959694,2.23572739958763,6.39481280744076,1.61581115424633,306.62563123554,3.90797686576843,6.76887361705303,83.3804453313351,35.771603256464,979.208807423711,3063.50614655018,24.5842205584049,200.739464998245,28.0604022294283,242.73679472506,902.634970650077,4497.15436646342,4088.80453518033,1.03747010231018,3609.44612853229,12.4038591533899,50.4211046546698,169.611973777413,33.1856695562601,231.543063357472,34.2859740555286,1981.38659337163,1887.85017207265,87.6248199790716,10.2361514866352,5.24368707835674,9.12396746873856,5.43893803656101,15.4142498522997,42.4088361561298,34.4839838817716,352.566940531135,104.326252967119,0,0,0,0.235538706183434,1.76391196250916,0,57.5240509659052,2.78797793388367,15.3495733141899,311.042137503624,0.51978987455368,4.13758490979671,1146.89792259037,4023.02164112031,1140.00689697266,3446.83890132606,194.896664813161,2578.40839404613,4088.80453518033,9016.19422798604,0.290994763374329,565.752784624696,19.5509550124407,3.34660157561302,49.9270685166121,1079.0476693064,2119.33793006837,98.5355203151703,6085.05183394253,3627.84149470925,206.726030349731,0,5.61030311882496,150.102419510484,43.255380615592,1360.62862031162,178.939647033811,136.573967933655,38.4522871077061,2503.5525393039,0,0,0,0.897589206695557,1.7268630117178,24.5541573166847,353.102351062,1.03060507774353,22.7170350402594,213.50493671,6.90186922252178,1795.00940570235,5.94700622558594,0,0,0,6.05112075805664,17.3966859728098,1.03747010231018,0.290994763374329,640.366047769785,25.5401512086391,74.1873372495174,1166.54548290372,661.946297973394,0,0.434894263744354,1535.05125884712,0.694339513778687,0.255124866962433,0.271966964006424,237.063350737095,0,0,0,0,0,0,0,0,446.850845962763,0,0,27.3828476071358,13.5601605772972,0,0,7.67233720421791,0,0,0,2392.67590425909,5140.61295951158,2.18081948161125,4.79962983727455,0.415790498256683,11.3190659284592,67.5164245814085,3609.44612853229,565.752784624696,25.5401512086391,5301.47456662357,199.172329440713,1715.15356378257,151.256063297391,0.571130275726318,2.80037000030279,46.6305754929781,1017.70986759663,41.372240960598,36.3177405297756,118.442900896072,1.52578067779541,0,0,0.276192039251328,1.8748927116394,1.03843057155609,0,0.350855231285095,2.54910093545914,0,0,0,0.279734939336777,0,0,0,0,0.522348701953888,0,593.307539761066,2063.53057617694,0,4.47069701552391,0.318272054195404,78.0729114860296,382.926295429468,12.4038591533899,19.5509550124407,74.1873372495174,199.172329440713,9033.23220989108,1881.88886608183,1031.04051442444,0.26391327381134,11.9490943104029,2816.07314154506,72.2749183624983,23.1592614650726,3130.98413687944,8.40964341163635,0,0,0,1.35960817337036,13.371883481741,5.9411393404007,0,3.05162233114243,13.429774671793,0,0,0,0.36281681060791,0,0.755376130342484,0.211903557181358,0,0,0,4689.9482845813,380.713897421956,0,7.4819116294384,0,16.951161339879,73.7129861414433,50.4211046546698,3.34660157561302,1166.54548290372,1715.15356378257,1881.88886608183,8242.49619972706,342.85573579371,0,3.38968048989773,514.2855463624,24.4876778423786,2.24199515581131,44.9763637036085,489.618012323976,0,0,0,0,0,0.228385984897614,0,1.78613317012787,168.883638337255,0,0,0,0,0,0,0,0,0,0,2147.38263615966,484.584582649171,0.765802770853043,24.9349668174982,1.9748462587595,1948.49471795559,2746.9811803326,169.611973777413,49.9270685166121,661.946297973394,151.256063297391,1031.04051442444,342.85573579371,7989.95534190536,2.72639030218124,41.3630864918232,5208.79767487198,116.203747719526,235.931106731296,266.618572607636,92.583757519722,0,0,0,1.34705199301243,62.2525004446507,63.7310474514961,1.07470643520355,10.7770408838987,236.075961619616,0,0,0,680.051470309496,0,7.76630486547947,0,0,4.89119592308998,2.47303926944733,0,15.8584116846323,10000.4990799278,2434.29628397524,626.015332654119,14.1540749520063,167.391018971801,33.1856695562601,1079.0476693064,0,0.571130275726318,0.26391327381134,0,2.72639030218124,8411.38507950306,4134.53360462189,3.9250430315733,336.579473808408,34.6255500912666,6.64214485883713,0,2.93951404094696,25.7374532669783,22.4094357788563,105.551739931107,9.62354093790054,9.92997381091118,0.171523705124855,119.300208494067,0,0,0,0,0,10.9113753437996,119.122901551425,0,9.77206633985043,2.98184636235237,1.16170388460159,2.05452811717987,76.4159727543592,2193.66614603251,2236.41134749353,2276.42695820332,1561.24320026487,2254.4881060794,231.543063357472,2119.33793006837,0.434894263744354,2.80037000030279,11.9490943104029,3.38968048989773,41.3630864918232,4134.53360462189,17256.021694988,39.7744964361191,493.76727373153,454.542805157602,56.0210457742214,0.189883217215538,10.5118610858917,72.9368289113045,131.884839266539,762.931880004704,573.4402230829,295.280467063189,12.1425279006362,755.36886318773,0,1.41452656686306,0.971160113811493,0.527716115117073,7.30284312367439,35.4841786324978,2112.64385067672,0.720951288938522,44.0199308842421,54.3497818857431,10.0594498217106,519.557614088058,594.273116230965,2.70893926918507,55.9755149930716,0.473952114582062,318.014093607664,4183.72330795974,34.2859740555286,98.5355203151703,1535.05125884712,46.6305754929781,2816.07314154506,514.2855463624,5208.79767487198,3.9250430315733,39.7744964361191,7704.93866761774,74.7011379748583,43.5950675904751,760.237539358437,25.393156170845,0.504567265510559,0.298147141933441,0,0.61316853761673,46.2010988891125,19.9718871712685,0.524542093276978,15.8146952241659,178.722984403372,0,0,0,5.6204976439476,0,5.63361755013466,0.950505495071411,0,0,1.0320320725441,46.3050806224346,3593.70430031419,1107.70968809724,588.125755175948,281.769107013941,88.3450002074242,2574.20366290212,1981.38659337163,6085.05183394253,0.694339513778687,1017.70986759663,72.2749183624983,24.4876778423786,116.203747719526,336.579473808408,493.76727373153,74.7011379748583,2037.0037202239,464.679292753339,170.580917403102,0,0.265222817659378,4.51939329504967,4.09869074821472,56.1473754197359,25.7742420732975,9.94531969726086,3.42283242940903,60.4558777958155,0,0,0.425632655620575,0,0,1.01587837934494,42.6761750727892,0.249457791447639,5.17943188548088,21.5779502242804,1.12445697188377,475.591135799885,168.394297793508,32.106993958354,195.742664948106,64.8714502006769,932.829685389996,1824.02055964619,1887.85017207265,3627.84149470925,0.255124866962433,41.372240960598,23.1592614650726,2.24199515581131,235.931106731296,34.6255500912666,454.542805157602,43.5950675904751,464.679292753339,1617.832277596,166.979288816452,19.9168935716152,5.10896940529346,113.32315017283,7.19663994014263,30.1897180527449,729.083392560482,131.320262610912,325.314898356795,1050.51517753303,0,0,3.06584821641445,0.657647520303726,8.73677778244019,0,91.6832619532943,3.35353341698647,11.0753877460957,4521.42779603601,40.7536973953247,23.6768738329411,2617.34047003835,4.71713143587112,97.0487748682499,1.35791486501694,71.3236102610826,4441.64684204757,87.6248199790716,206.726030349731,0.271966964006424,36.3177405297756,3130.98413687944,44.9763637036085,266.618572607636,6.64214485883713,56.0210457742214,760.237539358437,170.580917403102,166.979288816452,4731.01955385506,0,0,0,0.495217591524124,0.856704473495483,17.6530942618847,23.3286157250404,1.17000734806061,20.8906720578671,0,0,0,0,0,0,11.8986049294472,0,0,12.5049175322056,2.30173373222351,2869.91969718039,2.45995506644249,0,0,0,1.69008539617062,2.57437311112881,10.2361514866352,0,237.063350737095,118.442900896072,8.40964341163635,489.618012323976,92.583757519722,0,0.189883217215538,25.393156170845,0,19.9168935716152,0,13113.0560275912,271.853829935193,0.61809316277504,2.6743678599596,0.750781282782555,356.98336353898,179.059515982866,1488.42574217916,7.02528956532478,3102.25356255472,2711.64666086435,1231.09909401834,7320.64105497301,2786.84933589399,0,16.9966892004013,725.699659362435,33.100099042058,49.9672550261021,50.5251487493515,0,1.8291791677475,0.229761764407158,2.46928150951862,0.564989313483238,2.45606726408005,7.53198032081127,5.24368707835674,5.61030311882496,0,1.52578067779541,0,0,0,2.93951404094696,10.5118610858917,0.504567265510559,0.265222817659378,5.10896940529346,0,271.853829935193,34961.192232281,292.772411808372,137.743821136653,19.2285320162773,130.13069678843,1628.06646764278,4638.13157422841,1010.14146212488,6.05423691868782,5522.07595491409,2393.29457120597,521.667951837182,388.817911319435,17.1944874599576,187.422673001885,617.701934352517,3548.17353476584,115.592751115561,2291.30668991804,0,0.463404268026352,494.733082421124,14.7410579025745,28.5224206149578,1.83105704188347,4.5922969430685,9.12396746873856,150.102419510484,0,0,0,0,0,25.7374532669783,72.9368289113045,0.298147141933441,4.51939329504967,113.32315017283,0,0.61809316277504,292.772411808372,20007.4991681427,443.036008305848,1802.75204785168,11.5332718044519,2297.57824075967,302.213952377439,5965.31416632235,0,28.8233973234892,3.4264389872551,1.68884682655334,0.243495106697083,10199.5799213275,2550.75849299878,3.24391438066959,2185.64244662225,264.465413555503,49.4570644646883,0,0.159794509410858,17.2423374801874,24.0372868329287,28.7877625972033,3.54867304861546,4.68519107997417,5.43893803656101,43.255380615592,0,0,0,0,0,22.4094357788563,131.884839266539,0,4.09869074821472,7.19663994014263,0.495217591524124,2.6743678599596,137.743821136653,443.036008305848,2069.38489344716,409.184420481324,15.4694922864437,2511.40512953699,103.43484903127,950.026609048247,0,2.9404718130827,24.1335716694593,3.70250469446182,5.43621393293142,1662.74264678359,1779.11923255026,16.9253085330129,321.973959863186,82.7195290625095,218.622066691518,0,3.211021900177,104.279502019286,153.474280297756,1250.51829442382,56.4027057290077,53.1497205197811,15.4142498522997,1360.62862031162,0,0.276192039251328,1.35960817337036,0,1.34705199301243,105.551739931107,762.931880004704,0.61316853761673,56.1473754197359,30.1897180527449,0.856704473495483,0.750781282782555,19.2285320162773,1802.75204785168,409.184420481324,1782.41533450782,759.342144712806,192.503936111927,19.528468683362,4373.63073198497,0,1.89143562316895,0.595376908779144,0.546909898519516,3.62546636164188,649.630817830563,3154.79192440957,0.743059933185577,373.880518868566,178.59980250895,30.1023105084896,13.4970200657845,27.268410295248,7.85416303575039,23.4628493636847,126.116211920977,925.244488403201,581.589032277465,42.4088361561298,178.939647033811,0,1.8748927116394,13.371883481741,0,62.2525004446507,9.62354093790054,573.4402230829,46.2010988891125,25.7742420732975,729.083392560482,17.6530942618847,356.98336353898,130.13069678843,11.5332718044519,15.4694922864437,759.342144712806,3854.9858828932,2253.42634502798,1330.33954669535,542.74467921257,23.4074920713902,25.2375451475382,119.308831289411,39.0071606487036,2247.6419159174,10.4072861075401,1122.76330337673,312.420536741614,91.5573419034481,552.009305171669,215.955415472388,0.293615847826004,26.8823595046997,8.22146237641573,17.2435270920396,15.9263334423304,270.146695144475,876.447506785393,34.4839838817716,136.573967933655,0,1.03843057155609,5.9411393404007,0.228385984897614,63.7310474514961,9.92997381091118,295.280467063189,19.9718871712685,9.94531969726086,131.320262610912,23.3286157250404,179.059515982866,1628.06646764278,2297.57824075967,2511.40512953699,192.503936111927,2253.42634502798,22760.07997071,1083.24627580494,3092.82582917064,7.97824373841286,56.2997695356607,679.81823463738,123.444056667387,2405.94960784912,184.117252156138,2137.0070116818,2570.53876727074,2103.34138195217,1302.92667256296,5591.50663053989,0,0,1.69199092686176,4.27090106904507,1.5084028840065,5.40066219866276,25.820107370615,352.566940531135,38.4522871077061,0,0,0,0,1.07470643520355,0.171523705124855,12.1425279006362,0.524542093276978,3.42283242940903,325.314898356795,1.17000734806061,1488.42574217916,4638.13157422841,302.213952377439,103.43484903127,19.528468683362,1330.33954669535,1083.24627580494,4513.1970628798,4359.38282185793,5.09771662950516,4168.18444943428,75.7513766139746,92.3203726857901,652.369793921709,8.62624292820692,309.968314774334,115.469133421779,1401.79323236644,2775.26100125909,267.778514899313,0,13.945708617568,207.345753327012,194.695543214679,1069.76877269894,169.215474411845,497.608721524477,104.326252967119,2503.5525393039,0,0.350855231285095,3.05162233114243,1.78613317012787,10.7770408838987,119.300208494067,755.36886318773,15.8146952241659,60.4558777958155,1050.51517753303,20.8906720578671,7.02528956532478,1010.14146212488,5965.31416632235,950.026609048247,4373.63073198497,542.74467921257,3092.82582917064,4359.38282185793,8741.60700106621,0.174505889415741,258.474205642939,53.2470281720161,10.7912496328354,36.8349274396896,739.215694412589,2369.65925145894,87.6769280582666,6456.93726170063,5039.70930541307,473.24118822813,849.364224120975,0.380196541547775,0,0,0,2.58981788158417,0.365835845470428,0,0,446.850845962763,2.54910093545914,13.429774671793,168.883638337255,236.075961619616,0,0,178.722984403372,0,0,0,3102.25356255472,6.05423691868782,0,0,0,23.4074920713902,7.97824373841286,5.09771662950516,0.174505889415741,1781.32190325856,26.4969954192638,63.7724616527557,1424.84658633173,905.765086963773,0,0.650974929332733,878.356967106462,0.973324328660965,0,2.61898985505104,3.26408955454826,0,0,0,0,0,0,0,0,0,0,0,0,0,0,1.41452656686306,0,0,0,0,2711.64666086435,5522.07595491409,28.8233973234892,2.9404718130827,1.89143562316895,25.2375451475382,56.2997695356607,4168.18444943428,258.474205642939,26.4969954192638,8381.28048571944,187.426265016198,3299.88649100065,231.874232530594,0.966417074203491,8.10238841921091,54.5301646739244,322.73387645185,81.4544161111116,25.1398762315512,0,0,0,0,0,0.423500180244446,3.76840963959694,0,0,0,0,0,0,0,0,0.971160113811493,0,0.425632655620575,3.06584821641445,0,1231.09909401834,2393.29457120597,3.4264389872551,24.1335716694593,0.595376908779144,119.308831289411,679.81823463738,75.7513766139746,53.2470281720161,63.7724616527557,187.426265016198,9831.85175174475,1108.33566470444,1076.58616186678,1.01835135370493,34.50875633955,3477.45169350505,189.260968968272,24.1766602247953,1459.3697271347,0,0,0,0,0,0.199291869997978,2.23572739958763,0.235538706183434,0.897589206695557,27.3828476071358,0,0,0,0,0,0.527716115117073,0,0,0.657647520303726,0,7320.64105497301,521.667951837182,1.68884682655334,3.70250469446182,0.546909898519516,39.0071606487036,123.444056667387,92.3203726857901,10.7912496328354,1424.84658633173,3299.88649100065,1108.33566470444,8749.18075852096,1069.66140921414,0.450776860117912,15.9661204144359,1090.12106174231,45.9479388594627,9.03497382998466,35.2618968486786,4.95067051053047,2.78086370229721,0,0.290678322315216,0.201779454946518,23.0872062295675,6.39481280744076,1.76391196250916,1.7268630117178,13.5601605772972,0.279734939336777,0.36281681060791,0,680.051470309496,0,7.30284312367439,5.6204976439476,0,8.73677778244019,0,2786.84933589399,388.817911319435,0.243495106697083,5.43621393293142,3.62546636164188,2247.6419159174,2405.94960784912,652.369793921709,36.8349274396896,905.765086963773,231.874232530594,1076.58616186678,1069.66140921414,9280.39160656929,0,51.2319884076715,5306.75882411748,103.49061344564,45.3298963457346,272.258786380291,0,0,4.04681041836739,15.0811864733696,4.9217644482851,1.71688461303711,1.61581115424633,0,24.5541573166847,0,0,0,0,0,10.9113753437996,35.4841786324978,0,1.01587837934494,0,0,0,17.1944874599576,10199.5799213275,1662.74264678359,649.630817830563,10.4072861075401,184.117252156138,8.62624292820692,739.215694412589,0,0.966417074203491,1.01835135370493,0.450776860117912,0,9407.0087441206,6496.3957984969,0.911744028329849,415.351475708187,6.44538301229477,9.53728115558624,0.385695204138756,10.2485872507095,77.2825421094894,163.160372599959,141.017426364124,320.290286742151,306.62563123554,57.5240509659052,353.102351062,0,0,0.755376130342484,0,7.76630486547947,119.122901551425,2112.64385067672,5.63361755013466,42.6761750727892,91.6832619532943,11.8986049294472,16.9966892004013,187.422673001885,2550.75849299878,1779.11923255026,3154.79192440957,1122.76330337673,2137.0070116818,309.968314774334,2369.65925145894,0.650974929332733,8.10238841921091,34.50875633955,15.9661204144359,51.2319884076715,6496.3957984969,17527.586669676,64.1087576672435,467.253109507263,405.609742417932,178.11620426178,0,0,0,0,0,5.10967494547367,3.90797686576843,2.78797793388367,1.03060507774353,7.67233720421791,0,0.211903557181358,0,0,0,0.720951288938522,0.950505495071411,0.249457791447639,3.35353341698647,0,725.699659362435,617.701934352517,3.24391438066959,16.9253085330129,0.743059933185577,312.420536741614,2570.53876727074,115.469133421779,87.6769280582666,878.356967106462,54.5301646739244,3477.45169350505,1090.12106174231,5306.75882411748,0.911744028329849,64.1087576672435,9599.73325455189,261.44212462008,87.2229604274035,986.560957275331,0,0,6.60168097913265,8.85534343123436,12.2646201550961,5.87121157348156,6.76887361705303,15.3495733141899,22.7170350402594,0,0,0,0,0,9.77206633985043,44.0199308842421,0,5.17943188548088,11.0753877460957,0,33.100099042058,3548.17353476584,2185.64244662225,321.973959863186,373.880518868566,91.5573419034481,2103.34138195217,1401.79323236644,6456.93726170063,0.973324328660965,322.73387645185,189.260968968272,45.9479388594627,103.49061344564,415.351475708187,467.253109507263,261.44212462008,2416.30725736916,277.218578055501,473.544682919979,0,8.30264005064964,1.81799511611462,13.1283218413591,5.44848382472992,197.141089498997,83.3804453313351,311.042137503624,213.50493671,0,0.522348701953888,0,0,4.89119592308998,2.98184636235237,54.3497818857431,0,21.5779502242804,4521.42779603601,12.5049175322056,49.9672550261021,115.592751115561,264.465413555503,82.7195290625095,178.59980250895,552.009305171669,1302.92667256296,2775.26100125909,5039.70930541307,0,81.4544161111116,24.1766602247953,9.03497382998466,45.3298963457346,6.44538301229477,405.609742417932,87.2229604274035,277.218578055501,2384.97897928953,204.611560828984,0.155239954590797,0,0.766197524964809,0.44049409031868,0.875867664813995,6.64487951993942,35.771603256464,0.51978987455368,6.90186922252178,0,0,0,0,2.47303926944733,1.16170388460159,10.0594498217106,1.0320320725441,1.12445697188377,40.7536973953247,2.30173373222351,50.5251487493515,2291.30668991804,49.4570644646883,218.622066691518,30.1023105084896,215.955415472388,5591.50663053989,267.778514899313,473.24118822813,2.61898985505104,25.1398762315512,1459.3697271347,35.2618968486786,272.258786380291,9.53728115558624,178.11620426178,986.560957275331,473.544682919979,204.611560828984,5861.45820140839
