4931.68875285983,896.478661924601,0,0,0,167.104276880622,5.2923172712326,533.61483719945,6.79469615221024,1595.90695942938,3031.76949444413,1108.84873917699,2507.12325787544,3076.21216392517,0,0,399.477313369513,66.1557308733463,57.9854137301445,37.0895822793245,361.239142507315,0.716772258281708,0,0,0,0.731947302818298,0,1.9856426268816,0,529.540212392807,51.0949447602034,0,0,105.730152875185,0,0,0,0,0,0,896.478661924601,24424.3694366217,1107.82052052021,3.6211995780468,0,73.1584247648716,1946.06083126366,1197.15372060239,893.75549133122,1.67550486326218,2279.15575300157,3453.99180425704,697.260520383716,278.227102920413,0,3.89877401292324,192.072512209415,5135.9279652983,106.670337975025,3334.43243481964,0,0,0,0,0,0.464382946491241,0,0,0,0,0,0,0,0,0,0,0,0,1.60831728577614,0,0,1107.82052052021,10283.6994396299,800.898875638843,2661.62555366755,10.2030312418938,1510.42004169524,250.930073469877,3817.00959615409,0,56.1776607632637,0,0,0,8597.71024832875,1364.46677152812,2.85158240795135,2740.53115348518,15.696156680584,5.28107145428658,0,0,15.3296567201614,0,119.109051927924,1.91803181171417,0,0,17.1262801587582,0,0,0,0,0,3.93277175724506,29.0010742992163,0,0,10.2622026950121,0,0,3.6211995780468,800.898875638843,1445.56929855049,332.680066294968,76.772377923131,2068.04086259753,0,651.880033954978,0,0,2.3514439612627,0,0,1288.90167114139,1927.77777320147,9.49421799182892,718.112538143992,84.2958467900753,63.5017172545195,0,0,1.02097296714783,0,4.56418804824352,2.84555804729462,0.280116051435471,0,0.768648326396942,0,0,0,0,0,0,22.6069734245539,0,0,90.5707952007651,0,0,0,2661.62555366755,332.680066294968,2169.44534651935,82.8984282910824,228.685447394848,0,4280.02761237323,0,0,0.299995183944702,0,0,1451.29614378512,4866.54231907427,1.94011470675468,391.426083162427,173.012386083603,7.4064813554287,0,0,33.3734181523323,0.609296798706055,2473.76656219363,119.08573590219,0.707510232925415,0,87.2584401965141,0,0,0,0,0,62.0073327571154,1411.45474261045,0,0,333.093101099133,0,167.104276880622,73.1584247648716,10.2030312418938,76.772377923131,82.8984282910824,1206.38755773008,2553.63169452548,289.164455205202,1398.63882887363,0,2.80239003896713,136.607800856233,0.353487551212311,1856.2475810796,0.564034253358841,1101.90271937102,365.599435672164,234.509638443589,715.954137444496,113.329866051674,0,0,0,0,64.8081049025059,2130.36507406831,92.6016945540905,1.15874683856964,43.4746415019035,0,0,0,0,32.1856515705585,0,371.010453417897,1.80357809364796,0,462.51794923842,0,5.2923172712326,1946.06083126366,1510.42004169524,2068.04086259753,228.685447394848,2553.63169452548,18565.3751427829,11.5740149617195,2052.21685478836,0,3.86134207248688,289.674357689917,0.372554242610931,1575.91630803794,210.323931902647,1923.77963404357,2473.01418571174,1716.22827154398,1054.40771731734,4395.13782476634,0,0,0,0,7.43436801433563,434.628027379513,151.774829894304,0,6.24315744638443,0,0,0,0,1.06093966960907,0,87.1248652637005,0.88833299279213,0,262.693262860179,0,533.61483719945,1197.15372060239,250.930073469877,0,0,289.164455205202,11.5740149617195,4894.58171001077,953.452317982912,0,3757.45388162136,38.4809118211269,0,444.254368185997,0,0,0,1526.63907589018,1083.57627244294,32.8408457040787,4.79696887731552,0,0,0,0,2.25183629989624,0,75.9118978232145,32.5405034124851,0,3.7592975795269,0,0,0,0,0,0,0,22.4424875080585,0,6.79469615221024,893.75549133122,3817.00959615409,651.880033954978,4280.02761237323,1398.63882887363,2052.21685478836,953.452317982912,10467.1057276726,0,51.4143977761269,25.4809812307358,0,13.2336344122887,1071.17561963201,1318.2735709399,42.3469576835632,9437.142094329,5595.00883454829,252.578203469515,0,0,36.2689475864172,0,416.214328482747,268.34780164063,43.0735531747341,11.7872883379459,280.733006507158,0,0,0,0,17.4138667434454,5.30525064468384,73.4805243462324,0,0,1041.00162673742,0,1595.90695942938,1.67550486326218,0,0,0,0,0,0,0,717.748299494386,29.4291139990091,196.734510481358,912.427106022835,666.474721610546,0,0,1627.09749080241,0,0,0.938551098108292,181.996282160282,0,0,0,0,0,0,0,0,667.232740879059,0,0,0,89.8645519316196,0,0,0,0,0,0,3031.76949444413,2279.15575300157,56.1776607632637,0,0,2.80239003896713,3.86134207248688,3757.45388162136,51.4143977761269,29.4291139990091,6673.49844126403,104.583567678928,968.990062609315,57.5299129784107,0,0,52.5863548070192,540.048483595252,0.248017832636833,37.649800375104,59.9713037163019,1.49040031433105,0,0,0,0,0,12.6013983488083,0,0.840542942285538,104.174881875515,0,0,0,0,0,0,0,0,0,1108.84873917699,3453.99180425704,0,2.3514439612627,0.299995183944702,136.607800856233,289.674357689917,38.4809118211269,25.4809812307358,196.734510481358,104.583567678928,8918.63583931327,1881.71603985131,1749.52406287193,0,0.9859978556633,4816.57319296151,78.3070532381535,24.0183988958597,2311.24186531454,0.475369393825531,0,0,0,0,0,0,0,0,3.26605539023876,0,0,0,1.34043729305267,0,0,0,0,0,0,2507.12325787544,697.260520383716,0,0,0,0.353487551212311,0.372554242610931,0,0,912.427106022835,968.990062609315,1881.71603985131,5453.67352835834,422.574341326952,0,0,960.455951049924,2.53098981082439,2.51235949993134,32.7574092000723,5.67506992816925,0,0,0,0,0,0,0,0,53.4552142322063,0,0,0,3.16301748156548,0,0,0,0,0,0,3076.21216392517,278.227102920413,0,0,0,1856.2475810796,1575.91630803794,444.254368185997,13.2336344122887,666.474721610546,57.5299129784107,1749.52406287193,422.574341326952,7055.03563247621,0,1.34330271184444,3338.74823750556,61.1898947954178,23.9934050738811,192.269662290812,64.2344898879528,0,0,0,0,23.8068385869265,11.3141257613897,0,0,544.671641051769,0,0,0,326.510643571615,0,0.304126054048538,0,0,0.752425491809845,0,0,0,8597.71024832875,1288.90167114139,1451.29614378512,0.564034253358841,210.323931902647,0,1071.17561963201,0,0,0,0,0,8263.95476263016,3617.55489682406,0,334.211337059736,2.22355738282204,0.777074813842773,0,0,0.627894401550293,0,104.336665928364,0,0,0,5.6343959569931,0,0,0,0,0,1.4139040261507,71.1637548953295,0,0,3.05422718822956,0,0,3.89877401292324,1364.46677152812,1927.77777320147,4866.54231907427,1101.90271937102,1923.77963404357,0,1318.2735709399,0,0,0.9859978556633,0,1.34330271184444,3617.55489682406,8978.96873822063,11.3683049678802,368.405484840274,130.304836913943,34.389779061079,0,0,2.16438800096512,0,1006.95590941608,592.390665158629,27.0364888310432,0,25.89998498559,0,0,0,0,0,19.6869466900826,1433.62511430681,0.356734275817871,0,130.416804663837,0,399.477313369513,192.072512209415,2.85158240795135,9.49421799182892,1.94011470675468,365.599435672164,2473.01418571174,0,42.3469576835632,1627.09749080241,52.5863548070192,4816.57319296151,960.455951049924,3338.74823750556,0,11.3683049678802,7653.78628456593,58.2056271359324,31.3057046085596,1715.13986202329,34.6215468943119,0,0,0,0,3.46708816289902,0,0,0,153.669992625713,0,0,0,36.5477572977543,0,0,0,0,2.81467655301094,0,66.1557308733463,5135.9279652983,2740.53115348518,718.112538143992,391.426083162427,234.509638443589,1716.22827154398,1526.63907589018,9437.142094329,0,540.048483595252,78.3070532381535,2.53098981082439,61.1898947954178,334.211337059736,368.405484840274,58.2056271359324,6465.90212456882,525.510145410895,1183.67766758054,0,0,2.32494378089905,0,9.05382749438286,1.18199986219406,0.463432133197784,0,6.21741718053818,0,0,0,0,0,0,7.19891607761383,0,0,109.600040599704,0,57.9854137301445,106.670337975025,15.696156680584,84.2958467900753,173.012386083603,715.954137444496,1054.40771731734,1083.57627244294,5595.00883454829,0,0.248017832636833,24.0183988958597,2.51235949993134,23.9934050738811,2.22355738282204,130.304836913943,31.3057046085596,525.510145410895,2384.52935536206,187.887830600142,0,0,21.914798527956,0,1.07467773556709,397.429064676166,11.0319891571999,20.6136582791805,267.632271468639,0,0,0,0,13.8700951635838,0,3.05157765746117,8.67896142601967,6.76531088352203,2101.31159586459,0,37.0895822793245,3334.43243481964,5.28107145428658,63.5017172545195,7.4064813554287,113.329866051674,4395.13782476634,32.8408457040787,252.578203469515,0.938551098108292,37.649800375104,2311.24186531454,32.7574092000723,192.269662290812,0.777074813842773,34.389779061079,1715.13986202329,1183.67766758054,187.887830600142,5447.04265797883,0,0,0,0,0,0.414227366447449,0.282778322696686,0,0,0,0,0,0,0,0,0.525838971138,0,0,9.92920714616776,0,361.239142507315,0,0,0,0,0,0,4.79696887731552,0,181.996282160282,59.9713037163019,0.475369393825531,5.67506992816925,64.2344898879528,0,0,34.6215468943119,0,0,0,6063.04800987244,878.537714228034,0,0.856126978993416,0,67.9976994693279,7.67430830746889,583.541478291154,42.1272542625666,2196.38895006478,1533.12230740488,1539.55565667897,2686.48538832366,3948.26902982593,0.318662136793137,0.617561280727386,331.447835482657,118.778053566813,3.76206818223,217.056184746325,0.716772258281708,0,0,0,0,0,0,0,0,0,1.49040031433105,0,0,0,0,0,0,0,0,0,878.537714228034,27113.7277745306,1303.0980642736,7.24447959661484,0.662212491035461,5.07445318996906,1556.168188788,3631.37408359349,1435.44417648017,0.24052657186985,1943.48248806596,3145.37913104147,544.692303948104,142.760635204613,6.47882242500782,5.60721090435982,379.775018379092,3940.4923132956,73.8569083958864,2515.40698029101,0,0,15.3296567201614,1.02097296714783,33.3734181523323,0,0,0,36.2689475864172,0,0,0,0,0,0.627894401550293,2.16438800096512,0,2.32494378089905,21.914798527956,0,0,1303.0980642736,8926.32450989634,192.866658821702,1743.64959730208,0,1026.8879865706,469.858676314354,5214.87649033964,0,54.685529127717,0.666578814387321,0,0.14345146715641,6266.44079990685,842.186180904508,1.65787532925606,4501.53718583286,43.0129619836807,39.7955020219088,0,0,0,0,0.609296798706055,0,0,0,0,0,0,0,0,0,0,0,0,0,0,0,0.856126978993416,7.24447959661484,192.866658821702,1968.79842984676,68.6420261114836,0.150872096419334,2153.87783542275,4.1418244689703,1209.21509046853,0,0,4.53381922841072,0.310930892825127,1.80324590206146,1137.79299592227,2574.99977861345,6.39246289432049,394.692616820335,40.3655676245689,86.2113908827305,0,0,119.109051927924,4.56418804824352,2473.76656219363,64.8081049025059,7.43436801433563,0,416.214328482747,0,0,0,0,0,104.336665928364,1006.95590941608,0,9.05382749438286,1.07467773556709,0,0,0.662212491035461,1743.64959730208,68.6420261114836,3066.18514299393,565.373956948519,18.7329190820456,0.335272878408432,2442.73093533516,0,0,0,0,0.820192113518715,1593.48515180498,4064.4454909116,0,214.071615532041,52.950429558754,0.551016509532928,0.731947302818298,0.464382946491241,1.91803181171417,2.84555804729462,119.08573590219,2130.36507406831,434.628027379513,2.25183629989624,268.34780164063,0,0,0,0,23.8068385869265,0,592.390665158629,3.46708816289902,1.18199986219406,397.429064676166,0.414227366447449,67.9976994693279,5.07445318996906,0,0.150872096419334,565.373956948519,4583.83631849289,1492.31829798222,581.573699474335,260.517704024911,3.51573234796524,0,51.1706327944994,0.938186705112457,1750.10601945221,0.1958919018507,1528.29347708821,280.69704195857,0.60795134305954,599.154391825199,33.129442229867,0,0,0,0.280116051435471,0.707510232925415,92.6016945540905,151.774829894304,0,43.0735531747341,0,0,0,0,11.3141257613897,0,27.0364888310432,0,0.463432133197784,11.0319891571999,0.282778322696686,7.67430830746889,1556.168188788,1026.8879865706,2153.87783542275,18.7329190820456,1492.31829798222,14653.6538968831,24.5052693784237,2365.76799733192,0.376251414418221,1.61416709423065,263.879560127854,0.532909274101257,1782.40971563756,296.186752155423,1882.98051029444,2437.85387802124,3042.15861904621,732.622152686119,3775.54879646748,1.9856426268816,0,0,0,0,1.15874683856964,0,75.9118978232145,11.7872883379459,0,12.6013983488083,0,0,0,0,0,0,0,20.6136582791805,0,583.541478291154,3631.37408359349,469.858676314354,4.1418244689703,0.335272878408432,581.573699474335,24.5052693784237,4948.83327305317,1904.50208342075,2.36679339408875,1919.00272259116,27.1079468727112,3.81544367969036,397.351888209581,1.41995546221733,3.62955525517464,11.2611318230629,987.195180162787,1522.24756614864,80.5255571901798,0,0,17.1262801587582,0.768648326396942,87.2584401965141,43.4746415019035,6.24315744638443,32.5405034124851,280.733006507158,0,0,0,0,0,5.6343959569931,25.89998498559,0,6.21741718053818,267.632271468639,0,42.1272542625666,1435.44417648017,5214.87649033964,1209.21509046853,2442.73093533516,260.517704024911,2365.76799733192,1904.50208342075,15963.6586751491,0,14.139761954546,30.4940660446882,0,27.0196290537715,1671.72537268698,759.429927989841,45.2414826825261,8689.13550429046,3005.03204065561,373.442621476948,529.540212392807,0,0,0,0,0,0,0,0,667.232740879059,0.840542942285538,3.26605539023876,53.4552142322063,544.671641051769,0,0,153.669992625713,0,0,0,2196.38895006478,0.24052657186985,0,0,0,3.51573234796524,0.376251414418221,2.36679339408875,0,1482.68669268489,0.910374283790588,120.688385665417,443.864946871996,1821.81575725973,0,0,1181.40528421104,0.195515602827072,0.468215554952621,1.49261310696602,51.0949447602034,0,0,0,0,0,0,3.7592975795269,0,0,104.174881875515,0,0,0,0,0,0,0,0,0,1533.12230740488,1943.48248806596,54.685529127717,0,0,0,1.61416709423065,1919.00272259116,14.139761954546,0.910374283790588,5313.95625449717,64.2650348842144,699.890417903662,6.79332783818245,0,0,4.40675693750381,160.614064723253,0,0.314140409231186,0,0,0,0,0,0,0,0,0,0,0,0,0,0,0,0,0,0,0,0,1539.55565667897,3145.37913104147,0.666578814387321,4.53381922841072,0,51.1706327944994,263.879560127854,27.1079468727112,30.4940660446882,120.688385665417,64.2650348842144,10585.2995677069,2883.30101779103,2215.65059509873,2.36748111248016,3.47731763124466,6202.24005497992,148.77965965122,15.8384770154953,2173.69841596484,0,0,0,0,0,0,0,0,0,0,0,0,0,0,0,0,0,0,0,0,2686.48538832366,544.692303948104,0,0.310930892825127,0,0.938186705112457,0.532909274101257,3.81544367969036,0,443.864946871996,699.890417903662,2883.30101779103,4768.82961834967,1413.44544494152,0,0,948.078241690993,4.7737437710166,0,22.7754626572132,105.730152875185,0,0,0,0,32.1856515705585,1.06093966960907,0,17.4138667434454,89.8645519316196,0,1.34043729305267,3.16301748156548,326.510643571615,0,0,36.5477572977543,0,13.8700951635838,0,3948.26902982593,142.760635204613,0.14345146715641,1.80324590206146,0.820192113518715,1750.10601945221,1782.40971563756,397.351888209581,27.0196290537715,1821.81575725973,6.79332783818245,2215.65059509873,1413.44544494152,8397.58028262854,0.206347972154617,19.7988889217377,5045.79186008871,12.9573009759188,170.73475253582,304.198706105351,0,0,3.93277175724506,0,62.0073327571154,0,0,0,5.30525064468384,0,0,0,0,0,1.4139040261507,19.6869466900826,0,0,0,0,0.318662136793137,6.47882242500782,6266.44079990685,1137.79299592227,1593.48515180498,0.1958919018507,296.186752155423,1.41995546221733,1671.72537268698,0,0,2.36748111248016,0,0.206347972154617,9119.60402771086,5125.10140330344,2.71601542830467,1494.14432709664,11.0077909678221,36.9479914158583,0,0,29.0010742992163,22.6069734245539,1411.45474261045,371.010453417897,87.1248652637005,0,73.4805243462324,0,0,0,0,0.304126054048538,71.1637548953295,1433.62511430681,0,7.19891607761383,3.05157765746117,0.525838971138,0.617561280727386,5.60721090435982,842.186180904508,2574.99977861345,4064.4454909116,1528.29347708821,1882.98051029444,3.62955525517464,759.429927989841,0,0,3.47731763124466,0,19.7988889217377,5125.10140330344,12952.877669543,15.8529217839241,291.085956126451,21.1565519273281,38.6046530902386,0,0,0,0,0,1.80357809364796,0.88833299279213,0,0,0,0,0,0,0,0,0.356734275817871,0,0,8.67896142601967,0,331.447835482657,379.775018379092,1.65787532925606,6.39246289432049,0,280.69704195857,2437.85387802124,11.2611318230629,45.2414826825261,1181.40528421104,4.40675693750381,6202.24005497992,948.078241690993,5045.79186008871,2.71601542830467,15.8529217839241,10363.4754055962,61.1297709345818,35.6792664080858,1492.91219647974,0,0,0,0,0,0,0,0,0,0,0,0,0,0,0,0,0,0,6.76531088352203,0,118.778053566813,3940.4923132956,4501.53718583286,394.692616820335,214.071615532041,0.60795134305954,3042.15861904621,987.195180162787,8689.13550429046,0.195515602827072,160.614064723253,148.77965965122,4.7737437710166,12.9573009759188,1494.14432709664,291.085956126451,61.1297709345818,5479.14602924883,726.95810174942,1361.87883336842,0,1.60831728577614,10.2622026950121,90.5707952007651,333.093101099133,462.51794923842,262.693262860179,22.4424875080585,1041.00162673742,0,0,0,0,0.752425491809845,3.05422718822956,130.416804663837,2.81467655301094,109.600040599704,2101.31159586459,9.92920714616776,3.76206818223,73.8569083958864,43.0129619836807,40.3655676245689,52.950429558754,599.154391825199,732.622152686119,1522.24756614864,3005.03204065561,0.468215554952621,0,15.8384770154953,0,170.73475253582,11.0077909678221,21.1565519273281,35.6792664080858,726.95810174942,2701.94058217108,191.07588404417,0,0,0,0,0,0,0,0,0,0,0,0,0,0,0,0,0,0,0,0,217.056184746325,2515.40698029101,39.7955020219088,86.2113908827305,0.551016509532928,33.129442229867,3775.54879646748,80.5255571901798,373.442621476948,1.49261310696602,0.314140409231186,2173.69841596484,22.7754626572132,304.198706105351,36.9479914158583,38.6046530902386,1492.91219647974,1361.87883336842,191.07588404417,6401.36598207057
