9173.50437761843,607.597563900054,0,9.98605082929134,0.208964586257935,397.704374670982,141.030266702175,1123.8906211555,27.6292412728071,2352.9366158098,4002.29081913829,843.462515279651,7985.70787134767,1578.35607595742,0,14.5871015787125,1223.71823118627,103.075309112668,65.0557679533958,87.4114378094673,3753.00223909318,9.15971475839615,0,0,0,128.65144303441,23.1443044394255,7.41191682219505,24.2312077283859,1116.71907135844,1.00283533334732,7.45166423916817,3.74014160037041,7.34486266970634,0,3.63384215533733,0.874265357851982,1.85286775231361,8.04836878180504,10.7563245147467,607.597563900054,27031.3998748437,563.945000335574,89.0759983956814,13.751269377768,252.321969106793,1346.92151381075,4303.85125930607,1467.15096476674,8.34484684467316,5697.83634698391,3085.51877760142,260.687917217612,445.919469058514,15.2498849481344,169.676215432584,509.461304999888,5356.54464487731,379.273748509586,2477.68243829906,18.7595552951097,24.0309261381626,1.39834944903851,6.02591082453728,2.4200205206871,204.303052961826,102.578114695847,6.94220848381519,76.808229252696,0.293038040399551,2.79679262638092,13.2173493057489,1.35961437225342,15.608029589057,4.32108245790005,31.1709224134684,20.2849445044994,19.5666454285383,14.5263115018606,26.8972489908338,0,563.945000335574,12846.5374821275,715.509060919285,2158.09011691064,3.82969251275063,2386.28254813701,704.888514906168,4068.15280426294,0,22.2039507031441,1.29349878430367,0,0,7601.30771128833,2313.08795019984,0.21243779361248,1062.61537405849,3.95810025930405,15.4817690849304,0,1.29838970303535,205.373835518956,59.8759763836861,270.925485022366,1.22376541793346,8.92478513717651,0,86.3636546432972,0,0,0,0,0,173.631669737399,238.169577397406,0.177207946777344,11.2348659336567,0,0,9.98605082929134,89.0759983956814,715.509060919285,4392.67869277298,450.693162426353,5.13119624555111,4433.79972902685,63.764722853899,603.147373825312,0,4.21335124969482,1.47448294609785,0,2.4118809401989,1773.33109577,3013.29860477149,27.6469316482544,363.81675542891,70.0474448353052,73.8342575281858,0.653734505176544,2.2082132101059,65.0747815966606,71.024556286633,116.636975310743,6.10997657477856,28.3329230248928,0.14408715069294,48.6100296676159,0,0,0,0,1.38682878017426,129.085281692445,334.344215542078,0.939445078372955,15.9784559160471,5.81323966383934,5.97976639866829,0.208964586257935,13.751269377768,2158.09011691064,450.693162426353,1781.90210479498,424.286255627871,218.62691603601,6.95939217507839,1681.96638718247,0,0,0.61324155330658,0.38798788189888,2.41173866391182,489.888981953263,3068.48356027156,3.99709829688072,261.942386820912,31.7233067601919,9.42460124194622,0,2.09138348698616,172.296101540327,133.381772711873,551.137268766761,475.566061764956,51.2875384837389,0.194368839263916,177.760391652584,0,0.361788004636765,0.534789592027664,0,0,206.140392750502,535.75444123894,0.15299454331398,19.6981513053179,2.08581465482712,5.10288591682911,397.704374670982,252.321969106793,3.82969251275063,5.13119624555111,424.286255627871,2217.95243777335,1840.16636834294,708.386747568846,214.855325713754,1.98935848474503,66.582618817687,273.239885732532,20.8409611433744,2255.79767917097,1.19667768478394,1497.49449875951,392.588940382004,41.4593187868595,263.32468496263,141.482014909387,18.3159989565611,71.236790895462,1.04348608851433,11.5569979548454,40.899757951498,2056.2280869633,269.071617349982,74.1997658461332,580.775998964906,0,1.59240597486496,20.0291361361742,3.43750642240047,208.009577870369,0,333.012700267136,27.6825340092182,33.8904019594193,251.290611326694,52.7593053877354,141.030266702175,1346.92151381075,2386.28254813701,4433.79972902685,218.62691603601,1840.16636834294,27971.1976027861,448.841175064445,2936.31548865139,2.52908226847649,113.356202408671,704.569719061255,41.6994912475348,2513.60719847679,129.39409506321,4174.53291286528,4139.70254679024,1804.64048681408,1525.00251987576,6107.67721682042,33.6020214110613,92.611433967948,30.3408351168036,121.136188931763,77.1828184500337,1145.01591524482,1870.75195858628,19.4252674877644,385.38439913094,0,1.13575226068497,37.7653943449259,10.8569794595242,144.677785426378,45.8025965318084,432.79504711926,64.2021963968873,57.0434277802706,74.2911859080195,93.4251248091459,1123.8906211555,4303.85125930607,704.888514906168,63.764722853899,6.95939217507839,708.386747568846,448.841175064445,4456.77880138159,4565.18309803307,0.346318572759628,1951.01928092539,14.6050699204206,36.0124318599701,154.15523019433,0,140.03289462626,31.2926973849535,1785.13956475258,1452.99992069602,75.1628887057304,13.2419844269753,6.44110679626465,0.950147375464439,6.85757403075695,0.487334877252579,100.206726178527,14.8783496022224,162.548420786858,44.3499916046858,0.364002197980881,0.316654860973358,1.50892329216003,0,1.72975444793701,0,21.9300724416971,1.24367100000381,8.69399903714657,215.13782311976,1.29153633117676,27.6292412728071,1467.15096476674,4068.15280426294,603.147373825312,1681.96638718247,214.855325713754,2936.31548865139,4565.18309803307,15760.9593191147,0,533.501936912537,36.6946844011545,9.89313596487045,47.9763093143702,217.124388158321,1759.83697491884,176.232033342123,6224.18201625347,5300.62806750834,444.254382237792,8.03084939718246,19.7715665847063,242.007864423096,209.261129118502,708.500831589103,282.698600560427,263.943532459438,14.4217828214169,2118.53608626127,0,0.190960615873337,7.98022162914276,0.638347879052162,6.25733506679535,288.338711239398,518.135114975274,14.4145749807358,61.5950578302145,432.664100915194,77.6184458136559,2352.9366158098,8.34484684467316,0,0,0,1.98935848474503,2.52908226847649,0.346318572759628,0,1239.87482714653,21.833481580019,277.679892361164,1400.39509406686,507.777340292931,0,0.439353406429291,1963.56605817378,0,0,1.9511916488409,250.037407502532,0,0,0,0,0.510246485471725,0,0,0,2017.0403444618,0,0,0,1.12626853585243,0,0,0,0,0,0,4002.29081913829,5697.83634698391,22.2039507031441,4.21335124969482,0,66.582618817687,113.356202408671,1951.01928092539,533.501936912537,21.833481580019,5572.74136389792,443.69143883884,1834.52306233346,287.974628642201,0,14.339654520154,81.8045833557844,865.314785420895,53.839955046773,76.708068728447,69.419549793005,4.51037432253361,0,0.920074626803398,0,22.2519408017397,8.96709571778774,0,2.17590680718422,3.53634771704674,0.488777458667755,3.11985068023205,0.495576485991478,2.91304291784763,0,4.19068990647793,0.225448906421661,4.03148472309113,2.08306407928467,2.66629685461521,843.462515279651,3085.51877760142,1.29349878430367,1.47448294609785,0.61324155330658,273.239885732532,704.569719061255,14.6050699204206,36.6946844011545,277.679892361164,443.69143883884,10297.5012045801,1410.5125182718,1652.90368452668,0,25.7181422486901,2666.99276694655,67.0966438055038,9.3664071559906,1734.11298848689,40.5810805410147,21.057017788291,0,4.00968283414841,1.51000308990479,104.113711461425,64.188725605607,3.44149540364742,28.7996161282063,33.8854967951775,0.292828470468521,5.77316027879715,3.11801266670227,17.4448724538088,0,3.31770145148039,13.4073281735182,4.40653051435947,0.522419810295105,15.9043683558702,7985.70787134767,260.687917217612,0,0,0.38798788189888,20.8409611433744,41.6994912475348,36.0124318599701,9.89313596487045,1400.39509406686,1834.52306233346,1410.5125182718,7917.43534012139,596.55443637073,0,3.72384367883205,1334.27561269701,16.5637930333614,0.365556746721268,50.2727490365505,439.166105851531,2.10629230737686,0,0,0,13.1375409811735,5.20537570863962,0,1.20678424835205,275.505898296833,0,1.54610069096088,0,1.5200962126255,0,0.17398002743721,2.93049670755863,0.273926675319672,0,3.63813547790051,1578.35607595742,445.919469058514,0,2.4118809401989,2.41173866391182,2255.79767917097,2513.60719847679,154.15523019433,47.9763093143702,507.777340292931,287.974628642201,1652.90368452668,596.55443637073,9120.81478820741,0,132.341762587428,5309.21553955972,16.758951857686,24.9340151250362,215.119556307793,130.096586942673,9.8269974142313,0,0.278808444738388,0,414.870799958706,366.751405507326,0,10.1215070039034,227.64259314537,0.312784031033516,5.41736869513988,1.58575630187988,1733.95662136376,0,5.54256771504879,5.57145215570927,0.804659366607666,8.52029027044773,9.32044251263142,0,15.2498849481344,7601.30771128833,1773.33109577,489.888981953263,1.19667768478394,129.39409506321,0,217.124388158321,0,0,0,0,0,7686.20641712844,4329.54507412761,0.62809956073761,98.7366829067469,1.70696485042572,2.01857531070709,0,0,22.6769701391459,8.57346458733082,71.685812830925,0,0.5878596752882,0,5.72775807976723,0,0,0,0,0,35.476446300745,204.928855240345,0,5.15398167073727,0,0,14.5871015787125,169.676215432584,2313.08795019984,3013.29860477149,3068.48356027156,1497.49449875951,4174.53291286528,140.03289462626,1759.83697491884,0.439353406429291,14.339654520154,25.7181422486901,3.72384367883205,132.341762587428,4329.54507412761,13169.8352268487,137.084671325982,678.440056189895,806.15620303154,246.504555135965,3.13452982902527,19.8015816509724,171.255778491497,248.179202236235,1017.02699691057,798.18115888536,394.415983684361,16.4964289069176,421.75550647825,0.270157486200333,1.01838806271553,6.7439301609993,0.582610249519348,22.853295609355,191.235306508839,2675.49307542294,16.8168775588274,62.1188572347164,80.9667825624347,30.472421079874,1223.71823118627,509.461304999888,0.21243779361248,27.6469316482544,3.99709829688072,392.588940382004,4139.70254679024,31.2926973849535,176.232033342123,1963.56605817378,81.8045833557844,2666.99276694655,1334.27561269701,5309.21553955972,0.62809956073761,137.084671325982,5017.88405697048,163.605340793729,85.1929179877043,922.034889049828,149.124012768269,14.3965233415365,0,7.76003248989582,1.41419941186905,117.34951902926,84.2419932559133,2.48293301463127,29.9282836467028,338.946561649442,1.16288705915213,7.67566414177418,2.24804659187794,229.381090849638,0.134863287210464,13.9220177382231,5.90388882160187,4.34221604466438,3.42859373986721,12.7556194812059,103.075309112668,5356.54464487731,1062.61537405849,363.81675542891,261.942386820912,41.4593187868595,1804.64048681408,1785.13956475258,6224.18201625347,0,865.314785420895,67.0966438055038,16.5637930333614,16.758951857686,98.7366829067469,678.440056189895,163.605340793729,1385.83078955859,380.53433868289,307.160819813609,0,3.11755754053593,33.156832665205,32.2041088342667,66.8846142143011,16.9688386023045,33.0694683939219,2.74627298116684,61.3497079834342,0,0,4.39113163948059,0.657049834728241,2.95341324806213,47.2949768081307,145.731670312583,0.13931143283844,11.5263020247221,5.04560387134552,4.74517808109522,65.0557679533958,379.273748509586,3.95810025930405,70.0474448353052,31.7233067601919,263.32468496263,1525.00251987576,1452.99992069602,5300.62806750834,0,53.839955046773,9.3664071559906,0.365556746721268,24.9340151250362,1.70696485042572,806.15620303154,85.1929179877043,380.53433868289,2840.11344480515,166.694755584002,0,11.1894578188658,2.01212853193283,19.465364292264,2.7966338545084,212.716663569212,67.5685710906982,472.586298912764,986.433347135782,0,1.16473563015461,0.947967529296875,0.793371975421906,2.3383377790451,0,153.937937274575,0.182813450694084,17.4087890684605,4602.61631274223,18.1157456636429,87.4114378094673,2477.68243829906,15.4817690849304,73.8342575281858,9.42460124194622,141.482014909387,6107.67721682042,75.1628887057304,444.254382237792,1.9511916488409,76.708068728447,1734.11298848689,50.2727490365505,215.119556307793,2.01857531070709,246.504555135965,922.034889049828,307.160819813609,166.694755584002,6191.47846419364,5.46788968145847,23.4375034719706,0.935198366641998,22.2970455139875,11.5556968003511,155.256649076939,110.842122629285,6.96517832577229,99.7872095480561,0.321161538362503,5.12272387742996,10.8374070525169,1.19531726837158,23.1149678975344,0.365183874964714,45.5779328718781,16.7448405772448,10.3963215202093,14.1498472839594,32.1015361249447,3753.00223909318,18.7595552951097,0,0.653734505176544,0,18.3159989565611,33.6020214110613,13.2419844269753,8.03084939718246,250.037407502532,69.419549793005,40.5810805410147,439.166105851531,130.096586942673,0,3.13452982902527,149.124012768269,0,0,5.46788968145847,12094.1903811246,467.563720971346,1.29310345649719,5.44170598685741,0,985.478452831507,166.009033247828,1102.5810059011,41.4785798043013,4643.58491261303,5273.26412430406,1708.52186340094,9639.56900475919,3412.8198094815,0,4.37754808366299,592.839599832892,102.527749672532,18.2087872922421,117.730238035321,9.15971475839615,24.0309261381626,1.29838970303535,2.2082132101059,2.09138348698616,71.236790895462,92.611433967948,6.44110679626465,19.7715665847063,0,4.51037432253361,21.057017788291,2.10629230737686,9.8269974142313,0,19.8015816509724,14.3965233415365,3.11755754053593,11.1894578188658,23.4375034719706,467.563720971346,30901.0992574841,99.0427385568619,123.335475921631,8.28857250511646,382.463917955756,1372.11985506862,6434.24081845582,675.815748281777,2.57505199313164,4753.24535542727,2691.42120568454,772.775362424552,298.784512683749,6.33660499751568,128.382113307714,471.568618252873,2736.63479115069,235.875102862716,2546.81531502306,0,1.39834944903851,205.373835518956,65.0747815966606,172.296101540327,1.04348608851433,30.3408351168036,0.950147375464439,242.007864423096,0,0,0,0,0,22.6769701391459,171.255778491497,0,33.156832665205,2.01212853193283,0.935198366641998,1.29310345649719,99.0427385568619,14536.7846435532,501.677418656647,1526.9169292599,7.23814243078232,2004.4723751992,26.9607782065868,6022.03671642393,0,5.45350494980812,0,0,0.346052080392838,7857.96462725848,1887.56351742148,6.53243421018124,1695.31969951093,28.0000314414501,48.0355962216854,0,6.02591082453728,59.8759763836861,71.024556286633,133.381772711873,11.5569979548454,121.136188931763,6.85757403075695,209.261129118502,0,0.920074626803398,4.00968283414841,0,0.278808444738388,8.57346458733082,248.179202236235,7.76003248989582,32.2041088342667,19.465364292264,22.2970455139875,5.44170598685741,123.335475921631,501.677418656647,3019.91093664616,214.619045637548,57.7880076169968,5346.38677026331,129.653979003429,1155.701072447,0,20.1956226825714,18.9977204501629,0.530897527933121,13.2140374332666,1156.13234149665,2558.75239281356,49.1991295516491,429.990058682859,159.544457025826,410.255916282535,0,2.4200205206871,270.925485022366,116.636975310743,551.137268766761,40.899757951498,77.1828184500337,0.487334877252579,708.500831589103,0,0,1.51000308990479,0,0,71.685812830925,1017.02699691057,1.41419941186905,66.8846142143011,2.7966338545084,11.5556968003511,0,8.28857250511646,1526.9169292599,214.619045637548,1300.79963664711,868.779419258237,168.286955647171,4.61038172245026,1546.3918042779,0,0.178638204932213,2.29337257146835,0,21.0754575431347,685.699346348643,3507.50007894635,1.52278172969818,89.859476312995,13.608741402626,9.83144043385983,128.65144303441,204.303052961826,1.22376541793346,6.10997657477856,475.566061764956,2056.2280869633,1145.01591524482,100.206726178527,282.698600560427,0.510246485471725,22.2519408017397,104.113711461425,13.1375409811735,414.870799958706,0,798.18115888536,117.34951902926,16.9688386023045,212.716663569212,155.256649076939,985.478452831507,382.463917955756,7.23814243078232,57.7880076169968,868.779419258237,3865.52460820973,2550.23621059209,1593.06738118827,534.601472735405,7.12861156463623,126.020921304822,241.37605895102,91.2984114587307,3186.51233834028,1.67380777001381,1498.56946910173,325.507030576468,180.617436006665,838.965249329805,291.823829561472,23.1443044394255,102.578114695847,8.92478513717651,28.3329230248928,51.2875384837389,269.071617349982,1870.75195858628,14.8783496022224,263.943532459438,0,8.96709571778774,64.188725605607,5.20537570863962,366.751405507326,0.5878596752882,394.415983684361,84.2419932559133,33.0694683939219,67.5685710906982,110.842122629285,166.009033247828,1372.11985506862,2004.4723751992,5346.38677026331,168.286955647171,2550.23621059209,22097.6975524947,456.361522689462,2073.87470431626,9.53929856419563,74.2966152131557,755.314109712839,102.462855122983,1954.01338505,275.886543996632,2030.73369131237,4374.28623148054,1926.84605556726,569.869866117835,6692.70486564189,7.41191682219505,6.94220848381519,0,0.14408715069294,0.194368839263916,74.1997658461332,19.4252674877644,162.548420786858,14.4217828214169,0,0,3.44149540364742,0,0,0,16.4964289069176,2.48293301463127,2.74627298116684,472.586298912764,6.96517832577229,1102.5810059011,6434.24081845582,26.9607782065868,129.653979003429,4.61038172245026,1593.06738118827,456.361522689462,7157.28388145566,3684.81655950844,0,4141.43895162642,41.6691787540913,75.1536115407944,164.317713469267,0.719981461763382,216.093254469335,30.0112800896168,1054.25552396476,1273.93078884482,397.180513322353,24.2312077283859,76.808229252696,86.3636546432972,48.6100296676159,177.760391652584,580.775998964906,385.38439913094,44.3499916046858,2118.53608626127,0,2.17590680718422,28.7996161282063,1.20678424835205,10.1215070039034,5.72775807976723,421.75550647825,29.9282836467028,61.3497079834342,986.433347135782,99.7872095480561,41.4785798043013,675.815748281777,6022.03671642393,1155.701072447,1546.3918042779,534.601472735405,2073.87470431626,3684.81655950844,10528.1916856617,0,152.694698631763,54.8172013163567,8.09320846199989,71.3217619806528,486.52484125644,1704.58707668632,97.7086720168591,5727.20403806865,4159.00067198277,476.754198119044,1116.71907135844,0.293038040399551,0,0,0,0,0,0.364002197980881,0,2017.0403444618,3.53634771704674,33.8854967951775,275.505898296833,227.64259314537,0,0.270157486200333,338.946561649442,0,0,0.321161538362503,4643.58491261303,2.57505199313164,0,0,0,7.12861156463623,9.53929856419563,0,0,2003.42350380123,49.6569817215204,90.5676078796387,1632.53078204393,1305.09131354094,0,0.248039409518242,944.676063016057,0,0,1.14444717764854,1.00283533334732,2.79679262638092,0,0,0.361788004636765,1.59240597486496,1.13575226068497,0.316654860973358,0.190960615873337,0,0.488777458667755,0.292828470468521,0,0.312784031033516,0,1.01838806271553,1.16288705915213,0,1.16473563015461,5.12272387742996,5273.26412430406,4753.24535542727,5.45350494980812,20.1956226825714,0.178638204932213,126.020921304822,74.2966152131557,4141.43895162642,152.694698631763,49.6569817215204,5366.58123777807,278.122066855431,3215.87455022335,176.729923292994,1.06804585456848,17.1597931087017,41.7112007215619,294.885878771544,55.1921686530113,60.7848886698484,7.45166423916817,13.2173493057489,0,0,0.534789592027664,20.0291361361742,37.7653943449259,1.50892329216003,7.98022162914276,0,3.11985068023205,5.77316027879715,1.54610069096088,5.41736869513988,0,6.7439301609993,7.67566414177418,4.39113163948059,0.947967529296875,10.8374070525169,1708.52186340094,2691.42120568454,0,18.9977204501629,2.29337257146835,241.37605895102,755.314109712839,41.6691787540913,54.8172013163567,90.5676078796387,278.122066855431,12515.3327766508,2022.88439722359,1861.59540058672,0,15.8720443025231,3224.83167642355,202.436835438013,16.5908607244492,3012.49253235757,3.74014160037041,1.35961437225342,0,0,0,3.43750642240047,10.8569794595242,0,0.638347879052162,0,0.495576485991478,3.11801266670227,0,1.58575630187988,0,0.582610249519348,2.24804659187794,0.657049834728241,0.793371975421906,1.19531726837158,9639.56900475919,772.775362424552,0,0.530897527933121,0,91.2984114587307,102.462855122983,75.1536115407944,8.09320846199989,1632.53078204393,3215.87455022335,2022.88439722359,9023.76541925967,1241.57879532874,0,1.39860881865025,1094.13363438845,28.7169582992792,0.8632832467556,63.3333256989717,7.34486266970634,15.608029589057,0,1.38682878017426,0,208.009577870369,144.677785426378,1.72975444793701,6.25733506679535,1.12626853585243,2.91304291784763,17.4448724538088,1.5200962126255,1733.95662136376,0,22.853295609355,229.381090849638,2.95341324806213,2.3383377790451,23.1149678975344,3412.8198094815,298.784512683749,0.346052080392838,13.2140374332666,21.0754575431347,3186.51233834028,1954.01338505,164.317713469267,71.3217619806528,1305.09131354094,176.729923292994,1861.59540058672,1241.57879532874,7982.73599685729,0.165201753377914,42.2484759986401,5220.07279857248,147.385289639235,16.4338862895966,198.077391207218,0,4.32108245790005,173.631669737399,129.085281692445,206.140392750502,0,45.8025965318084,0,288.338711239398,0,0,0,0,0,35.476446300745,191.235306508839,0.134863287210464,47.2949768081307,0,0.365183874964714,0,6.33660499751568,7857.96462725848,1156.13234149665,685.699346348643,1.67380777001381,275.886543996632,0.719981461763382,486.52484125644,0,1.06804585456848,0,0,0.165201753377914,10097.030196175,5056.3137544468,0.482997938990593,180.624568551779,1.36569291353226,13.1162847280502,3.63384215533733,31.1709224134684,238.169577397406,334.344215542078,535.75444123894,333.012700267136,432.79504711926,21.9300724416971,518.135114975274,0,4.19068990647793,3.31770145148039,0.17398002743721,5.54256771504879,204.928855240345,2675.49307542294,13.9220177382231,145.731670312583,153.937937274575,45.5779328718781,4.37754808366299,128.382113307714,1887.56351742148,2558.75239281356,3507.50007894635,1498.56946910173,2030.73369131237,216.093254469335,1704.58707668632,0.248039409518242,17.1597931087017,15.8720443025231,1.39860881865025,42.2484759986401,5056.3137544468,13231.0609973818,32.6794424280524,460.180152028799,441.02572286129,183.756356753409,0.874265357851982,20.2849445044994,0.177207946777344,0.939445078372955,0.15299454331398,27.6825340092182,64.2021963968873,1.24367100000381,14.4145749807358,0,0.225448906421661,13.4073281735182,2.93049670755863,5.57145215570927,0,16.8168775588274,5.90388882160187,0.13931143283844,0.182813450694084,16.7448405772448,592.839599832892,471.568618252873,6.53243421018124,49.1991295516491,1.52278172969818,325.507030576468,4374.28623148054,30.0112800896168,97.7086720168591,944.676063016057,41.7112007215619,3224.83167642355,1094.13363438845,5220.07279857248,0.482997938990593,32.6794424280524,5972.13019609451,164.612758383155,24.3474376797676,769.613922342658,1.85286775231361,19.5666454285383,11.2348659336567,15.9784559160471,19.6981513053179,33.8904019594193,57.0434277802706,8.69399903714657,61.5950578302145,0,4.03148472309113,4.40653051435947,0.273926675319672,0.804659366607666,5.15398167073727,62.1188572347164,4.34221604466438,11.5263020247221,17.4087890684605,10.3963215202093,102.527749672532,2736.63479115069,1695.31969951093,429.990058682859,89.859476312995,180.617436006665,1926.84605556726,1054.25552396476,5727.20403806865,0,294.885878771544,202.436835438013,28.7169582992792,147.385289639235,180.624568551779,460.180152028799,164.612758383155,3208.48332569003,487.820220589638,541.431610271335,8.04836878180504,14.5263115018606,0,5.81323966383934,2.08581465482712,251.290611326694,74.2911859080195,215.13782311976,432.664100915194,0,2.08306407928467,0.522419810295105,0,8.52029027044773,0,80.9667825624347,3.42859373986721,5.04560387134552,4602.61631274223,14.1498472839594,18.2087872922421,235.875102862716,28.0000314414501,159.544457025826,13.608741402626,838.965249329805,569.869866117835,1273.93078884482,4159.00067198277,0,55.1921686530113,16.5908607244492,0.8632832467556,16.4338862895966,1.36569291353226,441.02572286129,24.3474376797676,487.820220589638,1346.03041629493,233.28862503171,10.7563245147467,26.8972489908338,0,5.97976639866829,5.10288591682911,52.7593053877354,93.4251248091459,1.29153633117676,77.6184458136559,0,2.66629685461521,15.9043683558702,3.63813547790051,9.32044251263142,0,30.472421079874,12.7556194812059,4.74517808109522,18.1157456636429,32.1015361249447,117.730238035321,2546.81531502306,48.0355962216854,410.255916282535,9.83144043385983,291.823829561472,6692.70486564189,397.180513322353,476.754198119044,1.14444717764854,60.7848886698484,3012.49253235757,63.3333256989717,198.077391207218,13.1162847280502,183.756356753409,769.613922342658,541.431610271335,233.28862503171,7830.94098581374
