7940.88037925959,485.437461495399,0.65012925863266,2.26351076364517,0,276.965989068151,33.0390982329845,648.464326813817,0.396904081106186,1575.83834710717,1948.01394121349,1319.44056376815,5256.2650847733,2041.02955181897,0,12.7967071682215,1074.29007834196,1.028010815382,229.457452386618,11.2445380538702,1521.95005893707,0,0,0,0,1.42555701732635,2.23729538917542,0,0,424.022817254066,1.54737192392349,0,0,73.9115570783615,0,1.61261604726315,0,0,4.72044543921947,0,485.437461495399,38343.4092269465,853.761900112033,350.160547375679,56.4789385050535,842.668458379805,2413.75494871289,3820.9220854193,1575.89773388207,1.86214137077332,4938.42764155567,2109.2210983187,785.086896240711,315.214898005128,136.025833420455,1596.15275140107,419.368664525449,6786.60210494697,258.399951629341,3151.06126043946,0,3.81061790883541,13.9221544638276,45.159688308835,15.8528838157654,96.7830658704042,146.224999830127,4.31453692913055,38.530351921916,0,0.227036088705063,0,1.80290222167969,2.47424066066742,13.6078703701496,131.307892151177,3.27799905836582,7.98556722700596,77.2392899543047,26.6445646733046,0.65012925863266,853.761900112033,14085.3826498166,775.944399803877,2408.43652397394,2.4505899399519,2277.27798032761,471.630043983459,6961.08432473242,0,152.467514067888,0,0,0,7505.70189742744,2679.96752358973,3.35298156738281,2533.97662892938,81.6449275612831,59.1966155171394,0,0,197.903540372849,30.9561723619699,412.942433789372,6.07553407549858,32.0802049487829,0.742756605148315,140.074061661959,0,0,0,0.164489835500717,0,226.844242580235,332.85480119288,0.451257973909378,33.5800057202578,2.09189994633198,0.657895669341087,2.26351076364517,350.160547375679,775.944399803877,3140.8094997406,161.279277801514,18.2041553109884,5115.55528900027,75.3519875854254,824.168369702995,0,8.96954943239689,15.2388909012079,0,2.16023541986942,2040.05309809744,1866.37859338522,22.0580891221762,278.263937607408,168.742475301027,303.033268108964,0,0.140765398740768,73.9312474653125,92.9645314514637,69.9450508803129,5.68187555670738,104.505383528769,4.36653615534306,76.3291792720556,0,1.16068625450134,0.160283282399178,0.114734351634979,0.260138124227524,56.4515270739794,219.173797860742,0.123809792101383,13.962911427021,117.04186078161,11.7510212063789,0,56.4789385050535,2408.43652397394,161.279277801514,1715.58616779745,965.598901644349,204.831899166107,13.0855441093445,1640.6458953172,0,0.55489818751812,1.14626637101173,0,20.3546147495508,1465.346660465,4176.0035642758,9.41347216069698,336.813890561461,45.5595261454582,4.82865205407143,0,0.405442923307419,257.981938019395,25.8025889694691,787.346397489309,7.12074586749077,25.8520649373531,4.53398737311363,194.136758133769,0,0,0,0,0,164.099083743989,367.586126603186,2.11287185549736,25.0703392624855,18.5418856143951,0.460504412651062,276.965989068151,842.668458379805,2.4505899399519,18.2041553109884,965.598901644349,3947.08466307819,1941.18332894146,865.5658300668,67.9255691543221,1.70744404196739,181.740658789873,532.472921073437,27.8624886423349,2772.68742655218,6.01138389110565,912.470520325005,1040.74892884493,71.8949093818665,463.009716451168,385.076000154018,0,0.996512830257416,7.66771459579468,47.3242433816195,12.0615440756083,84.780359223485,122.574664324522,12.2513957619667,29.5041815489531,0,0.201173037290573,0.441845029592514,0,2.39559400081635,2.29006712138653,259.092467442155,0.186789736151695,4.12464579194784,291.806737601757,10.4008802622557,33.0390982329845,2413.75494871289,2277.27798032761,5115.55528900027,204.831899166107,1941.18332894146,20383.8418280482,115.839049458504,1353.14790359885,0,140.871509946883,971.285362757742,21.6748117357492,1505.16337296367,974.325225144625,4704.96931172907,3888.45742972195,975.777983784676,289.848638519645,5769.694579795,0.951830834150314,10.5199216157198,56.4219628870487,146.370317168534,68.4743549227715,103.882890120149,362.606321461499,15.1636724174023,133.792755059898,0,6.08561359345913,0.812781393527985,1.82487735152245,7.57634904980659,41.3983643427491,403.167080119252,3.75549578666687,16.1362894549966,201.597454532981,59.4629757702351,648.464326813817,3820.9220854193,471.630043983459,75.3519875854254,13.0855441093445,865.5658300668,115.839049458504,5751.18211561441,2673.69857339561,0,2325.81844499707,42.1575616151094,29.7592297196388,29.5788975954056,6.26778224110603,305.993841581047,17.9304261207581,1893.65943466127,2400.88182953,41.7244634628296,1.1093190908432,0,1.87022982537746,16.3962384313345,5.35462009906769,28.3505588322878,32.636081084609,42.8868061900139,34.6762481480837,0,0,0,0,0,0,47.2878946214914,0,3.76075339317322,183.716592058539,6.80568191409111,0.396904081106186,1575.89773388207,6961.08432473242,824.168369702995,1640.6458953172,67.9255691543221,1353.14790359885,2673.69857339561,11707.2015299723,0,92.7402452677488,6.15069608390331,0,2.85090151429176,458.064865790308,1756.52600650117,14.8992614150047,4598.92804921418,5356.85912958533,153.860013321042,0,2.34144401550293,293.394978836179,154.585981540382,598.770381458104,20.0168793201447,194.811622448266,25.2178808748722,928.940884970129,0,0.414457410573959,2.20912183821201,0,0.992741242051125,83.8574696332216,344.751332856715,2.18054370582104,19.6754156500101,426.1420635432,19.1875067874789,1575.83834710717,1.86214137077332,0,0,0,1.70744404196739,0,0,0,1750.52465683222,14.8066964447498,84.155447781086,526.052324950695,1885.15725164115,0,0,1696.85364100337,0,0,0,132.788112312555,0,0,0,0,0,0,0,0,318.707871317863,0,0,0,128.226464569569,0,0,0,0,0,0,1948.01394121349,4938.42764155567,152.467514067888,8.96954943239689,0.55489818751812,181.740658789873,140.871509946883,2325.81844499707,92.7402452677488,14.8066964447498,6524.18406398594,438.192278325558,2534.29573000968,405.848463468254,0.581814110279083,59.612978450954,148.94863396883,823.896328911185,17.9916577786207,18.0727011114359,2.77573221921921,0,0,1.57167032361031,0,6.74717482924461,14.5875986963511,0,0.696119531989098,1.32334339618683,0,0,0,0,0,3.17518962919712,0,0,1.76640245318413,0.747178539633751,1319.44056376815,2109.2210983187,0,15.2388909012079,1.14626637101173,532.472921073437,971.285362757742,42.1575616151094,6.15069608390331,84.155447781086,438.192278325558,6675.39085738361,1117.03489114344,1465.11538524926,2.77567164599895,121.426807977259,3371.26583452523,35.4369438588619,0.946371525526047,2455.91763952374,6.45416334271431,1.69215178489685,0,2.88000950217247,0,28.5702526420355,21.0937321931124,0,0.377327919006348,5.89054951071739,0,1.28447616100311,0,1.60050848126411,0,12.8741991519928,0,0,1.68971394002438,3.02243477106094,5256.2650847733,785.086896240711,0,0,0,27.8624886423349,21.6748117357492,29.7592297196388,0,526.052324950695,2534.29573000968,1117.03489114344,3930.1999938786,479.822531372309,0,8.75046145915985,379.323864817619,0.378300428390503,0,14.9013389647007,122.067921102047,0,0,0,0,1.80528351664543,3.72829428315163,0,0.496628820896149,42.2775674462318,0,0,0,4.36247518658638,0,0.42601378262043,0,0,0,0,2041.02955181897,315.214898005128,0,2.16023541986942,20.3546147495508,2772.68742655218,1505.16337296367,29.5788975954056,2.85090151429176,1885.15725164115,405.848463468254,1465.11538524926,479.822531372309,8738.93561948836,0.769595354795456,49.6780747622252,7181.52659794688,19.1581199616194,15.7405441701412,88.5994863659143,53.0554086565971,1.01459473371506,0.876578211784363,6.00435967743397,0,6.64939418435097,11.9806696772575,1.61648155748844,0.310053169727325,276.922492593527,0,0.594559550285339,0,175.677207201719,0,14.4424298256636,0,0,5.85560457408428,0.579790815711021,0,136.025833420455,7505.70189742744,2040.05309809744,1465.346660465,6.01138389110565,974.325225144625,6.26778224110603,458.064865790308,0,0.581814110279083,2.77567164599895,0,0.769595354795456,11674.355446294,7891.75474216789,4.69788226485252,314.7619035393,7.64911186695099,64.6245475113392,0,0,147.043132916093,26.8427730202675,252.93905057013,2.362549290061,21.7642327398062,1.68330520391464,69.1720814108849,0,0,0,0,0,164.065263912082,224.773445166647,0,17.7779040783644,4.51266598701477,0.574438825249672,12.7967071682215,1596.15275140107,2679.96752358973,1866.37859338522,4176.0035642758,912.470520325005,4704.96931172907,305.993841581047,1756.52600650117,0,59.612978450954,121.426807977259,8.75046145915985,49.6780747622252,7891.75474216789,15171.9591949806,234.095890797675,702.382830329239,579.15269639343,798.978819690645,0.774347007274628,15.4011116921902,278.5841049999,277.635668516159,683.433351181448,86.8761062249541,654.273986540735,32.6128391027451,308.045057699084,0,0.546500280499458,4.28821969032288,4.08975171297789,10.256532356143,326.001047804952,1589.00222767889,13.480012357235,69.4059640169144,257.143217936158,88.939988695085,1074.29007834196,419.368664525449,3.35298156738281,22.0580891221762,9.41347216069698,1040.74892884493,3888.45742972195,17.9304261207581,14.8992614150047,1696.85364100337,148.94863396883,3371.26583452523,379.323864817619,7181.52659794688,4.69788226485252,234.095890797675,4858.32379807532,57.0429961830378,14.190082103014,956.724009796977,30.7364782094955,0.332577347755432,0.997643172740936,4.2906509488821,2.03073313832283,20.6861478686333,30.8741559386253,0,2.18159419298172,192.764691919088,0,0,0,24.0611144006252,0,16.7715875133872,0,1.23396039009094,5.09067521989346,4.04661223292351,1.028010815382,6786.60210494697,2533.97662892938,278.263937607408,336.813890561461,71.8949093818665,975.777983784676,1893.65943466127,4598.92804921418,0,823.896328911185,35.4369438588619,0.378300428390503,19.1581199616194,314.7619035393,702.382830329239,57.0429961830378,2595.78390228748,231.172970741987,399.403829485178,0,0.765650898218155,44.4891790151596,47.3571305423975,74.6816216409206,9.30526739358902,69.7500634789467,3.18620043992996,52.554072484374,0,0,0.198889091610909,0.836485087871552,0.352393001317978,41.2909940779209,148.902547568083,0.206060737371445,9.42844864726067,65.797989949584,10.6396019160748,229.457452386618,258.399951629341,81.6449275612831,168.742475301027,45.5595261454582,463.009716451168,289.848638519645,2400.88182953,5356.85912958533,0,17.9916577786207,0.946371525526047,0,15.7405441701412,7.64911186695099,579.15269639343,14.190082103014,231.172970741987,2553.65899011493,69.2681926041842,0,1.59547958523035,81.1023636758327,70.3237002640963,6.14554427564144,290.878329709172,137.360989496112,176.955559238791,916.248355105519,0,0.644893944263458,0,3.51856669783592,0,1.80517521500587,181.998538918793,0.74142798781395,21.3117591738701,2878.99666071683,14.4166572093964,11.2445380538702,3151.06126043946,59.1966155171394,303.033268108964,4.82865205407143,385.076000154018,5769.694579795,41.7244634628296,153.860013321042,0,18.0727011114359,2455.91763952374,14.9013389647007,88.5994863659143,64.6245475113392,798.978819690645,956.724009796977,399.403829485178,69.2681926041842,5799.41791349649,0,3.43616560101509,2.63976903259754,23.4684978723526,2.92419420182705,34.4670793712139,77.6470775082707,3.89217042922974,21.8497267067432,0,0,0,0.501749187707901,0.241773724555969,2.46762733161449,71.3383884653449,1.90780399739742,2.59588113427162,27.7184339314699,9.96256449818611,1521.95005893707,0,0,0,0,0,0.951830834150314,1.1093190908432,0,132.788112312555,2.77573221921921,6.45416334271431,122.067921102047,53.0554086565971,0,0.774347007274628,30.7364782094955,0,0,0,12426.1725538373,142.697064831853,0,0.695198088884354,0,957.640659764409,94.3158488720655,1151.36051723361,3.63149660825729,2796.18253995478,2610.79239417613,623.923705890775,6406.42667077482,3746.32006037235,0,8.544110044837,328.095246106386,15.3165287226439,91.9648719727993,52.2407229095697,0,3.81061790883541,0,0.140765398740768,0.405442923307419,0.996512830257416,10.5199216157198,0,2.34144401550293,0,0,1.69215178489685,0,1.01459473371506,0,15.4011116921902,0.332577347755432,0.765650898218155,1.59547958523035,3.43616560101509,142.697064831853,37962.6290044412,771.998687744141,83.7785463184118,2.88118256628513,397.212205573916,1824.33948356658,4977.03451802582,481.211919590831,1.94011065363884,3658.79301227629,2383.83799161762,898.817389883101,313.141055524349,7.48261910676956,79.6831012442708,510.778038479388,3548.11587667465,387.327701807022,2938.46261895448,0,13.9221544638276,197.903540372849,73.9312474653125,257.981938019395,7.66771459579468,56.4219628870487,1.87022982537746,293.394978836179,0,0,0,0,0.876578211784363,147.043132916093,278.5841049999,0.997643172740936,44.4891790151596,81.1023636758327,2.63976903259754,0,771.998687744141,11557.3874704912,765.247956395149,2441.80821637064,24.5864038318396,2824.78409063816,286.910905689001,8390.79929301143,0,18.2226057052612,5.3259140253067,4.07963301241398,6.18158727884293,9327.88229779899,2215.1996017918,10.0996086895466,2402.16058443487,349.127130925655,76.1280039846897,0,45.159688308835,30.9561723619699,92.9645314514637,25.8025889694691,47.3242433816195,146.370317168534,16.3962384313345,154.585981540382,0,1.57167032361031,2.88000950217247,0,6.00435967743397,26.8427730202675,277.635668516159,4.2906509488821,47.3571305423975,70.3237002640963,23.4684978723526,0.695198088884354,83.7785463184118,765.247956395149,1918.3767606765,156.498027160764,127.353482455015,3452.77956669033,105.288488253951,860.397806368768,0,12.1885922849178,12.8251027464867,16.0915338397026,18.2512191832066,2192.78396752477,1152.03306213766,72.8210470080376,240.968271896243,737.11245855689,346.18547052145,0,15.8528838157654,412.942433789372,69.9450508803129,787.346397489309,12.0615440756083,68.4743549227715,5.35462009906769,598.770381458104,0,0,0,0,0,252.93905057013,683.433351181448,2.03073313832283,74.6816216409206,6.14554427564144,2.92419420182705,0,2.88118256628513,2441.80821637064,156.498027160764,1771.8052700609,1111.47654670477,126.229740396142,5.07322150468826,1034.18354779482,0,0,0.16540515422821,0,2.06745195388794,1311.88864603639,3897.71237514168,0.889809608459473,131.331283614039,71.4896726459265,15.4769701063633,1.42555701732635,96.7830658704042,6.07553407549858,5.68187555670738,7.12074586749077,84.780359223485,103.882890120149,28.3505588322878,20.0168793201447,0,6.74717482924461,28.5702526420355,1.80528351664543,6.64939418435097,2.362549290061,86.8761062249541,20.6861478686333,9.30526739358902,290.878329709172,34.4670793712139,957.640659764409,397.212205573916,24.5864038318396,127.353482455015,1111.47654670477,2824.42719133198,3480.33604472876,1490.61983029544,293.157020509243,0,177.651765137911,289.782697275281,208.937648363411,2668.5810867846,16.1291691958904,2191.14723470807,494.8968308568,101.883139446378,1209.95122331381,591.214059814811,2.23729538917542,146.224999830127,32.0802049487829,104.505383528769,25.8520649373531,122.574664324522,362.606321461499,32.636081084609,194.811622448266,0,14.5875986963511,21.0937321931124,3.72829428315163,11.9806696772575,21.7642327398062,654.273986540735,30.8741559386253,69.7500634789467,137.360989496112,77.6470775082707,94.3158488720655,1824.33948356658,2824.78409063816,3452.77956669033,126.229740396142,3480.33604472876,16341.6106638834,458.814248874784,1574.64680275321,0.593815043568611,168.072074115276,495.43825288862,198.278904877603,3220.16266168654,821.791544243693,2579.96846256405,3313.18871451914,1127.26068918407,2041.4274417758,6641.12234385312,0,4.31453692913055,0.742756605148315,4.36653615534306,4.53398737311363,12.2513957619667,15.1636724174023,42.8868061900139,25.2178808748722,0,0,0,0,1.61648155748844,1.68330520391464,32.6128391027451,0,3.18620043992996,176.955559238791,3.89217042922974,1151.36051723361,4977.03451802582,286.910905689001,105.288488253951,5.07322150468826,1490.61983029544,458.814248874784,8039.07901805639,2300.16673515737,0,3299.89458537102,56.1574311703444,115.035196125507,40.0689273029566,11.8044956326485,165.32175796479,35.946986168623,2060.75976869464,1787.72278700769,122.200957551599,0,38.530351921916,140.074061661959,76.3291792720556,194.136758133769,29.5041815489531,133.792755059898,34.6762481480837,928.940884970129,0,0.696119531989098,0.377327919006348,0.496628820896149,0.310053169727325,69.1720814108849,308.045057699084,2.18159419298172,52.554072484374,916.248355105519,21.8497267067432,3.63149660825729,481.211919590831,8390.79929301143,860.397806368768,1034.18354779482,293.157020509243,1574.64680275321,2300.16673515737,9195.84238055348,0,114.909053832293,7.85446199774742,32.1901105195284,55.1377265900373,923.455999314785,1474.33850496262,46.0950434878469,4518.11708080024,6170.31581941247,165.855558365583,424.022817254066,0,0,0,0,0,0,0,0,318.707871317863,1.32334339618683,5.89054951071739,42.2775674462318,276.922492593527,0,0,192.764691919088,0,0,0,2796.18253995478,1.94011065363884,0,0,0,0,0.593815043568611,0,0,1600.44058349729,13.7158641815186,64.738863825798,662.02156727016,2112.5905970186,0,0,619.119201615453,0,0,0.933505445718765,1.54737192392349,0.227036088705063,0,1.16068625450134,0,0.201173037290573,6.08561359345913,0,0.414457410573959,0,0,0,0,0,0,0.546500280499458,0,0,0.644893944263458,0,2610.79239417613,3658.79301227629,18.2226057052612,12.1885922849178,0,177.651765137911,168.072074115276,3299.89458537102,114.909053832293,13.7158641815186,5958.23607736826,309.382594257593,3179.34353327751,134.93941102922,3.08275265991688,6.95712124556303,99.4994927346706,395.550153419375,41.6657267808914,90.3336822986603,0,0,0,0.160283282399178,0,0.441845029592514,0.812781393527985,0,2.20912183821201,0,0,1.28447616100311,0,0.594559550285339,0,4.28821969032288,0,0.198889091610909,0,0,623.923705890775,2383.83799161762,5.3259140253067,12.8251027464867,0.16540515422821,289.782697275281,495.43825288862,56.1574311703444,7.85446199774742,64.738863825798,309.382594257593,8420.07329888642,1821.26472143829,646.254653155804,1.67979261279106,12.7819116637111,3353.72510077059,141.950185403228,12.2272898256779,2353.03317548335,0,1.80290222167969,0.164489835500717,0.114734351634979,0,0,1.82487735152245,0,0,0,0,0,0,0,0,4.08975171297789,0,0.836485087871552,3.51856669783592,0.501749187707901,6406.42667077482,898.817389883101,4.07963301241398,16.0915338397026,0,208.937648363411,198.278904877603,115.035196125507,32.1901105195284,662.02156727016,3179.34353327751,1821.26472143829,5742.90903253853,872.014721915126,0.644204169511795,12.6279508844018,722.605916835368,122.364076927304,21.3280959278345,167.99464905262,73.9115570783615,2.47424066066742,0,0.260138124227524,0,2.39559400081635,7.57634904980659,0,0.992741242051125,128.226464569569,0,1.60050848126411,4.36247518658638,175.677207201719,0,10.256532356143,24.0611144006252,0.352393001317978,0,0.241773724555969,3746.32006037235,313.141055524349,6.18158727884293,18.2512191832066,2.06745195388794,2668.5810867846,3220.16266168654,40.0689273029566,55.1377265900373,2112.5905970186,134.93941102922,646.254653155804,872.014721915126,8090.50811569393,1.58230951428413,55.8382839113474,4708.6296094209,45.5431042015553,30.4125567227602,308.168716087937,0,13.6078703701496,226.844242580235,56.4515270739794,164.099083743989,2.29006712138653,41.3983643427491,0,83.8574696332216,0,0,0,0,0,164.065263912082,326.001047804952,0,41.2909940779209,1.80517521500587,2.46762733161449,0,7.48261910676956,9327.88229779899,2192.78396752477,1311.88864603639,16.1291691958904,821.791544243693,11.8044956326485,923.455999314785,0,3.08275265991688,1.67979261279106,0.644204169511795,1.58230951428413,12028.68078655,7051.39000053704,10.4008621871471,317.239265143871,50.9317946881056,27.2562257498503,1.61261604726315,131.307892151177,332.85480119288,219.173797860742,367.586126603186,259.092467442155,403.167080119252,47.2878946214914,344.751332856715,0,3.17518962919712,12.8741991519928,0.42601378262043,14.4424298256636,224.773445166647,1589.00222767889,16.7715875133872,148.902547568083,181.998538918793,71.3383884653449,8.544110044837,79.6831012442708,2215.1996017918,1152.03306213766,3897.71237514168,2191.14723470807,2579.96846256405,165.32175796479,1474.33850496262,0,6.95712124556303,12.7819116637111,12.6279508844018,55.8382839113474,7051.39000053704,12022.6177920029,32.9648929014802,341.013151288033,1276.98762042075,172.146332815289,0,3.27799905836582,0.451257973909378,0.123809792101383,2.11287185549736,0.186789736151695,3.75549578666687,0,2.18054370582104,0,0,0,0,0,0,13.480012357235,0,0.206060737371445,0.74142798781395,1.90780399739742,328.095246106386,510.778038479388,10.0996086895466,72.8210470080376,0.889809608459473,494.8968308568,3313.18871451914,35.946986168623,46.0950434878469,619.119201615453,99.4994927346706,3353.72510077059,722.605916835368,4708.6296094209,10.4008621871471,32.9648929014802,6618.23197449744,128.431562587619,62.460017234087,1391.26359835267,0,7.98556722700596,33.5800057202578,13.962911427021,25.0703392624855,4.12464579194784,16.1362894549966,3.76075339317322,19.6754156500101,0,0,0,0,0,17.7779040783644,69.4059640169144,1.23396039009094,9.42844864726067,21.3117591738701,2.59588113427162,15.3165287226439,3548.11587667465,2402.16058443487,240.968271896243,131.331283614039,101.883139446378,1127.26068918407,2060.75976869464,4518.11708080024,0,395.550153419375,141.950185403228,122.364076927304,45.5431042015553,317.239265143871,341.013151288033,128.431562587619,2366.78828693926,917.297342181206,308.856651306152,4.72044543921947,77.2392899543047,2.09189994633198,117.04186078161,18.5418856143951,291.806737601757,201.597454532981,183.716592058539,426.1420635432,0,1.76640245318413,1.68971394002438,0,5.85560457408428,4.51266598701477,257.143217936158,5.09067521989346,65.797989949584,2878.99666071683,27.7184339314699,91.9648719727993,387.327701807022,349.127130925655,737.11245855689,71.4896726459265,1209.95122331381,2041.4274417758,1787.72278700769,6170.31581941247,0,41.6657267808914,12.2272898256779,21.3280959278345,30.4125567227602,50.9317946881056,1276.98762042075,62.460017234087,917.297342181206,3230.57437489927,408.907201319933,0,26.6445646733046,0.657895669341087,11.7510212063789,0.460504412651062,10.4008802622557,59.4629757702351,6.80568191409111,19.1875067874789,0,0.747178539633751,3.02243477106094,0,0.579790815711021,0.574438825249672,88.939988695085,4.04661223292351,10.6396019160748,14.4166572093964,9.96256449818611,52.2407229095697,2938.46261895448,76.1280039846897,346.18547052145,15.4769701063633,591.214059814811,6641.12234385312,122.200957551599,165.855558365583,0.933505445718765,90.3336822986603,2353.03317548335,167.99464905262,308.168716087937,27.2562257498503,172.146332815289,1391.26359835267,308.856651306152,408.907201319933,5749.93327249587
