10598.7199376225,592.647702693939,0.174735575914383,2.58452686667442,2.47146585583687,689.929308012128,188.353862397373,935.473739355803,11.2297700941563,3243.48313577473,3546.523687765,1327.34741252661,9883.3742596209,2696.77801473439,0,9.32401952892542,1331.65412721038,99.2855429947376,49.4791120588779,137.135065883398,2584.42529672384,0,0,0,0.975403726100922,43.1378095448017,1.48382134735584,0,0,967.847294479609,0,0,0,0,0,0.152890160679817,0,0,0.443879663944244,0,592.647702693939,38767.2818034515,993.645976811647,141.947054244578,19.367223456502,190.108123980463,3697.76797468215,1940.90185579658,1258.44839140028,1.6635694205761,5667.40933528543,4581.32800187916,1592.25758251548,628.503682337701,52.4992051273584,123.059815876186,450.665366590023,4401.9810955897,387.100928261876,2418.56874205172,0,1.58676910400391,1.61428900063038,1.40071469545364,3.85217860341072,131.565291069448,15.3963247835636,2.44423830509186,19.3756019696593,0,0,0.739674925804138,0,0,0,27.6378122866154,0.808064758777618,0.47992205619812,24.3469681739807,0.178212836384773,0.174735575914383,993.645976811647,12755.3897061571,698.324643850327,1551.57127442956,2.3623254597187,1386.68220424652,94.9725587964058,4679.89588730037,0,27.9651922285557,0.511447638273239,0,4.2782921642065,9655.57691377401,1813.45177511871,0.896577641367912,3012.04871754348,193.371932990849,3.93003106117249,0,0.464760303497314,57.0967811346054,64.6854867339134,126.127852924168,24.2659538835287,7.24644881486893,0.545543551445007,164.835200667381,0,0,0.439025014638901,0,0,55.2872926294804,249.275980077684,0,4.58986262977123,3.13211961090565,0,2.58452686667442,141.947054244578,698.324643850327,3482.77021239698,272.538993403316,21.4501097276807,2160.63613557816,40.6743546128273,965.482670366764,0,0.759889215230942,4.37104211747646,1.34531670808792,7.91938170790672,1144.74312032759,2385.25791190565,20.4320376962423,471.575926363468,119.540576726198,79.6045200824738,0,0.345850229263306,13.90396296978,18.4859700351954,72.5431540459394,167.358146578074,31.6239416003227,3.03828728199005,40.0592507943511,0,0,0,0,0.320677220821381,11.0798589587212,231.465082533658,1.22076630592346,3.19976641237736,9.73886081576347,1.81516471505165,2.47146585583687,19.367223456502,1551.57127442956,272.538993403316,1351.67473374307,918.267254188657,187.70676073432,6.14310705661774,1464.15147678554,0,0,0.828629985451698,0,9.30722898244858,490.662843480706,2501.21008147299,12.5997725576162,485.605490684509,32.6496895849705,2.712257578969,0,1.33539080619812,33.7623458653688,33.6751272529364,379.358969196677,175.000690996647,18.9068523868918,0,406.234437465668,0,0,0,0,0,32.8776817619801,370.917185917497,0,10.6963277757168,12.4087446182966,0,689.929308012128,190.108123980463,2.3623254597187,21.4501097276807,918.267254188657,4378.32886502147,2485.12270949036,604.880426764488,278.043224215508,0.31698951125145,43.731962621212,152.806003302336,13.9459123760462,1930.07954463363,0.500108569860458,1098.06905010343,568.965641051531,47.958520680666,599.579885810614,183.537890002131,9.12564218044281,11.949681520462,0,4.83875501155853,28.175090521574,512.779760912061,70.1721740588546,5.14036333560944,10.8117002248764,0,3.11375421285629,7.28131690621376,3.06987148523331,12.7598792910576,0.21172733604908,36.4148481860757,6.68803569674492,0,5.21880421042442,1.48728275299072,188.353862397373,3697.76797468215,1386.68220424652,2160.63613557816,187.70676073432,2485.12270949036,18440.635184899,543.513416320086,3024.33968045563,1.07202099263668,63.9713236838579,382.3683251068,22.9022470116615,1259.398466371,177.383336678147,1759.53789529949,2328.83290655911,1269.62442630529,1911.0242626071,4691.82877278328,4.08293062448502,13.1197294592857,1.14466951787472,18.926167935133,25.5673418268561,1315.67467194796,663.051801651716,3.64094804227352,76.472523316741,0,6.06842122972012,10.2432676702738,5.22593195736408,53.8125097304583,5.22549271583557,142.220059335232,1.99431082606316,3.70527215301991,68.7934440672398,11.5685732811689,935.473739355803,1940.90185579658,94.9725587964058,40.6743546128273,6.14310705661774,604.880426764488,543.513416320086,5539.08586588502,3583.2733181119,0.381039410829544,2955.5025177896,9.30350810289383,6.06282410025597,68.7420907616615,4.30822795629501,88.1704509630799,11.9044903963804,2158.86084800959,1711.13649860024,38.6742245405912,3.86334133148193,0,0,0,0.226496502757072,252.97318136692,11.9256285130978,231.137376755476,1.66802847385406,0,6.5238938331604,3.13963484764099,0,10.4122013151646,0,7.82905839383602,0,0,107.282416731119,0,11.2297700941563,1258.44839140028,4679.89588730037,965.482670366764,1464.15147678554,278.043224215508,3024.33968045563,3583.2733181119,8080.46610187739,0,364.087856754661,43.4496684968472,3.11485126614571,67.3591935485601,510.03792078793,1282.73538923264,145.677103936672,5627.6009933874,4293.5031369701,288.422584310174,16.0377224385738,43.7074925899506,57.2945078313351,73.8825944811106,557.426634475589,757.356363281608,501.183706857264,31.3863522708416,1057.13771130145,0,21.8839043080807,19.7117690145969,9.3785325884819,49.1398630142212,60.4188128262758,372.319032043219,17.2800780087709,36.0647983253002,247.431516900659,45.9841291904449,3243.48313577473,1.6635694205761,0,0,0,0.31698951125145,1.07202099263668,0.381039410829544,0,1226.33570304513,8.55072718858719,62.6515867859125,2035.76166492701,774.023270517588,0,0,1972.83575621247,0,0,3.6376805305481,552.228529751301,0,0,0,0,0.589179575443268,0,0,0,612.311403289437,0,0.882600009441376,63.8846508860588,3.47887137532234,0,0,1.02865064144135,0,0,0,3546.523687765,5667.40933528543,27.9651922285557,0.759889215230942,0,43.731962621212,63.9713236838579,2955.5025177896,364.087856754661,8.55072718858719,9157.94293875992,433.676941975951,2687.49082459509,80.7167119383812,0,4.31238988041878,52.8478989005089,1580.36593580246,60.7100124806166,29.84157076478,22.998027741909,0,0,0.355347901582718,0,10.3001997768879,3.16327410936356,0,0,1.64200681447983,0,0,0,0,0,0,0.755890548229218,0,0,0,1327.34741252661,4581.32800187916,0.511447638273239,4.37104211747646,0.828629985451698,152.806003302336,382.3683251068,9.30350810289383,43.4496684968472,62.6515867859125,433.676941975951,10409.9108175337,2040.05098699033,1786.46037535369,0,13.6211885213852,2952.36558412015,113.087617605925,45.5246097296476,3340.10497508943,2.48464317619801,0,0,0,0,29.6950873434544,7.85684557259083,0,0.124167017638683,0.335450887680054,0,0,0,0,0,1.69323433935642,0,0,0.246491819620132,0,9883.3742596209,1592.25758251548,0,1.34531670808792,0,13.9459123760462,22.9022470116615,6.06282410025597,3.11485126614571,2035.76166492701,2687.49082459509,2040.05098699033,10321.0489796996,329.881878480315,0,0.772685334086418,794.197662681341,21.6903150379658,3.32085910439491,22.4075713604689,366.838540226221,0,0,0,0,1.69886466860771,0,0,0,213.914140403271,0,0,0,0,0,0,0,0,0,0,2696.77801473439,628.503682337701,4.2782921642065,7.91938170790672,9.30722898244858,1930.07954463363,1259.398466371,68.7420907616615,67.3591935485601,774.023270517588,80.7167119383812,1786.46037535369,329.881878480315,10233.7988237739,0.180244356393814,48.3219065740705,6991.91312466562,126.66253362596,310.660385966301,349.990308620036,74.9435420036316,0,0,0.793453872203827,0.292099058628082,112.041515782475,26.7851951569319,0,0.904848054051399,125.83181810379,1.04721641540527,0,0,173.919005334377,0,2.35109469294548,0,0,0.539787590503693,0,0,52.4992051273584,9655.57691377401,1144.74312032759,490.662843480706,0.500108569860458,177.383336678147,4.30822795629501,510.03792078793,0,0,0,0,0.180244356393814,6724.71099536121,4494.56470818073,0.151369318366051,669.58631798625,2.76205510646105,2.95491415262222,0,0,6.60313676297665,6.73408043384552,25.9576987028122,7.6035291403532,1.87545864284039,0.870532363653183,2.23353065550327,0,0,0,0,0,12.3988343924284,84.0579745471478,0,3.1402785629034,0,0,9.32401952892542,123.059815876186,1813.45177511871,2385.25791190565,2501.21008147299,1098.06905010343,1759.53789529949,88.1704509630799,1282.73538923264,0,4.31238988041878,13.6211885213852,0.772685334086418,48.3219065740705,4494.56470818073,16485.3931436762,49.5645737722516,527.711527295411,304.828678503633,63.7355560958385,0,1.57374966144562,15.7705865427852,44.9550645723939,365.136172115803,762.467485718429,133.170042186975,1.22083652019501,104.885169997811,0,0,0.269348055124283,0,1.32948938012123,24.2057157456875,697.695440292358,0.841098815202713,11.3134700804949,20.9945483654737,0.967167466878891,1331.65412721038,450.665366590023,0.896577641367912,20.4320376962423,12.5997725576162,568.965641051531,2328.83290655911,11.9044903963804,145.677103936672,1972.83575621247,52.8478989005089,2952.36558412015,794.197662681341,6991.91312466562,0.151369318366051,49.5645737722516,8204.44003079832,82.6644520908594,200.742744922638,1111.48062692583,43.0935087352991,0,0,0.836709141731262,1.77183485031128,69.5771859139204,10.958399027586,0,0.430016294121742,127.121849745512,0,0.485490024089813,0,32.2569848299026,0,4.88768661022186,0,0,3.52496099472046,0,99.2855429947376,4401.9810955897,3012.04871754348,471.575926363468,485.605490684509,47.958520680666,1269.62442630529,2158.86084800959,5627.6009933874,0,1580.36593580246,113.087617605925,21.6903150379658,126.66253362596,669.58631798625,527.711527295411,82.6644520908594,4048.19875375926,534.193676412106,162.007465936244,0,1.23746207356453,31.6632009893656,31.3522325903177,87.2213433682919,107.06614612788,27.0537347793579,1.18778944015503,46.6510067731142,0,0.829041361808777,0,0,3.74795991182327,44.1291800141335,176.003257326782,0,7.65297144651413,13.3463159799576,0,49.4791120588779,387.100928261876,193.371932990849,119.540576726198,32.6496895849705,599.579885810614,1911.0242626071,1711.13649860024,4293.5031369701,0,60.7100124806166,45.5246097296476,3.32085910439491,310.660385966301,2.76205510646105,304.828678503633,200.742744922638,534.193676412106,2817.17146402597,306.145663827658,52.6185233294964,180.050319224596,25.0076357424259,37.0513937473297,9.02118381857872,615.136639252305,748.83378867805,923.561349570751,353.509485304356,0,82.9963608682156,37.6658725142479,18.7403182983398,42.6626394838095,3.66539090871811,87.4002557396889,25.6303163766861,130.971487671137,2800.03641064465,199.685984268785,137.135065883398,2418.56874205172,3.93003106117249,79.6045200824738,2.712257578969,183.537890002131,4691.82877278328,38.6742245405912,288.422584310174,3.6376805305481,29.84157076478,3340.10497508943,22.4075713604689,349.990308620036,2.95491415262222,63.7355560958385,1111.48062692583,162.007465936244,306.145663827658,6934.79176844656,0.95583863556385,7.4158176779747,0,3.47547873854637,0,206.503265574574,55.861761815846,2.0210735052824,7.36681415140629,0,2.8396947234869,5.24633057415485,2.50231984257698,5.79246099293232,0.964307248592377,11.3726486042142,2.88010000437498,0.241106644272804,5.85572756826878,4.54139652848244,2584.42529672384,0,0,0,0,9.12564218044281,4.08293062448502,3.86334133148193,16.0377224385738,552.228529751301,22.998027741909,2.48464317619801,366.838540226221,74.9435420036316,0,0,43.0935087352991,0,52.6185233294964,0.95583863556385,15399.6031820327,263.542821541429,0.529109165072441,8.50636149942875,0,793.663220494986,134.384692266583,1031.02425764501,7.58741462230682,3837.5594342351,3943.65917262435,524.775302857161,8272.72825038433,3135.14192354679,0,8.13008208572865,502.676336884499,78.6582827866077,15.542750120163,88.8313171863556,0,1.58676910400391,0.464760303497314,0.345850229263306,1.33539080619812,11.949681520462,13.1197294592857,0,43.7074925899506,0,0,0,0,0,0,1.57374966144562,0,1.23746207356453,180.050319224596,7.4158176779747,263.542821541429,33715.0416839495,675.076221451163,44.0852558165789,5.80507172644138,227.847535759211,1973.05889281631,5684.0488089323,1040.00654913485,2.82520090043545,7557.28254871815,2227.4223505035,637.874961689115,438.367868557572,51.5058412998915,76.9325329810381,196.536948144436,3923.31500038505,187.526921525598,1806.3006767258,0,1.61428900063038,57.0967811346054,13.90396296978,33.7623458653688,0,1.14466951787472,0,57.2945078313351,0,0,0,0,0,6.60313676297665,15.7705865427852,0,31.6632009893656,25.0076357424259,0,0.529109165072441,675.076221451163,11061.7575995624,425.78707998991,1087.97298339754,24.3507896512747,2727.04494802654,183.359888866544,5256.87117549777,0,12.2795144319534,2.24016827344894,1.21694588661194,2.62965771555901,6592.66037245095,1535.87937307358,1.97471795976162,2424.77471196651,77.3553400933743,67.7469564676285,0,1.40071469545364,64.6854867339134,18.4859700351954,33.6751272529364,4.83875501155853,18.926167935133,0,73.8825944811106,0,0.355347901582718,0,0,0.793453872203827,6.73408043384552,44.9550645723939,0.836709141731262,31.3522325903177,37.0513937473297,3.47547873854637,8.50636149942875,44.0852558165789,425.78707998991,3235.68300965428,137.971033334732,58.3034940361977,1809.52274511755,82.6455427110195,773.537168070674,1.80205410718918,10.5639268606901,23.9435300529003,5.27058891952038,56.8404185175896,1494.76066593826,2091.25855005533,34.3687806278467,235.720096170902,121.988971471786,77.9735882133245,0.975403726100922,3.85217860341072,126.127852924168,72.5431540459394,379.358969196677,28.175090521574,25.5673418268561,0.226496502757072,557.426634475589,0,0,0,0,0.292099058628082,25.9576987028122,365.136172115803,1.77183485031128,87.2213433682919,9.02118381857872,0,0,5.80507172644138,1087.97298339754,137.971033334732,1388.53509515524,1286.90505976975,92.4196896627545,1.92600587010384,3351.32561144233,0,0,2.19367481768131,0,0,1110.84212429821,2369.6792646572,0,116.69060754776,106.860558852553,1.28590488433838,43.1378095448017,131.565291069448,24.2659538835287,167.358146578074,175.000690996647,512.779760912061,1315.67467194796,252.97318136692,757.356363281608,0.589179575443268,10.3001997768879,29.6950873434544,1.69886466860771,112.041515782475,7.6035291403532,762.467485718429,69.5771859139204,107.06614612788,615.136639252305,206.503265574574,793.663220494986,227.847535759211,24.3507896512747,58.3034940361977,1286.90505976975,2896.93442715704,1032.49522209167,1296.14766269922,480.810171380639,51.5710914134979,103.515021756291,265.461969807744,91.3286185860634,2222.97789794207,13.6796759963036,492.578661963344,143.165129363537,43.5075633525848,477.012066140771,159.618393987417,1.48382134735584,15.3963247835636,7.24644881486893,31.6239416003227,18.9068523868918,70.1721740588546,663.051801651716,11.9256285130978,501.183706857264,0,3.16327410936356,7.85684557259083,0,26.7851951569319,1.87545864284039,133.170042186975,10.958399027586,27.0537347793579,748.83378867805,55.861761815846,134.384692266583,1973.05889281631,2727.04494802654,1809.52274511755,92.4196896627545,1032.49522209167,18286.5299092382,1247.10002803802,2754.33045044541,12.8566870987415,305.813168674707,475.782162435353,121.725708730519,1498.18358329684,292.182951629162,1932.50699688494,1619.98006882519,2490.95003071427,2131.22308834642,5193.89376457036,0,2.44423830509186,0.545543551445007,3.03828728199005,0,5.14036333560944,3.64094804227352,231.137376755476,31.3863522708416,0,0,0,0,0,0.870532363653183,1.22083652019501,0,1.18778944015503,923.561349570751,2.0210735052824,1031.02425764501,5684.0488089323,183.359888866544,82.6455427110195,1.92600587010384,1296.14766269922,1247.10002803802,5125.08395278454,3248.94284084439,3.69659870862961,3268.08782525361,62.9459170401096,22.5321389138699,173.34400960803,17.6716238707304,189.25911924243,16.9592175036669,2418.68455981463,2521.46594297886,356.084830507636,0,19.3756019696593,164.835200667381,40.0592507943511,406.234437465668,10.8117002248764,76.472523316741,1.66802847385406,1057.13771130145,0,0,0.124167017638683,0,0.904848054051399,2.23353065550327,104.885169997811,0.430016294121742,46.6510067731142,353.509485304356,7.36681415140629,7.58741462230682,1040.00654913485,5256.87117549777,773.537168070674,3351.32561144233,480.810171380639,2754.33045044541,3248.94284084439,6880.41654038429,0,95.0232265144587,18.8647468835115,1.30762152373791,49.2267694622278,1679.10711997747,1866.5551918,40.3183490335941,4806.2981659472,5307.59761411697,356.988974459469,967.847294479609,0,0,0,0,0,0,0,0,612.311403289437,1.64200681447983,0.335450887680054,213.914140403271,125.83181810379,0,0,127.121849745512,0,0,0,3837.5594342351,2.82520090043545,0,1.80205410718918,0,51.5710914134979,12.8566870987415,3.69659870862961,0,1995.0456469506,25.143285498023,23.3868885189295,1393.55874016881,1017.16582448781,0,0.342202246189117,1199.21814887226,0.338244095444679,0,1.02262686192989,0,0,0,0,0,3.11375421285629,6.06842122972012,6.5238938331604,21.8839043080807,0,0,0,0,1.04721641540527,0,0,0,0.829041361808777,82.9963608682156,2.8396947234869,3943.65917262435,7557.28254871815,12.2795144319534,10.5639268606901,0,103.515021756291,305.813168674707,3268.08782525361,95.0232265144587,25.143285498023,6929.72439104319,331.910108476877,2923.3961558491,163.904779039323,0.326659619808197,8.45415149629116,62.8398197069764,612.778353214264,50.62672303617,221.507662065327,0,0.739674925804138,0.439025014638901,0,0,7.28131690621376,10.2432676702738,3.13963484764099,19.7117690145969,0.882600009441376,0,0,0,0,0,0.269348055124283,0.485490024089813,0,37.6658725142479,5.24633057415485,524.775302857161,2227.4223505035,2.24016827344894,23.9435300529003,2.19367481768131,265.461969807744,475.782162435353,62.9459170401096,18.8647468835115,23.3868885189295,331.910108476877,11703.0132840425,1761.02735154331,1158.13069115579,0,8.5647395029664,3150.52374068648,27.5398139208555,24.753394767642,2411.54846560955,0,0,0,0,0,3.06987148523331,5.22593195736408,0,9.3785325884819,63.8846508860588,0,0,0,0,0,0,0,0,18.7403182983398,2.50231984257698,8272.72825038433,637.874961689115,1.21694588661194,5.27058891952038,0,91.3286185860634,121.725708730519,22.5321389138699,1.30762152373791,1393.55874016881,2923.3961558491,1761.02735154331,10733.8978910297,1457.91895270348,0,5.91225066035986,1317.22359541059,22.6161044090986,6.60434837639332,79.847909450531,0,0,0,0.320677220821381,0,12.7598792910576,53.8125097304583,10.4122013151646,49.1398630142212,3.47887137532234,0,0,0,173.919005334377,0,1.32948938012123,32.2569848299026,3.74795991182327,42.6626394838095,5.79246099293232,3135.14192354679,438.367868557572,2.62965771555901,56.8404185175896,0,2222.97789794207,1498.18358329684,173.34400960803,49.2267694622278,1017.16582448781,163.904779039323,1158.13069115579,1457.91895270348,9547.70291573554,1.89996454119682,32.9265453517437,5688.41652780026,28.0918048173189,55.1906768232584,315.795539483428,0,0,55.2872926294804,11.0798589587212,32.8776817619801,0.21172733604908,5.22549271583557,0,60.4188128262758,0,0,0,0,0,12.3988343924284,24.2057157456875,0,44.1291800141335,3.66539090871811,0.964307248592377,0,51.5058412998915,6592.66037245095,1494.76066593826,1110.84212429821,13.6796759963036,292.182951629162,17.6716238707304,1679.10711997747,0,0.326659619808197,0,0,1.89996454119682,7334.17112106085,5220.10649668425,0,468.672613039613,25.3968847095966,4.35791012644768,0.152890160679817,27.6378122866154,249.275980077684,231.465082533658,370.917185917497,36.4148481860757,142.220059335232,7.82905839383602,372.319032043219,0,0,1.69323433935642,0,2.35109469294548,84.0579745471478,697.695440292358,4.88768661022186,176.003257326782,87.4002557396889,11.3726486042142,8.13008208572865,76.9325329810381,1535.87937307358,2091.25855005533,2369.6792646572,492.578661963344,1932.50699688494,189.25911924243,1866.5551918,0.342202246189117,8.45415149629116,8.5647395029664,5.91225066035986,32.9265453517437,5220.10649668425,14439.9911570624,9.54185053706169,361.157171338797,434.295551463962,39.6501228958368,0,0.808064758777618,0,1.22076630592346,0,6.68803569674492,1.99431082606316,0,17.2800780087709,1.02865064144135,0.755890548229218,0,0,0,0,0.841098815202713,0,0,25.6303163766861,2.88010000437498,502.676336884499,196.536948144436,1.97471795976162,34.3687806278467,0,143.165129363537,1619.98006882519,16.9592175036669,40.3183490335941,1199.21814887226,62.8398197069764,3150.52374068648,1317.22359541059,5688.41652780026,0,9.54185053706169,10010.2070291191,12.4905892759562,46.3134291768074,1133.26800569892,0,0.47992205619812,4.58986262977123,3.19976641237736,10.6963277757168,0,3.70527215301991,0,36.0647983253002,0,0,0,0,0,3.1402785629034,11.3134700804949,0,7.65297144651413,130.971487671137,0.241106644272804,78.6582827866077,3923.31500038505,2424.77471196651,235.720096170902,116.69060754776,43.5075633525848,2490.95003071427,2418.68455981463,4806.2981659472,0.338244095444679,612.778353214264,27.5398139208555,22.6161044090986,28.0918048173189,468.672613039613,361.157171338797,12.4905892759562,2256.20533192158,762.915781095624,466.780720055103,0.443879663944244,24.3469681739807,3.13211961090565,9.73886081576347,12.4087446182966,5.21880421042442,68.7934440672398,107.282416731119,247.431516900659,0,0,0.246491819620132,0,0.539787590503693,0,20.9945483654737,3.52496099472046,13.3463159799576,2800.03641064465,5.85572756826878,15.542750120163,187.526921525598,77.3553400933743,121.988971471786,106.860558852553,477.012066140771,2131.22308834642,2521.46594297886,5307.59761411697,0,50.62672303617,24.753394767642,6.60434837639332,55.1906768232584,25.3968847095966,434.295551463962,46.3134291768074,762.915781095624,2596.31068861485,400.48656578362,0,0.178212836384773,0,1.81516471505165,0,1.48728275299072,11.5685732811689,0,45.9841291904449,0,0,0,0,0,0,0.967167466878891,0,0,199.685984268785,4.54139652848244,88.8313171863556,1806.3006767258,67.7469564676285,77.9735882133245,1.28590488433838,159.618393987417,5193.89376457036,356.084830507636,356.988974459469,1.02262686192989,221.507662065327,2411.54846560955,79.847909450531,315.795539483428,4.35791012644768,39.6501228958368,1133.26800569892,466.780720055103,400.48656578362,6197.85441783816
