6750.86323492229,846.243565395474,0,0.2581527531147,0,287.947665482759,6.53118416666985,572.250564903021,4.95997440814972,1326.08587431908,2515.62276944518,1208.63666243851,8262.69331979752,1364.79952917993,0,2.72211040556431,897.172566920519,13.7039654254913,700.693046271801,5.9300083220005,741.272594183683,0,0,0,0,32.6854771375656,0,32.9497610330582,0,277.94673243165,1.72337102890015,0,0,11.2576227486134,0,0,0,0,2.95562338829041,0,846.243565395474,30594.7728640959,1966.20047917962,164.20623678714,12.1007933616638,374.054137282073,4895.79398352653,2588.72599193454,1509.87376520038,2.61168614029884,2488.00286485255,2492.15341604501,535.7168225348,775.162889443338,16.9351073354483,540.913194075227,369.732895188034,5568.22107630223,187.112499922514,5156.29927688092,0.372347623109818,0,0,0.980492502450943,3.40035665035248,0.887380599975586,0.308749593794346,0,0.296879321336746,0.828553885221481,0,0,0,0,0.315610200166702,9.02767168730497,0,0,0.133200019598007,0,0,1966.20047917962,12634.6232792959,1088.75842645764,3593.95923423767,8.3277295678854,2256.82620961964,677.047856539488,3855.5871963948,0,84.8675738871098,4.51420725882053,0,1.99283471703529,8515.52344691753,3311.23861675709,1.21434814482927,4524.80363677442,49.5098736435175,25.5176022350788,0,1.43409049510956,136.538307026029,99.0613255798817,388.596263542771,1.58866155147552,32.3682439178228,0,70.3350271433592,0,0,0.383016437292099,0,0,148.57964451611,266.244583919644,0.298994511365891,11.9690597057343,4.08262914419174,0.408144786953926,0.2581527531147,164.20623678714,1088.75842645764,4511.87212894857,370.980294302106,82.0378015935421,5542.20367284119,9.62697094678879,894.702515780926,0,0.335804492235184,42.13450743258,0,3.38896930217743,1713.9560354501,3347.61548019201,12.1464565396309,844.424734994769,287.171338662505,169.0343272686,0,0.120711475610733,39.3893930464983,101.132095128298,116.928585112095,17.1829033941031,47.7749168872833,0,40.9154412448406,0,0,0,0,0.144466057419777,29.9621766209602,206.33958453685,0.128762349486351,7.61003492772579,12.3907783776522,2.42779013514519,0,12.1007933616638,3593.95923423767,370.980294302106,1269.23366160691,191.726341530681,235.937458649278,7.29317629337311,3023.03183335066,0,0,0.738430291414261,0,0,1109.30565788597,3295.54900849611,0.852336972951889,294.632794506848,107.61453320086,9.66373924911022,0,0,184.724491909146,176.513110801578,934.093800544739,29.6334002614021,65.6207879781723,0,136.452981352806,0,0,0.130623534321785,0.437775582075119,0.917937576770782,193.806016944349,708.583485364914,0.169014632701874,18.3218964785337,18.6065361052752,0.922469019889832,287.947665482759,374.054137282073,8.3277295678854,82.0378015935421,191.726341530681,3543.99157816172,1694.4039221853,140.663071468472,1026.13869051635,0,26.7753780782223,314.301266863942,21.8420096486807,2101.06739172339,3.26797749102116,3028.57884313911,467.226238518953,108.91117593646,2029.56451691687,286.942199826241,0.329519242048264,3.8612168431282,0,30.9974936246872,75.3241588771343,1578.98827898502,194.741221994162,0,20.9392389655113,0,0,12.4434167221189,0.840081140398979,14.8099789172411,3.02873332798481,535.808737874031,8.15799857676029,6.00801128149033,139.602441817522,11.9551586210728,6.53118416666985,4895.79398352653,2256.82620961964,5542.20367284119,235.937458649278,1694.4039221853,32223.1914825365,16.292221352458,1283.56764750183,0,8.84346053004265,765.788605853915,4.23363688588142,1317.07771460712,487.20824316144,5244.0378395617,6525.4851000756,3838.64756765962,664.527841448784,5769.5749945268,0,0,11.6852258443832,31.5979050248861,54.3978532999754,55.3671764731407,33.481128051877,0,27.8043464869261,0,0,0.562753438949585,0.335703998804092,2.39693434536457,7.31195153295994,245.153676018119,0.353743568062782,2.9578590542078,16.003776371479,0.718203462660313,572.250564903021,2588.72599193454,677.047856539488,9.62697094678879,7.29317629337311,140.663071468472,16.292221352458,4788.14876247942,1938.96936663985,0,3100.4980737865,35.7610586583614,52.0997965931892,68.851516097784,0,17.0629362687469,0.503528609871864,1011.56509384513,1630.11974678934,4.55743314325809,22.372204720974,0.26452225446701,0.508486688137054,14.0351183563471,0,0,14.856676414609,96.2026381790638,55.525167375803,0,0,0,0,0,0,11.8253116756678,0,1.03235055506229,167.481058180332,0,4.95997440814972,1509.87376520038,3855.5871963948,894.702515780926,3023.03183335066,1026.13869051635,1283.56764750183,1938.96936663985,9318.94588850439,0,112.040493696928,22.4060613065958,0,18.5144116133451,140.896442264318,1920.3108279705,25.1203903704882,6448.19212243706,3187.7186088264,54.493946775794,0.357008397579193,0.524734482169151,19.8015260845423,60.0784439891577,435.367443025112,370.949390843511,70.8505034148693,1.04670202732086,478.785187005997,0,0,2.54251129925251,0,0.162590175867081,11.0301852673292,348.366634108126,0.297915458679199,15.1571533679962,435.24816955626,0.888048201799393,1326.08587431908,2.61168614029884,0,0,0,0,0,0,0,1760.95991382003,12.4892373383045,207.76564130187,1655.65161257982,2325.85021546483,0,0,1597.88671934605,0,0,0.609049439430237,102.127637341619,0,0,0,0,0,0,0,0,1003.87152683735,0,0,0,52.849171936512,0,0,0,0,0,0,2515.62276944518,2488.00286485255,84.8675738871098,0.335804492235184,0,26.7753780782223,8.84346053004265,3100.4980737865,112.040493696928,12.4892373383045,4184.79798752069,234.01155205071,1430.23726913333,166.999677285552,0,1.1418673992157,36.6317380964756,385.887389034033,27.6709978580475,2.07886224985123,11.9681741893291,0,0,0,0,1.75237619876862,0,0,0,3.26891639828682,0,0,0,1.34180381894112,0,0,0,0,1.78975757956505,0,1208.63666243851,2492.15341604501,4.51420725882053,42.13450743258,0.738430291414261,314.301266863942,765.788605853915,35.7610586583614,22.4060613065958,207.76564130187,234.01155205071,9581.50064256787,1753.16781005263,3205.41260187328,1.57292883098125,246.464087843895,3359.83839136362,89.2793979942799,19.2958428859711,4131.55260196328,6.7950953245163,0,0.155762985348701,0,0,0.315868467092514,0,0,1.0734361410141,18.53959608078,0,0,0,0.769216060638428,0,2.38202756643295,0,0,1.29226021468639,0,8262.69331979752,535.7168225348,0,0,0,21.8420096486807,4.23363688588142,52.0997965931892,0,1655.65161257982,1430.23726913333,1753.16781005263,5904.39760074019,800.299260988832,0,2.90247024595737,939.490675747395,0.341296523809433,0.726862221956253,4.45194239914417,53.2058157473803,0,0,0,0,0,0,0,0,218.782555639744,0,0,0,9.32657934725285,0,0,0,0,0,0,1364.79952917993,775.162889443338,1.99283471703529,3.38896930217743,0,2101.06739172339,1317.07771460712,68.851516097784,18.5144116133451,2325.85021546483,166.999677285552,3205.41260187328,800.299260988832,6862.4796475172,0,182.797607004642,7086.68293690681,12.1627488434315,130.117741554976,292.012777492404,9.11304961144924,0,0,0,0,0,0,0,0,276.874619826674,0,0,0,64.0380335450172,0,0.476828321814537,0,0,0,0,0,16.9351073354483,8515.52344691753,1713.9560354501,1109.30565788597,3.26797749102116,487.20824316144,0,140.896442264318,0,0,1.57292883098125,0,0,11545.2690991983,6706.72907144576,3.6081852465868,159.615886360407,23.4457875490189,8.62516644597054,0,0,77.153837621212,32.8284537196159,177.002317816019,1.05667521059513,14.1997332423925,0,25.1911663264036,0,0,0,0,0,80.8665447235107,96.3294381052256,0,6.2484393119812,1.93707187473774,0.207804664969444,2.72211040556431,540.913194075227,3311.23861675709,3347.61548019201,3295.54900849611,3028.57884313911,5244.0378395617,17.0629362687469,1920.3108279705,0,1.1418673992157,246.464087843895,2.90247024595737,182.797607004642,6706.72907144576,21598.4047758952,476.96576140821,1400.94095084816,883.271397568285,542.552267745137,0,1.41078625619411,168.840836785734,380.890861220658,829.844737507403,349.5092311427,262.662841387093,2.15823391079903,262.872638337314,0.217300981283188,0,6.58856459707022,0.58068074285984,15.7599155157804,159.702956482768,2302.54976727068,5.57521165907383,40.3201522603631,73.3583600446582,10.1206638365984,897.172566920519,369.732895188034,1.21434814482927,12.1464565396309,0.852336972951889,467.226238518953,6525.4851000756,0.503528609871864,25.1203903704882,1597.88671934605,36.6317380964756,3359.83839136362,939.490675747395,7086.68293690681,3.6081852465868,476.96576140821,5162.51826399565,52.491272777319,12.8186457753181,899.028588235378,11.7527230978012,0,0,0,0,0,1.36986374855042,0,0,329.847628593445,0,0,0,65.286813467741,0,1.32634347677231,0,0,0,0,13.7039654254913,5568.22107630223,4524.80363677442,844.424734994769,294.632794506848,108.91117593646,3838.64756765962,1011.56509384513,6448.19212243706,0,385.887389034033,89.2793979942799,0.341296523809433,12.1627488434315,159.615886360407,1400.94095084816,52.491272777319,5056.04505479336,1391.31916758418,561.854525819421,0,0,13.3761422932148,28.86313778162,43.318660274148,14.3212505578995,14.7397359311581,2.41681790351868,19.3975465595722,0,0,0,0,0,10.8989880979061,81.8860020413995,0,9.11646172404289,64.8558378219604,4.02562806010246,700.693046271801,187.112499922514,49.5098736435175,287.171338662505,107.61453320086,2029.56451691687,664.527841448784,1630.11974678934,3187.7186088264,0,27.6709978580475,19.2958428859711,0.726862221956253,130.117741554976,23.4457875490189,883.271397568285,12.8186457753181,1391.31916758418,2643.00318337977,28.1634116023779,0,8.13457638025284,0.552595973014832,16.9140368551016,6.03222140669823,237.693981453776,49.9844167977571,46.1338012218475,265.845398038626,0,0,0.729953765869141,0,0,0.426779091358185,161.659202963114,0.972036242485046,10.8597834706306,2563.46737702191,6.53186619281769,5.9300083220005,5156.29927688092,25.5176022350788,169.0343272686,9.66373924911022,286.942199826241,5769.5749945268,4.55743314325809,54.493946775794,0.609049439430237,2.07886224985123,4131.55260196328,4.45194239914417,292.012777492404,8.62516644597054,542.552267745137,899.028588235378,561.854525819421,28.1634116023779,7370.06688828021,0,0,0.130215719342232,2.31327170133591,0.477504283189774,0,1.46310952305794,0,0,0,0,0,0,0,0,10.4571937248111,0,0,0.49009981751442,0,741.272594183683,0.372347623109818,0,0,0,0.329519242048264,0,22.372204720974,0.357008397579193,102.127637341619,11.9681741893291,6.7950953245163,53.2058157473803,9.11304961144924,0,0,11.7527230978012,0,0,0,9151.16996344924,477.42177298665,0,5.04983745515347,0,752.350982159376,42.1257539838552,923.13731919229,7.03906652331352,2170.18510064483,2367.78385965526,1431.19733963162,5827.13232244551,3160.8841740787,0.304062038660049,20.9745201990008,403.881323873997,70.1656733304262,125.3521938622,49.4426142275333,0,0,1.43409049510956,0.120711475610733,0,3.8612168431282,0,0.26452225446701,0.524734482169151,0,0,0,0,0,0,1.41078625619411,0,0,8.13457638025284,0,477.42177298665,23767.7529391944,1972.47371022403,64.2551499903202,0,95.9730424582958,2113.09273391962,4157.13321357965,1667.99370883405,0,2658.03909552097,1768.05282144248,483.097555443645,179.311262473464,1.476238489151,209.256875291467,184.133987925947,6146.02177365124,509.721195951104,4313.36489258707,0,0,136.538307026029,39.3893930464983,184.724491909146,0,11.6852258443832,0.508486688137054,19.8015260845423,0,0,0.155762985348701,0,0,77.153837621212,168.840836785734,0,13.3761422932148,0.552595973014832,0.130215719342232,0,1972.47371022403,11044.036292702,699.333492845297,3372.23316124082,5.67079685628414,3165.0291275233,639.485065728426,5992.27143120766,0,44.152148604393,10.9816576391459,0.37348073720932,2.48421859741211,7466.20364886522,2703.82992076874,1.33986499905586,2952.86124953628,121.113671213388,80.3073845207691,0,0.980492502450943,99.0613255798817,101.132095128298,176.513110801578,30.9974936246872,31.5979050248861,14.0351183563471,60.0784439891577,0,0,0,0,0,32.8284537196159,380.890861220658,0,28.86313778162,16.9140368551016,2.31327170133591,5.04983745515347,64.2551499903202,699.333492845297,5157.9327429831,326.400615915656,43.3553035706282,3731.16260701418,22.6346596777439,1369.02946536243,0,2.20522640645504,56.8467617481947,4.82446353137493,3.76338888704777,906.310808777809,3268.3216759041,9.50396034121513,801.291442647576,985.310044556856,186.832991018891,0,3.40035665035248,388.596263542771,116.928585112095,934.093800544739,75.3241588771343,54.3978532999754,0,435.367443025112,0,0,0,0,0,177.002317816019,829.844737507403,0,43.318660274148,6.03222140669823,0.477504283189774,0,0,3372.23316124082,326.400615915656,2022.42004521191,270.771690949798,139.91613817215,0,2703.53533038497,0,0,0,0,0,1332.80473431945,3367.18930405378,0.712356865406036,143.277427017689,28.9209838360548,2.84514129161835,32.6854771375656,0.887380599975586,1.58866155147552,17.1829033941031,29.6334002614021,1578.98827898502,55.3671764731407,0,370.949390843511,0,1.75237619876862,0.315868467092514,0,0,1.05667521059513,349.5092311427,0,14.3212505578995,237.693981453776,0,752.350982159376,95.9730424582958,5.67079685628414,43.3553035706282,270.771690949798,3459.32528614998,2286.93607874215,285.121958062053,827.215484306216,3.42020390927792,132.204855874181,395.43321364373,231.578570559621,3612.06335620582,7.45633971691132,2035.2442599237,342.129869990051,18.8979781717062,839.103531748056,148.852313145995,0,0.308749593794346,32.3682439178228,47.7749168872833,65.6207879781723,194.741221994162,33.481128051877,14.856676414609,70.8505034148693,0,0,0,0,0,14.1997332423925,262.662841387093,1.36986374855042,14.7397359311581,49.9844167977571,1.46310952305794,42.1257539838552,2113.09273391962,3165.0291275233,3731.16260701418,139.91613817215,2286.93607874215,27349.7523161694,34.8334555327892,1959.82778505981,3.40936060249805,4.54670774936676,1233.55660928786,61.1945855617523,3321.36036562175,841.852074384689,4941.31543649733,4580.40204247087,1556.56483518332,1390.79910135269,5400.70991297066,32.9497610330582,0,0,0,0,0,0,96.2026381790638,1.04670202732086,0,0,0,0,0,0,2.15823391079903,0,2.41681790351868,46.1338012218475,0,923.13731919229,4157.13321357965,639.485065728426,22.6346596777439,0,285.121958062053,34.8334555327892,5665.08399651945,1314.9248636663,0,2890.45644810796,111.158398479223,241.829877853394,291.80885335803,0,14.5061871409416,2.44436903297901,725.789386376739,2117.68614438176,20.5240203142166,0,0.296879321336746,70.3350271433592,40.9154412448406,136.452981352806,20.9392389655113,27.8043464869261,55.525167375803,478.785187005997,0,0,1.0734361410141,0,0,25.1911663264036,262.872638337314,0,19.3975465595722,265.845398038626,0,7.03906652331352,1667.99370883405,5992.27143120766,1369.02946536243,2703.53533038497,827.215484306216,1959.82778505981,1314.9248636663,9915.9073907584,0,106.271671339869,134.673406362534,10.4025517106056,147.24444000423,316.322238087654,2180.18989226222,26.3191570416093,7487.98401577771,4201.75884477794,394.552452802658,277.94673243165,0.828553885221481,0,0,0,0,0,0,0,1003.87152683735,3.26891639828682,18.53959608078,218.782555639744,276.874619826674,0,0.217300981283188,329.847628593445,0,0,0,2170.18510064483,0,0,0,0,3.42020390927792,3.40936060249805,0,0,1396.75470292568,3.27865967154503,25.0952458381653,1260.86769297719,3049.43658915162,0,0.347297683358192,1040.41739052534,0,0,0,1.72337102890015,0,0,0,0,0,0,0,0,0,0,0,0,0,0,0,0,0,0,0,2367.78385965526,2658.03909552097,44.152148604393,2.20522640645504,0,132.204855874181,4.54670774936676,2890.45644810796,106.271671339869,3.27865967154503,2394.43698829412,189.007772907615,1293.70271584392,109.502461135387,0,4.32326216995716,9.65146541595459,153.140160292387,30.2494816929102,8.84889806807041,0,0,0.383016437292099,0,0.130623534321785,12.4434167221189,0.562753438949585,0,2.54251129925251,0,0,0,0,0,0,6.58856459707022,0,0,0.729953765869141,0,1431.19733963162,1768.05282144248,10.9816576391459,56.8467617481947,0,395.43321364373,1233.55660928786,111.158398479223,134.673406362534,25.0952458381653,189.007772907615,10468.729133822,1628.07116566598,4078.26795121282,0.32313135266304,588.258972898126,4958.78002815694,464.8802061975,38.7527523487806,4239.21361470222,0,0,0,0,0.437775582075119,0.840081140398979,0.335703998804092,0,0,0,0,0,0,0,0,0.58068074285984,0,0,0,0,5827.13232244551,483.097555443645,0.37348073720932,4.82446353137493,0,231.578570559621,61.1945855617523,241.829877853394,10.4025517106056,1260.86769297719,1293.70271584392,1628.07116566598,3694.7149450928,1957.49485960603,0,31.8370716422796,764.029225960374,66.4255803525448,42.9882799237967,52.0620650500059,11.2576227486134,0,0,0.144466057419777,0.917937576770782,14.8099789172411,2.39693434536457,0,0.162590175867081,52.849171936512,1.34180381894112,0.769216060638428,9.32657934725285,64.0380335450172,0,15.7599155157804,65.286813467741,0,0,0,3160.8841740787,179.311262473464,2.48421859741211,3.76338888704777,0,3612.06335620582,3321.36036562175,291.80885335803,147.24444000423,3049.43658915162,109.502461135387,4078.26795121282,1957.49485960603,11981.2290026844,0,499.831481747329,7923.72594413161,36.3189085125923,328.719310298562,141.162844181061,0,0.315610200166702,148.57964451611,29.9621766209602,193.806016944349,3.02873332798481,7.31195153295994,0,11.0301852673292,0,0,0,0,0,80.8665447235107,159.702956482768,0,10.8989880979061,0.426779091358185,0,0.304062038660049,1.476238489151,7466.20364886522,906.310808777809,1332.80473431945,7.45633971691132,841.852074384689,0,316.322238087654,0,0,0.32313135266304,0,0,12734.6453853026,8077.15772410482,0.164162382483482,213.634416118264,47.5360333919525,4.4361884444952,0,9.02767168730497,266.244583919644,206.33958453685,708.583485364914,535.808737874031,245.153676018119,11.8253116756678,348.366634108126,0,0,2.38202756643295,0,0.476828321814537,96.3294381052256,2302.54976727068,1.32634347677231,81.8860020413995,161.659202963114,10.4571937248111,20.9745201990008,209.256875291467,2703.82992076874,3268.3216759041,3367.18930405378,2035.2442599237,4941.31543649733,14.5061871409416,2180.18989226222,0.347297683358192,4.32326216995716,588.258972898126,31.8370716422796,499.831481747329,8077.15772410482,20365.8230965436,432.123422950506,598.233767516911,1090.1047848016,487.654227338731,0,0,0.298994511365891,0.128762349486351,0.169014632701874,8.15799857676029,0.353743568062782,0,0.297915458679199,0,0,0,0,0,0,5.57521165907383,0,0,0.972036242485046,0,403.881323873997,184.133987925947,1.33986499905586,9.50396034121513,0.712356865406036,342.129869990051,4580.40204247087,2.44436903297901,26.3191570416093,1040.41739052534,9.65146541595459,4958.78002815694,764.029225960374,7923.72594413161,0.164162382483482,432.123422950506,9905.87953792512,95.127657070756,16.6119916439056,984.767512455583,0,0,11.9690597057343,7.61003492772579,18.3218964785337,6.00801128149033,2.9578590542078,1.03235055506229,15.1571533679962,0,0,0,0,0,6.2484393119812,40.3201522603631,0,9.11646172404289,10.8597834706306,0,70.1656733304262,6146.02177365124,2952.86124953628,801.291442647576,143.277427017689,18.8979781717062,1556.56483518332,725.789386376739,7487.98401577771,0,153.140160292387,464.8802061975,66.4255803525448,36.3189085125923,213.634416118264,598.233767516911,95.127657070756,4174.70786386728,1367.61658895016,962.476384714246,2.95562338829041,0.133200019598007,4.08262914419174,12.3907783776522,18.6065361052752,139.602441817522,16.003776371479,167.481058180332,435.24816955626,0,1.78975757956505,1.29226021468639,0,0,1.93707187473774,73.3583600446582,0,64.8558378219604,2563.46737702191,0.49009981751442,125.3521938622,509.721195951104,121.113671213388,985.310044556856,28.9209838360548,839.103531748056,1390.79910135269,2117.68614438176,4201.75884477794,0,30.2494816929102,38.7527523487806,42.9882799237967,328.719310298562,47.5360333919525,1090.1047848016,16.6119916439056,1367.61658895016,2094.25600908697,219.07621639967,0,0,0.408144786953926,2.42779013514519,0.922469019889832,11.9551586210728,0.718203462660313,0,0.888048201799393,0,0,0,0,0,0.207804664969444,10.1206638365984,0,4.02562806010246,6.53186619281769,0,49.4426142275333,4313.36489258707,80.3073845207691,186.832991018891,2.84514129161835,148.852313145995,5400.70991297066,20.5240203142166,394.552452802658,0,8.84889806807041,4239.21361470222,52.0620650500059,141.162844181061,4.4361884444952,487.654227338731,984.767512455583,962.476384714246,219.07621639967,6242.93121305108
