7370.33421103656,526.835995495319,0,0,0,237.704206287861,24.1371431946754,580.353581741452,1.44874048233032,2007.12010149658,2711.96886475384,568.002917647362,6728.3426938355,2751.58743560314,0,2.1513199955225,477.144436001778,2.31601271033287,8.02042898535728,2.34239386022091,1872.36658748984,0,0,0,0,0,0,0,0.684271693229675,700.603941679001,0,0,0,20.2203216552734,0,0,0,0,0,0,526.835995495319,38829.9945904091,2129.43754600734,323.609848037362,31.2889397963881,652.557214654982,5098.7316955626,2132.58499127626,1519.05630282685,11.3586440235376,5290.45073272288,3319.1079730913,485.610177561641,1095.14550752938,198.716436393559,332.742165885866,588.48001396656,4994.81980334967,147.625246450305,2769.50658763945,5.9935879856348,0,7.44562228024006,3.24161046743393,10.7171641290188,9.57363012433052,18.854991234839,4.22960144281387,24.7780438438058,2.65370170772076,0,0,0,2.36284101009369,0.380097553133965,33.3764747753739,3.83029705286026,5.94072192907333,9.28511869907379,0.368962705135345,0,2129.43754600734,16471.8901540786,710.413021363318,2690.39602416009,5.23602715134621,2864.43547021598,255.634784728289,6260.34169794619,0,69.2181332409382,4.87435577809811,2.68543708324432,1.97803394496441,9427.17607092112,2376.95114769042,22.8923766463995,2451.58691641688,38.1417118310928,68.4989976361394,0,0.235839650034904,33.8287089169025,15.2636308223009,113.754489764571,2.04674798250198,14.326897457242,0,40.0939235538244,0,0,0,0,0,33.7505692541599,58.974241450429,1.6331729888916,5.2210064008832,4.18104445934296,0.978674620389938,0,323.609848037362,710.413021363318,2786.8719048351,143.193386398256,17.4671845734119,3870.82350942492,67.4924922585487,1192.5677613467,0,10.9110767245293,8.77542351186275,0,3.75639466941357,1300.96901504695,1740.47905933857,48.5793498158455,399.710831433535,229.234567433596,87.5482147932053,0,0.599723622202873,35.538034081459,34.2744402363896,48.2965219914913,8.47637398540974,63.0306459367275,0.291988037526608,95.0260879769921,0,0.377758085727692,0.161158502101898,0,0,17.7852695286274,125.506167247891,0.187143713235855,8.74172461032867,15.5007904171944,4.37587559223175,0,31.2889397963881,2690.39602416009,143.193386398256,3124.28362415731,1498.81369172037,176.981310375035,3.05832971632481,1810.43678292632,0,0.37140479683876,0,0,7.88527688384056,943.583486318588,3888.75738467276,0,162.686747789383,15.3844162076712,8.38638413697481,0,0.274536281824112,118.474591329694,39.8144769668579,774.646356344223,19.3552842140198,45.8786827772856,3.27392819523811,440.229188859463,0,0,2.48766756057739,0,0.247418478131294,124.152066037059,232.59839938581,0.394004911184311,20.1774560511112,3.93416579067707,2.19326125085354,237.704206287861,652.557214654982,5.23602715134621,17.4671845734119,1498.81369172037,3562.56552070379,2731.8903394565,706.412971824408,442.219582110643,0.901268422603607,90.5711127668619,151.608680590987,23.7831016480923,2210.12498112023,4.38999733328819,1898.63568714261,578.965656593442,37.0293391644955,651.08517228812,162.787588492036,1.45049437880516,0.454974949359894,1.45137774944305,9.11156612634659,18.639103770256,114.831920936704,77.2101778388023,6.1122567653656,51.5669501274824,0,0,2.54306316375732,0,19.3613081723452,0,141.953685671091,4.12815491855145,1.48997838795185,56.7925897911191,1.36043721437454,24.1371431946754,5098.7316955626,2864.43547021598,3870.82350942492,176.981310375035,2731.8903394565,17100.9570316151,583.219592906535,2455.3483472541,0,126.615141637623,484.525416791439,27.5158812403679,1482.23766256869,707.532092444599,3128.83473714069,2743.13315607607,891.89611788094,1841.75684114546,4610.54254306853,0,15.1261301189661,13.5998622775078,60.8582172244787,52.6575923860073,127.629566498101,468.689014077187,43.8034220635891,264.437763214111,0,4.45781557261944,5.00644500553608,0.16142213344574,12.2384098172188,5.1655912399292,469.963095873594,17.1815729960799,38.9447701349854,178.233690790832,16.023052342236,580.353581741452,2132.58499127626,255.634784728289,67.4924922585487,3.05832971632481,706.412971824408,583.219592906535,4099.20291423798,3038.21302808821,1.93940058350563,2847.61403611302,6.40718398988247,22.0465634167194,155.60335418582,21.7625996172428,264.521306164563,25.592856541276,1770.49076004326,1870.660788849,77.1394866555929,2.60719114542007,1.06429821252823,0.282167792320251,8.25247958302498,0.587946772575378,25.8544005155563,24.3618296980858,22.1927905529737,32.9122183173895,0.36642125248909,0,0,0,1.81746852397919,0.855200454592705,30.771465010941,5.80311298370361,3.7406650185585,129.778492167592,1.39904057979584,1.44874048233032,1519.05630282685,6260.34169794619,1192.5677613467,1810.43678292632,442.219582110643,2455.3483472541,3038.21302808821,9483.79120948911,0,431.374885290861,20.0852203816175,0,43.4604750424623,667.948026657104,2425.47005591542,95.7565934658051,5306.58977802098,4761.07360119373,185.189882285893,0,12.0328106582165,43.7303668111563,39.2189673781395,297.982726946473,79.9219079464674,137.143328204751,68.4888290166855,706.169295936823,0,3.8977125287056,1.49772155284882,0,2.73962891101837,21.5923682153225,219.984271593392,12.2614030241966,25.3352347016335,508.333710223436,7.07308803498745,2007.12010149658,11.3586440235376,0,0,0,0.901268422603607,0,1.93940058350563,0,1084.67875435948,88.9732999652624,28.2940152436495,1058.84693352878,1079.68570651114,0,0,712.911995530128,0,0,0.211697921156883,242.747304677963,0,0,0,0,0,0,0,0,446.803391724825,0,0,16.3374805450439,7.54962712526321,0,0,1.11018812656403,0,0,0,2711.96886475384,5290.45073272288,69.2181332409382,10.9110767245293,0.37140479683876,90.5711127668619,126.615141637623,2847.61403611302,431.374885290861,88.9732999652624,6225.08662949502,210.904944360256,2841.15563546121,328.236314065754,0.550116002559662,28.1392206400633,70.3724140822887,1198.46596613526,38.261377364397,46.3711854368448,76.2188678234816,0,0,0.0959768816828728,0,0,0.682766675949097,0,0.61782231926918,16.8499608039856,0,0,0,0,0,1.61232510209084,0,2.75645136833191,6.17960679531097,2.03238131850958,568.002917647362,3319.1079730913,4.87435577809811,8.77542351186275,0,151.608680590987,484.525416791439,6.40718398988247,20.0852203816175,28.2940152436495,210.904944360256,7521.10608366132,1164.08884777129,2439.83517894149,2.15875950455666,27.6689906865358,1281.05075620115,31.146161429584,16.5293185114861,1764.43393561989,2.53783768415451,0,1.32611703872681,0,0,2.22480790317059,2.86566708981991,0,1.84985625743866,1.68100614845753,0,0.704018175601959,0,1.93324363231659,0,1.32488355785608,0,0,2.27449414134026,0,6728.3426938355,485.610177561641,2.68543708324432,0,0,23.7831016480923,27.5158812403679,22.0465634167194,0,1058.84693352878,2841.15563546121,1164.08884777129,5228.21180836856,957.326971203089,1.88974124193192,9.23692914843559,921.952777177095,5.84503951668739,0,7.51512376964092,303.582455992699,0,0,0,0,0.164846867322922,0,0,0,215.013962566853,0,0,0,0.859740018844604,0,0.507787764072418,0,0,5.52283525466919,0,2751.58743560314,1095.14550752938,1.97803394496441,3.75639466941357,7.88527688384056,2210.12498112023,1482.23766256869,155.60335418582,43.4604750424623,1079.68570651114,328.236314065754,2439.83517894149,957.326971203089,8321.37710897624,3.85919241607189,67.9722213149071,7030.99993294477,16.223453938961,88.4433372318745,99.1754878312349,277.786217927933,0.844892680644989,0,2.11197304725647,0,10.9694099724293,9.55097225308418,0,3.16340765357018,298.878887459636,0,0,0,559.236251845956,0,8.58766388148069,0.362919673323631,1.23741853237152,2.77739655971527,0,0,198.716436393559,9427.17607092112,1300.96901504695,943.583486318588,4.38999733328819,707.532092444599,21.7625996172428,667.948026657104,0,0.550116002559662,2.15875950455666,1.88974124193192,3.85919241607189,9918.34168642759,4600.51529589295,16.7228814661503,278.413280785084,12.1408393979073,44.8266579061747,0,0,27.1999402195215,6.68828032910824,56.5908874124289,1.77671177685261,7.4227956533432,0,23.5803521126509,0,0,0,0,0.230085670948029,18.3764373883605,28.2022037580609,0,4.69533583521843,0.669505417346954,0,2.1513199955225,332.742165885866,2376.95114769042,1740.47905933857,3888.75738467276,1898.63568714261,3128.83473714069,264.521306164563,2425.47005591542,0,28.1392206400633,27.6689906865358,9.23692914843559,67.9722213149071,4600.51529589295,14130.4579512924,129.351850584149,511.487246222794,1000.31299234182,116.952395394444,0.661913961172104,16.068755865097,242.009481206536,192.317375525832,498.55084528774,153.564129546285,456.371069863439,80.1254071965814,642.326032392681,0,1.62054866552353,6.97666411101818,0,20.0675975978374,139.072445087135,1443.63968319446,18.5097468793392,77.0075587183237,307.171835482121,32.4416098669171,477.144436001778,588.48001396656,22.8923766463995,48.5793498158455,0,578.965656593442,2743.13315607607,25.592856541276,95.7565934658051,712.911995530128,70.3724140822887,1281.05075620115,921.952777177095,7030.99993294477,16.7228814661503,129.351850584149,5190.59907923639,74.3745628148317,122.051908105612,535.528655320406,33.1718684136868,0,0,0.324593000113964,0.10051590949297,9.56856615841389,11.9256399720907,2.49628853797913,5.73649205267429,113.461031198502,0,0,0,22.5557189285755,0,19.209974847734,0.195047065615654,3.75821596384048,2.21175318956375,0,2.31601271033287,4994.81980334967,2451.58691641688,399.710831433535,162.686747789383,37.0293391644955,891.89611788094,1770.49076004326,5306.58977802098,0,1198.46596613526,31.146161429584,5.84503951668739,16.223453938961,278.413280785084,511.487246222794,74.3745628148317,2414.2037845701,187.427469730377,180.930973395705,0,0,4.16457709670067,9.14443820714951,18.4384206533432,4.50436705350876,11.9954946935177,5.39982736110687,50.6320388168097,0,0,0,0,0,7.79510240256786,45.5794714689255,2.46123081445694,2.52487182617188,16.957695543766,0.438296526670456,8.02042898535728,147.625246450305,38.1417118310928,229.234567433596,15.3844162076712,651.08517228812,1841.75684114546,1870.660788849,4761.07360119373,0,38.261377364397,16.5293185114861,0,88.4433372318745,12.1408393979073,1000.31299234182,122.051908105612,187.427469730377,4616.78306980431,118.780857801437,0,1.94938707351685,2.09402079880238,27.0699079483747,7.60460931062698,249.197719827294,88.8227109536529,309.500096574426,296.457533210516,0,1.59158492088318,0,0,1.68774378299713,0,108.461669325829,4.55962353944778,17.0581377223134,4844.49901139736,1.53288507461548,2.34239386022091,2769.50658763945,68.4989976361394,87.5482147932053,8.38638413697481,162.787588492036,4610.54254306853,77.1394866555929,185.189882285893,0.211697921156883,46.3711854368448,1764.43393561989,7.51512376964092,99.1754878312349,44.8266579061747,116.952395394444,535.528655320406,180.930973395705,118.780857801437,4088.01425097883,0,0,0,4.01909419894218,4.115383669734,7.95610362291336,5.68851549178362,3.9538985490799,12.3428390324116,0,0,0.775765240192413,0,0,2.02385511994362,17.2458353936672,0,2.71934576332569,4.07653516530991,0.5194171667099,1872.36658748984,5.9935879856348,0,0,0,1.45049437880516,0,2.60719114542007,0,242.747304677963,76.2188678234816,2.53783768415451,303.582455992699,277.786217927933,0,0.661913961172104,33.1718684136868,0,0,0,11373.7434569597,226.303484931588,0.557517975568771,2.71468316018581,0,1136.56942884624,23.7837001383305,589.357472330332,1.14113885164261,3830.78622812033,3275.404988572,418.663487181067,6734.27498035133,4116.31225760281,0.51265586912632,5.02801617980003,323.302516981959,8.27661824226379,12.4761946201324,14.8075284212828,0,0,0.235839650034904,0.599723622202873,0.274536281824112,0.454974949359894,15.1261301189661,1.06429821252823,12.0328106582165,0,0,0,0,0.844892680644989,0,16.068755865097,0,0,1.94938707351685,0,226.303484931588,36613.9776193202,848.688132576644,104.866069607437,5.49436891078949,619.920880481601,1983.35382406414,5461.76271663606,1009.76466880739,0.348755031824112,5429.10227825493,2283.1177540049,534.852512598038,626.34129165858,15.7059962749481,270.610402517021,782.717930682003,3226.50115942955,231.423140063882,4201.71760792285,0,7.44562228024006,33.8287089169025,35.538034081459,118.474591329694,1.45137774944305,13.5998622775078,0.282167792320251,43.7303668111563,0,0,1.32611703872681,0,0,27.1999402195215,242.009481206536,0,4.16457709670067,2.09402079880238,0,0.557517975568771,848.688132576644,16888.9964151159,532.563416473567,3166.35254061222,15.6102291494608,3975.03577602655,252.200943380594,7773.9851718545,0,26.8543963581324,7.47447933256626,0,7.21176309883595,9889.17901098728,2990.34472424537,18.3102161437273,1988.44068559259,78.7050410211086,72.7355421409011,0,3.24161046743393,15.2636308223009,34.2744402363896,39.8144769668579,9.11156612634659,60.8582172244787,8.25247958302498,39.2189673781395,0,0.0959768816828728,0,0,2.11197304725647,6.68828032910824,192.317375525832,0.324593000113964,9.14443820714951,27.0699079483747,4.01909419894218,2.71468316018581,104.866069607437,532.563416473567,2212.21551017463,116.907762467861,35.3302998542786,3653.13038556278,149.788525253534,1052.20592986792,0,14.9788082242012,32.5613182559609,0,36.2331749051809,909.638305075467,1416.14446681738,48.1347277835011,234.534443713725,307.862816110253,393.696845941246,0,10.7171641290188,113.754489764571,48.2965219914913,774.646356344223,18.639103770256,52.6575923860073,0.587946772575378,297.982726946473,0,0,0,0,0,56.5908874124289,498.55084528774,0.10051590949297,18.4384206533432,7.60460931062698,4.115383669734,0,5.49436891078949,3166.35254061222,116.907762467861,3919.69163325429,1710.80836468935,157.584509305656,24.0541822910309,1571.38701636344,0,0,0.273408442735672,0,3.79428854584694,1287.45435070992,4033.38629473001,0.720735669136047,86.5353364944458,39.5253286659718,5.18077885359526,0,9.57363012433052,2.04674798250198,8.47637398540974,19.3552842140198,114.831920936704,127.629566498101,25.8544005155563,79.9219079464674,0,0,2.22480790317059,0.164846867322922,10.9694099724293,1.77671177685261,153.564129546285,9.56856615841389,4.50436705350876,249.197719827294,7.95610362291336,1136.56942884624,619.920880481601,15.6102291494608,35.3302998542786,1710.80836468935,4765.55125139654,2797.52159059048,1542.56885686517,295.378255292773,2.09689557552338,219.127818003297,323.626989766955,40.2030625790358,2286.25163684785,3.14858438074589,1520.61473379284,642.994761347771,66.4838037639856,1420.18498785794,510.845409050584,0,18.854991234839,14.326897457242,63.0306459367275,45.8786827772856,77.2101778388023,468.689014077187,24.3618296980858,137.143328204751,0,0.682766675949097,2.86566708981991,0,9.55097225308418,7.4227956533432,456.371069863439,11.9256399720907,11.9954946935177,88.8227109536529,5.68851549178362,23.7837001383305,1983.35382406414,3975.03577602655,3653.13038556278,157.584509305656,2797.52159059048,16787.8761033043,523.11283005029,2475.21964150667,0.343034356832504,160.327084191144,510.127599447966,19.2201712504029,1628.27224351466,857.857054680586,3196.88769416511,2896.01113507897,1392.18198984861,1403.08445636928,6365.60544089973,0,4.22960144281387,0,0.291988037526608,3.27392819523811,6.1122567653656,43.8034220635891,22.1927905529737,68.4888290166855,0,0,0,0,0,0,80.1254071965814,2.49628853797913,5.39982736110687,309.500096574426,3.9538985490799,589.357472330332,5461.76271663606,252.200943380594,149.788525253534,24.0541822910309,1542.56885686517,523.11283005029,5964.01856508851,3781.38262945414,0,3418.28857891262,12.336011826992,13.715320289135,102.047624602914,22.6543133109808,379.192603759468,26.2927561700344,2115.50370779634,1974.97754923254,146.452724039555,0.684271693229675,24.7780438438058,40.0939235538244,95.0260879769921,440.229188859463,51.5669501274824,264.437763214111,32.9122183173895,706.169295936823,0,0.61782231926918,1.84985625743866,0,3.16340765357018,23.5803521126509,642.326032392681,5.73649205267429,50.6320388168097,296.457533210516,12.3428390324116,1.14113885164261,1009.76466880739,7773.9851718545,1052.20592986792,1571.38701636344,295.378255292773,2475.21964150667,3781.38262945414,7651.28744155169,0,129.820948496461,30.942173615098,0.187570601701736,57.9557623788714,1145.64648589492,2212.3962521106,119.699185833335,4764.92106457055,4500.10918366164,364.580867052078,700.603941679001,2.65370170772076,0,0,0,0,0,0.36642125248909,0,446.803391724825,16.8499608039856,1.68100614845753,215.013962566853,298.878887459636,0,0,113.461031198502,0,0,0,3830.78622812033,0.348755031824112,0,0,0,2.09689557552338,0.343034356832504,0,0,1550.16848626733,25.1523022055626,80.2242816090584,1399.28072285652,1327.16223958135,0,0.986261427402496,496.560387313366,0,0,0,0,0,0,0.377758085727692,0,0,4.45781557261944,0,3.8977125287056,0,0,0,0,0,0,1.62054866552353,0,0,1.59158492088318,0,3275.404988572,5429.10227825493,26.8543963581324,14.9788082242012,0,219.127818003297,160.327084191144,3418.28857891262,129.820948496461,25.1523022055626,6031.51805859804,314.412297278643,3240.30571208894,507.231745272875,1.17144638299942,27.7177074924111,175.126392282546,364.943257123232,21.8530624657869,71.5312033593655,0,0,0,0.161158502101898,2.48766756057739,2.54306316375732,5.00644500553608,0,1.49772155284882,0,0,0.704018175601959,0,0,0,6.97666411101818,0,0,0,0.775765240192413,418.663487181067,2283.1177540049,7.47447933256626,32.5613182559609,0.273408442735672,323.626989766955,510.127599447966,12.336011826992,30.942173615098,80.2242816090584,314.412297278643,7206.75583603978,971.969964012504,1436.05961763859,5.74636398255825,43.8355545327067,3988.99440738559,35.7170431464911,25.0032674819231,1959.88048407435,0,0,0,0,0,0,0.16142213344574,0,0,16.3374805450439,0,0,0,0,0,0,0,0,0,0,6734.27498035133,534.852512598038,0,0,0,40.2030625790358,19.2201712504029,13.715320289135,0.187570601701736,1399.28072285652,3240.30571208894,971.969964012504,5651.81922322512,2402.03344959021,0,7.73848301172256,831.081898137927,6.51320666074753,2.71157836914062,7.47864837944508,20.2203216552734,2.36284101009369,0,0,0.247418478131294,19.3613081723452,12.2384098172188,1.81746852397919,2.73962891101837,7.54962712526321,0,1.93324363231659,0.859740018844604,559.236251845956,0.230085670948029,20.0675975978374,22.5557189285755,0,1.68774378299713,0,4116.31225760281,626.34129165858,7.21176309883595,36.2331749051809,3.79428854584694,2286.25163684785,1628.27224351466,102.047624602914,57.9557623788714,1327.16223958135,507.231745272875,1436.05961763859,2402.03344959021,9153.93958848715,4.10415643453598,64.3998525068164,4747.4138982296,40.7341490536928,56.7138293385506,475.628374293447,0,0.380097553133965,33.7505692541599,17.7852695286274,124.152066037059,0,5.1655912399292,0.855200454592705,21.5923682153225,0,0,0,0,0,18.3764373883605,139.072445087135,0,7.79510240256786,0,2.02385511994362,0.51265586912632,15.7059962749481,9889.17901098728,909.638305075467,1287.45435070992,3.14858438074589,857.857054680586,22.6543133109808,1145.64648589492,0,1.17144638299942,5.74636398255825,0,4.10415643453598,9608.17315101624,6269.99309164286,9.23993775248528,267.477903023362,50.4263355359435,29.3947647958994,0,33.3764747753739,58.974241450429,125.506167247891,232.59839938581,141.953685671091,469.963095873594,30.771465010941,219.984271593392,0,1.61232510209084,1.32488355785608,0.507787764072418,8.58766388148069,28.2022037580609,1443.63968319446,19.209974847734,45.5794714689255,108.461669325829,17.2458353936672,5.02801617980003,270.610402517021,2990.34472424537,1416.14446681738,4033.38629473001,1520.61473379284,3196.88769416511,379.192603759468,2212.3962521106,0.986261427402496,27.7177074924111,43.8355545327067,7.73848301172256,64.3998525068164,6269.99309164286,11231.6189758591,81.6300254687667,428.238307736814,858.568301476538,218.881278991699,0,3.83029705286026,1.6331729888916,0.187143713235855,0.394004911184311,4.12815491855145,17.1815729960799,5.80311298370361,12.2614030241966,1.11018812656403,0,0,0,0.362919673323631,0,18.5097468793392,0.195047065615654,2.46123081445694,4.55962353944778,0,323.302516981959,782.717930682003,18.3102161437273,48.1347277835011,0.720735669136047,642.994761347771,2896.01113507897,26.2927561700344,119.699185833335,496.560387313366,175.126392282546,3988.99440738559,831.081898137927,4747.4138982296,9.23993775248528,81.6300254687667,6312.14017657936,50.2936386466026,159.73664444685,529.986112639308,0,5.94072192907333,5.2210064008832,8.74172461032867,20.1774560511112,1.48997838795185,38.9447701349854,3.7406650185585,25.3352347016335,0,2.75645136833191,0,0,1.23741853237152,4.69533583521843,77.0075587183237,3.75821596384048,2.52487182617188,17.0581377223134,2.71934576332569,8.27661824226379,3226.50115942955,1988.44068559259,234.534443713725,86.5353364944458,66.4838037639856,1392.18198984861,2115.50370779634,4764.92106457055,0,364.943257123232,35.7170431464911,6.51320666074753,40.7341490536928,267.477903023362,428.238307736814,50.2936386466026,2499.38151688874,489.04479239881,191.899412110448,0,9.28511869907379,4.18104445934296,15.5007904171944,3.93416579067707,56.7925897911191,178.233690790832,129.778492167592,508.333710223436,0,6.17960679531097,2.27449414134026,5.52283525466919,2.77739655971527,0.669505417346954,307.171835482121,2.21175318956375,16.957695543766,4844.49901139736,4.07653516530991,12.4761946201324,231.423140063882,78.7050410211086,307.862816110253,39.5253286659718,1420.18498785794,1403.08445636928,1974.97754923254,4500.10918366164,0,21.8530624657869,25.0032674819231,2.71157836914062,56.7138293385506,50.4263355359435,858.568301476538,159.73664444685,489.04479239881,2552.39653609693,281.99348513782,0,0.368962705135345,0.978674620389938,4.37587559223175,2.19326125085354,1.36043721437454,16.023052342236,1.39904057979584,7.07308803498745,0,2.03238131850958,0,0,0,0,32.4416098669171,0,0.438296526670456,1.53288507461548,0.5194171667099,14.8075284212828,4201.71760792285,72.7355421409011,393.696845941246,5.18077885359526,510.845409050584,6365.60544089973,146.452724039555,364.580867052078,0,71.5312033593655,1959.88048407435,7.47864837944508,475.628374293447,29.3947647958994,218.881278991699,529.986112639308,191.899412110448,281.99348513782,3537.6432031244
