7458.20103298128,997.516585722566,0,0,0,250.471369147301,0,894.030118569732,1.38931858539581,2257.83919975162,1217.82081505656,1422.11154201627,3977.50317305326,5144.48594141006,0,0,693.437550246716,0.252565562725067,158.524584650993,5.37348863482475,398.085463434458,0,0,0,0,21.5383702814579,0,77.4209135323763,0,378.138094753027,6.89464019238949,0,0.327588438987732,40.4037825614214,0,0,0,0,7.44215372204781,0,997.516585722566,29263.2169705927,4040.06835818291,6.65157316625118,0,262.575950026512,2948.14952665567,881.159882113338,283.595081090927,0,2097.32583814859,2469.52527566254,292.98616759479,383.708445593715,0,0,30.6935745179653,4019.03595384955,43.9986914992332,2736.68558877707,1.06822071969509,0,0,0,0,0,0,1.89294551312923,0,0,0,0,0,0,0,0,0,0,0.294850528240204,0,0,4040.06835818291,14314.897373572,1462.05460809171,969.170077830553,1.0201872587204,1714.17021863163,324.201062783599,1789.67713826895,0,82.2454984039068,0,0,0,6606.8575104475,613.991326451302,0,4618.04299998283,10.7614627480507,10.1562387794256,0,0,82.9285790026188,0,24.2609183043242,0,0,0,0,0,0,0,0,0,0.239340215921402,8.47759228944778,0,0,0,0,0,6.65157316625118,1462.05460809171,4272.52917285264,45.8155605643988,31.3514187633991,3569.69941070676,2.57607913017273,648.703616276383,0,0,0,0,0,978.640630811453,3222.72994861007,0,480.479569137096,157.145090267062,77.7724856585264,0,0,0,0,3.50195467472076,0,0,5.97457619011402,2.50389625132084,0,0,0,0,0,0,8.99816298484802,0,0,4.68224787712097,0,0,0,969.170077830553,45.8155605643988,546.797177016735,116.274799793959,20.5070281028748,0,14.6717248857021,0,0,0,0,0,667.615717828274,3018.87142981589,0,30.4728404283524,6.59179934859276,0,0,0,166.338819518685,297.92831158638,2108.36835072935,142.981656849384,8.82266579568386,0,434.902654275298,0,0,0,0,0,46.0784822106361,915.933948427439,0,68.5809714198112,88.5311065465212,0.487850993871689,250.471369147301,262.575950026512,1.0201872587204,31.3514187633991,116.274799793959,4843.61550861597,1795.8515624851,75.7752670943737,1447.27338124812,3.25717723369598,3.4569137096405,2.12890294194221,0,3064.79889219999,0,1822.26486760378,367.453065916896,0,885.187381744385,115.864152729511,0,0,0,4.19232703745365,212.925854504108,3003.42838275433,29.1750011742115,0,26.5493403971195,0,0,0,0,15.4600883573294,0,148.729801416397,1.34618008136749,0,41.75373467803,0,0,2948.14952665567,1714.17021863163,3569.69941070676,20.5070281028748,1795.8515624851,15234.8708864301,0.3040771484375,1910.86547201872,0,2.12036538124084,159.402560681105,0,572.061248779297,63.092704474926,2913.59518146515,3432.21809141338,2832.79266372323,82.9185675084591,3787.88392470777,0,0,0,0,0,24.3890841007233,6.17224264144897,0,0,0,0,0,0,0,0,2.88116979598999,0,0,0,0,894.030118569732,881.159882113338,324.201062783599,2.57607913017273,0,75.7752670943737,0.3040771484375,1582.85691972077,2079.99649272859,0,2853.40985822678,127.500950664282,10.952143445611,177.316636785865,0,0,0,2008.81367829442,362.892365649343,3.58307826519012,146.390075944364,0,0,0,0,60.2278977930546,0,285.364680767059,5.40116022527218,0,12.6268702298403,0,0,0,0,0,0,0,51.9499250352383,0,1.38931858539581,283.595081090927,1789.67713826895,648.703616276383,14.6717248857021,1447.27338124812,1910.86547201872,2079.99649272859,4018.59950387478,0,63.2458228170872,1.1031086742878,0,83.475583165884,96.105083823204,24.1408081650734,62.3278755247593,4988.73393882811,3432.70296368748,96.7891222983599,0,0,1.22101902961731,0.230088144540787,117.143523991108,120.042371973395,0.272478252649307,174.308052286506,356.667163707316,0,0,0,0,1.12972964346409,1.14381229877472,5.98939919471741,0,52.8291140794754,177.830310747027,0,2257.83919975162,0,0,0,0,3.25717723369598,0,0,0,1616.16057485342,0,136.529936745763,904.952344954014,1877.49492138624,0,0,1679.71036572754,0,0,0.391404718160629,26.6011586785316,0,0,0,0,0,0,0,0,630.249001041055,0,0,0,67.8607116937637,0,0,0,0,0,0,1217.82081505656,2097.32583814859,82.2454984039068,0,0,3.4569137096405,2.12036538124084,2853.40985822678,63.2458228170872,0,4424.46554683149,153.213440224528,985.91106814146,41.0286155939102,0,0,2.79143773019314,1033.12413564324,182.40011459589,6.59907492995262,50.038492590189,0,0,0,0,4.69665235280991,0,86.4483124390244,0,0,12.1011459976435,0,0,0,0,0,0,0,9.35701739788055,0,1422.11154201627,2469.52527566254,0,0,0,2.12890294194221,159.402560681105,127.500950664282,1.1031086742878,136.529936745763,153.213440224528,8952.98463816941,2265.18363271654,2125.88185530901,0,0,4306.86451230943,59.5021397769451,11.4946469068527,2530.15966545045,0,0,0,0,0,0,0,0,0,0.515282690525055,0,0,0,2.08752134442329,0,0,0,0,0,0,3977.50317305326,292.98616759479,0,0,0,0,0,10.952143445611,0,904.952344954014,985.91106814146,2265.18363271654,4200.25679005682,913.483769014478,0,0,565.7052885741,1.2438825070858,0,2.82905134558678,19.5326615571976,0,0,0,0,0,0,0,0,80.1416627168655,0,0,0,1.20707580447197,0,0,0,0,0,0,5144.48594141006,383.708445593715,0,0,0,3064.79889219999,572.061248779297,177.316636785865,83.475583165884,1877.49492138624,41.0286155939102,2125.88185530901,913.483769014478,12575.1390019357,0,0,5609.06213332713,8.09363132715225,225.366356045008,92.6874707937241,37.5444607883692,0,0,0,0,1.53442141413689,0,0.373201906681061,0,75.6389498114586,0,0,0,610.610884562135,0,0,0,0,0,0,0,0,6606.8575104475,978.640630811453,667.615717828274,0,63.092704474926,0,96.105083823204,0,0,0,0,0,8930.22741568089,3187.99141682684,0,192.459933772683,1.50240716338158,0,0,0,0,0,71.9110262840986,0,0,0,0,0,0,0,0,0,1.35757303237915,158.314506962895,0,0,0,0,0,0,613.991326451302,3222.72994861007,3018.87142981589,1822.26486760378,2913.59518146515,0,24.1408081650734,0,0,0,0,0,3187.99141682684,10118.9647649229,0.90209174156189,30.0236196517944,0.215604290366173,0,0,0,1.72207474708557,0,871.393174901605,6.01592135429382,0,0,0,0,0,0,0,0,9.51950134336948,2708.03336057067,0,0,0,0,693.437550246716,30.6935745179653,0,0,0,367.453065916896,3432.21809141338,0,62.3278755247593,1679.71036572754,2.79143773019314,4306.86451230943,565.7052885741,5609.06213332713,0,0.90209174156189,7995.93782389164,7.13024812936783,0,1669.23727859557,7.28666025400162,0,0,0,0,0,0,0,0,125.854201585054,0,0,0,27.8971946537495,0,0,0,0,0,0,0.252565562725067,4019.03595384955,4618.04299998283,480.479569137096,30.4728404283524,0,2832.79266372323,2008.81367829442,4988.73393882811,0,1033.12413564324,59.5021397769451,1.2438825070858,8.09363132715225,192.459933772683,30.0236196517944,7.13024812936783,4582.31178213656,321.577425986528,568.857295885682,0,0,0,0,0,0,0,5.85772800445557,4.09610086679459,0,0,0,0,0,0,0,0,0,1.13149261474609,0,158.524584650993,43.9986914992332,10.7614627480507,157.145090267062,6.59179934859276,885.187381744385,82.9185675084591,362.892365649343,3432.70296368748,0,182.40011459589,11.4946469068527,0,225.366356045008,1.50240716338158,0.215604290366173,0,321.577425986528,4073.33690963686,11.2422830760479,6.0776379108429,0,5.01503729820251,329.616718314588,14.0763796567917,117.656943932176,33.107871517539,184.543036311865,1007.02383986115,0,1.54731784015894,0,0,0.456683725118637,14.6144868433475,99.5698509216309,0.871580123901367,90.2025749385357,1864.41468295455,1.29857532680035,5.37348863482475,2736.68558877707,10.1562387794256,77.7724856585264,0,115.864152729511,3787.88392470777,3.58307826519012,96.7891222983599,0.391404718160629,6.59907492995262,2530.15966545045,2.82905134558678,92.6874707937241,0,0,1669.23727859557,568.857295885682,11.2422830760479,6926.51505509019,0,0,0,0,0,0.663563847541809,0,0,0,0,0,0,0,0,0,0,0,0,0,0,398.085463434458,1.06822071969509,0,0,0,0,0,146.390075944364,0,26.6011586785316,50.038492590189,0,19.5326615571976,37.5444607883692,0,0,7.28666025400162,0,6.0776379108429,0,10362.2723276839,1042.09473514557,0,0,0,643.585779622197,0.24595807492733,2620.19032862782,28.6724717617035,1957.25066028535,2191.91766966134,1991.33240784705,2873.15086700022,5484.33559659123,0,0,581.253542900085,136.030268371105,654.466115534306,317.314257234335,0,0,0,0,0,0,0,0,0,0,0,0,0,0,0,0,0,0,0,0,1042.09473514557,20991.0282938778,1912.95633277297,0.172195747494698,0,5.02958539128304,777.252519994974,2170.21260894835,739.376468896866,0,1568.24850322306,823.866433292627,217.413400888443,6.82990896701813,0,0,9.99731262028217,4484.51201359928,589.646636590362,2102.94047476351,0,0,82.9285790026188,0,166.338819518685,0,0,0,1.22101902961731,0,0,0,0,0,0,1.72207474708557,0,0,5.01503729820251,0,0,1912.95633277297,6470.60430598259,916.261410832405,1224.18748062849,1.53303629159927,2835.70818324387,732.217008829117,2803.94634623826,0,7.56012468039989,0,0,0,5933.56431566179,1746.02113421261,0,1986.04760481417,13.5715882778168,0.303489953279495,0,0,0,0,297.92831158638,4.19232703745365,0,0,0.230088144540787,0,0,0,0,0,0,0,0,0,329.616718314588,0,0,0.172195747494698,916.261410832405,5066.28468509018,359.584361895919,130.760760441422,2252.14337985963,0,1651.2301973924,0,0,1.15973380208015,0,0,2184.26951012015,4243.47079102695,31.8240597993135,1025.53704309464,523.537389338017,72.7464283555746,0,0,24.2609183043242,3.50195467472076,2108.36835072935,212.925854504108,0,0,117.143523991108,0,0,0,0,0,71.9110262840986,871.393174901605,0,0,14.0763796567917,0,0,0,1224.18748062849,359.584361895919,4127.42030523717,171.082010447979,0.513610064983368,0,2373.95823276043,0,0,0,0,0,1382.49465884268,5259.85224145651,0,733.623064428568,22.0588005781174,0,21.5383702814579,0,0,0,142.981656849384,3003.42838275433,24.3890841007233,60.2278977930546,120.042371973395,0,4.69665235280991,0,0,1.53442141413689,0,6.01592135429382,0,0,117.656943932176,0.663563847541809,643.585779622197,5.02958539128304,1.53303629159927,130.760760441422,171.082010447979,7269.57917141914,2242.72970357537,948.198733016849,756.457081153989,48.3712454587221,7.33273261785507,90.6262240707874,17.589548677206,5016.05628374219,5.03666779398918,1136.72433879972,227.124134466052,201.59361346066,1347.11636948586,14.8430338352919,0,0,0,0,8.82266579568386,29.1750011742115,6.17224264144897,0,0.272478252649307,0,0,0,0,0,0,0,0,0,33.107871517539,0,0.24595807492733,777.252519994974,2835.70818324387,2252.14337985963,0.513610064983368,2242.72970357537,13429.6519163996,11.7336934357882,669.561444357038,0.594551026821136,0,340.941529214382,0.138050407171249,949.849938556552,105.868377313018,1034.88811868429,4309.66525647044,2905.31261989474,328.449708715081,4675.90112651885,77.4209135323763,1.89294551312923,0,5.97457619011402,0,0,0,285.364680767059,174.308052286506,0,86.4483124390244,0,0,0.373201906681061,0,0,0,5.85772800445557,184.543036311865,0,2620.19032862782,2170.21260894835,732.217008829117,0,0,948.198733016849,11.7336934357882,4618.81795787811,2747.92680776119,2.50809645652771,2506.46540272981,462.16919966042,24.2650255560875,916.40706127882,0,0,20.1390378177166,1837.72940306365,2399.56229713559,277.201808512211,0,0,0,2.50389625132084,434.902654275298,26.5493403971195,0,5.40116022527218,356.667163707316,0,0,0,0,0,0,0,0,4.09610086679459,1007.02383986115,0,28.6724717617035,739.376468896866,2803.94634623826,1651.2301973924,2373.95823276043,756.457081153989,669.561444357038,2747.92680776119,6128.86457327008,0,1.36464893817902,4.65500208735466,0.866964638233185,175.866705954075,711.065583623946,1366.15354878455,4.70202822983265,5464.37781561911,6069.67278255522,79.6433580070734,378.138094753027,0,0,0,0,0,0,0,0,630.249001041055,0,0.515282690525055,80.1416627168655,75.6389498114586,0,0,125.854201585054,0,0,0,1957.25066028535,0,0,0,0,48.3712454587221,0.594551026821136,2.50809645652771,0,1454.69248135388,4.69542986154556,115.008066356182,550.956004440784,2563.92913123965,0,0,595.038856595755,0,3.99695897102356,0,6.89464019238949,0,0,0,0,0,0,12.6268702298403,0,0,12.1011459976435,0,0,0,0,0,0,0,1.54731784015894,0,2191.91766966134,1568.24850322306,7.56012468039989,0,0,7.33273261785507,0,2506.46540272981,1.36464893817902,4.69542986154556,4460.86482517421,136.277877613902,744.085175141692,38.3699833005667,0,0,1.57417181134224,88.3119720369577,12.8797509074211,1.5808108150959,0,0,0,0,0,0,0,0,0,0,0,0,0,0,0,0,0,0,0,0,1991.33240784705,823.866433292627,0,1.15973380208015,0,90.6262240707874,340.941529214382,462.16919966042,4.65500208735466,115.008066356182,136.277877613902,6201.78866039217,2118.80339236557,2056.89104197919,0,0,5264.80265569687,137.920777365565,33.95649304986,2134.54801091552,0.327588438987732,0,0,0,0,0,0,0,0,0,0,0,0,0,0,0,0,0,0,0,2873.15086700022,217.413400888443,0,0,0,17.589548677206,0.138050407171249,24.2650255560875,0.866964638233185,550.956004440784,744.085175141692,2118.80339236557,3140.62572070956,671.764840185642,0,0,1196.96140399575,0.870417892932892,1.24283176660538,5.955695733428,40.4037825614214,0,0,0,0,15.4600883573294,0,0,1.12972964346409,67.8607116937637,0,2.08752134442329,1.20707580447197,610.610884562135,0,0,27.8971946537495,0,0.456683725118637,0,5484.33559659123,6.82990896701813,0,0,0,5016.05628374219,949.849938556552,916.40706127882,175.866705954075,2563.92913123965,38.3699833005667,2056.89104197919,671.764840185642,13991.4177773148,0,0,7443.26637434959,1.63168308138847,157.814616531134,40.3592519760132,0,0,0.239340215921402,0,46.0784822106361,0,0,0,1.14381229877472,0,0,0,0,0,1.35757303237915,9.51950134336948,0,0,14.6144868433475,0,0,0,5933.56431566179,2184.26951012015,1382.49465884268,5.03666779398918,105.868377313018,0,711.065583623946,0,0,0,0,0,13498.0664158091,6606.11235825717,0,486.552539527416,7.52892699837685,0.210622861981392,0,0,8.47759228944778,8.99816298484802,915.933948427439,148.729801416397,2.88116979598999,0,5.98939919471741,0,0,0,0,0,158.314506962895,2708.03336057067,0,0,99.5698509216309,0,0,0,1746.02113421261,4243.47079102695,5259.85224145651,1136.72433879972,1034.88811868429,0,1366.15354878455,0,0,0,0,0,6606.11235825717,11182.1661381423,1.63354022800922,365.511374637485,98.3275442570448,6.37543626129627,0,0,0,0,0,1.34618008136749,0,0,0,0,0,0,0,0,0,0,0,0,0.871580123901367,0,581.253542900085,9.99731262028217,0,31.8240597993135,0,227.124134466052,4309.66525647044,20.1390378177166,4.70202822983265,595.038856595755,1.57417181134224,5264.80265569687,1196.96140399575,7443.26637434959,0,1.63354022800922,6321.93645681441,165.994054928422,3.61171837151051,1593.81956960261,0,0,0,0,68.5809714198112,0,0,0,52.8291140794754,0,0,0,0,0,0,0,0,0,90.2025749385357,0,136.030268371105,4484.51201359928,1986.04760481417,1025.53704309464,733.623064428568,201.59361346066,2905.31261989474,1837.72940306365,5464.37781561911,0,88.3119720369577,137.920777365565,0.870417892932892,1.63168308138847,486.552539527416,365.511374637485,165.994054928422,4296.8991599381,721.964735329151,2107.01032531261,7.44215372204781,0.294850528240204,0,4.68224787712097,88.5311065465212,41.75373467803,0,51.9499250352383,177.830310747027,0,9.35701739788055,0,0,0,0,0,0,1.13149261474609,1864.41468295455,0,654.466115534306,589.646636590362,13.5715882778168,523.537389338017,22.0588005781174,1347.11636948586,328.449708715081,2399.56229713559,6069.67278255522,3.99695897102356,12.8797509074211,33.95649304986,1.24283176660538,157.814616531134,7.52892699837685,98.3275442570448,3.61171837151051,721.964735329151,4386.83399797976,99.9050175994635,0,0,0,0,0.487850993871689,0,0,0,0,0,0,0,0,0,0,0,0,0,1.29857532680035,0,317.314257234335,2102.94047476351,0.303489953279495,72.7464283555746,0,14.8430338352919,4675.90112651885,277.201808512211,79.6433580070734,0,1.5808108150959,2134.54801091552,5.955695733428,40.3592519760132,0.210622861981392,6.37543626129627,1593.81956960261,2107.01032531261,99.9050175994635,5566.49608454108
