12053.3022224754,195.776094734669,0,0,0,413.350161880255,5.81820176541805,850.102542638779,0,2643.81084786355,2056.61468017101,326.245937421918,7736.53998965025,2858.7788759917,0,3.22844424843788,516.450079083443,2.50802087783813,150.331673800945,2.45050394535065,1934.21575844288,0,0,0,0,0,0,37.3318873643875,0,651.471344351768,1.91107866168022,0,0,8.0516719520092,0,0,0,0,0,0,195.776094734669,39924.9399737939,2461.13011047989,174.120742082596,8.37713354825974,537.587976261973,1935.62655901909,2262.27385489643,1401.04311434925,1.66860754787922,2554.21663992107,2433.30860003829,984.340984553099,372.803619131446,19.5307502299547,317.999287329614,479.864145547152,4481.59205965698,172.041370674968,4817.10743357241,0,0,0.183842077851295,0.655804440379143,0.552992522716522,1.57140274345875,3.9517065435648,0,5.88943442702293,0,0,0,0,0,0,6.38991378247738,0,0,10.5234344601631,0,0,2461.13011047989,13679.5993110761,445.469572305679,3422.06224696338,5.44052432477474,973.55358427763,361.215562701225,4353.87085139751,0,93.8326283693314,0.516745746135712,0,0,10714.0516965836,2203.40309289843,3.63329420983791,1492.90091736615,6.62487702071667,26.1082336902618,0,0,46.4063075482845,23.6151747554541,85.3023702353239,2.32206280529499,16.3388675749302,0.174629867076874,52.1776531264186,0,0,0,0,0,35.4203444123268,64.7754247635603,0,7.73563787341118,1.3358431905508,0.56784650683403,0,174.120742082596,445.469572305679,4705.61524242163,413.34516698122,97.6212781444192,5693.14513491839,21.5410782694817,842.844781532884,0.516852974891663,5.10553333163261,14.0489549189806,1.76602481305599,1.10289637744427,1691.52504232526,2255.57641912252,63.8918123692274,509.399298585951,162.676496788859,375.006357163191,0,0.407890141010284,29.8953294157982,35.5096999853849,61.9741195738316,21.8891502022743,23.5932695865631,1.33032721281052,120.061384662986,0,0,0.40043693780899,0,0.241662919521332,17.3625246286392,144.064869716763,1.55579671263695,11.6008582115173,37.75686006248,3.40203215181828,0,8.37713354825974,3422.06224696338,413.34516698122,2694.75347471237,601.641987770796,225.262904189527,10.8439722061157,2931.30657798052,0,0,1.0656643807888,0,2.17698220908642,1686.20656695962,3954.31353536248,6.34328019618988,420.706074029207,94.4594921022654,21.1821005642414,0,0.338475838303566,71.5449890196323,63.4107558876276,202.414288520813,4.51802429556847,26.9743012040854,0,317.356548815966,0,0,0,0,0,52.956087231636,193.015604026616,0,17.7994533479214,7.53770956397057,2.12260356545448,413.350161880255,537.587976261973,5.44052432477474,97.6212781444192,601.641987770796,4489.27828650177,2661.62894604355,564.237762659788,842.541637286544,2.48572817444801,44.7414340823889,482.626649573445,45.9082152843475,2540.04440236092,2.08964465558529,2269.55278656632,461.910147637129,106.913851246238,1036.17187958211,247.277830138803,0.821269154548645,1.34113967418671,0.819573938846588,10.8416096568108,12.2457291632891,185.715093314648,53.2888171970844,1.14217537641525,32.4974558576941,0,0,0.216880589723587,0,9.18886828422546,0.146869152784348,74.0270529463887,0,4.58751809597015,86.6345345377922,5.36621025204659,5.81820176541805,1935.62655901909,973.55358427763,5693.14513491839,225.262904189527,2661.62894604355,22467.4391786084,28.562322691083,1353.72998572141,0.468187004327774,54.6297713667154,574.072796180844,31.3991427868605,2192.4535613209,487.267590910196,4596.57489652187,4194.91632688791,2196.19063927233,651.354456342757,4629.67640314996,0,0.211722284555435,9.7731022387743,41.5893658027053,57.5890412032604,58.297712162137,327.023910216987,5.58475813269615,113.122703045607,0,0.728786885738373,0,0,0,5.68719515949488,168.33820604533,0.473756700754166,10.9395166262984,82.65371966362,3.15959937870502,850.102542638779,2262.27385489643,361.215562701225,21.5410782694817,10.8439722061157,564.237762659788,28.562322691083,5634.87777465582,1026.35438020527,0.619906395673752,3584.04068937898,55.6390413194895,65.5041439831257,14.3564070314169,0,23.5901690945029,17.1663902848959,718.520714491606,1181.62966540456,12.3951807022095,74.4594588875771,0,0,1.60887217521667,0,0,0,114.862239599228,2.54693651199341,0.325696408748627,0,0,0,0,0,7.77772900462151,0,0,29.9639368057251,0,0,1401.04311434925,4353.87085139751,842.844781532884,2931.30657798052,842.541637286544,1353.72998572141,1026.35438020527,13423.0519123822,0,680.126455008984,18.2984644919634,0.495869100093842,53.9407867193222,732.90154889226,1768.95738189667,58.3852867782116,7171.1484503001,3642.54956976324,160.614280350506,0,0.600869596004486,62.700117841363,73.6265143454075,566.014353618026,64.4226131439209,41.2483993917704,13.0189842432737,949.284937314689,0,0,0,0,1.27956676483154,28.5234678536654,273.673996135592,0,19.9972448945045,580.425466328859,8.20106709003448,2643.81084786355,1.66860754787922,0,0.516852974891663,0,2.48572817444801,0.468187004327774,0.619906395673752,0,926.87558940053,57.7068612426519,53.2177152633667,1020.63773038983,1638.11564616859,0,0,1525.32109391689,0,0,2.49292087554932,82.2465553879738,0,0,0,0,0,0,0,0,298.92310988903,0,0,0,60.5452325046062,0,0,0,0,0,0,2056.61468017101,2554.21663992107,93.8326283693314,5.10553333163261,0,44.7414340823889,54.6297713667154,3584.04068937898,680.126455008984,57.7068612426519,5282.1050902456,549.625604391098,2540.06284813583,396.925536677241,0,12.1861921623349,214.375723674893,944.071880251169,8.19055846333504,56.3785763680935,10.7912403643131,0,0,0,0,0,0,3.73938761651516,0.799829915165901,11.2296123355627,0,0,0,0.393554478883743,0,0,0,0,0,0,326.245937421918,2433.30860003829,0.516745746135712,14.0489549189806,1.0656643807888,482.626649573445,574.072796180844,55.6390413194895,18.2984644919634,53.2177152633667,549.625604391098,7732.7226640135,1146.34577915072,2002.71425515413,0.437602698802948,105.934824280441,2109.26707988977,108.877671271563,8.2907924503088,2698.9258775413,0.274833619594574,0,0,0,0,0.899311169981956,5.532172113657,0,0.166492819786072,2.22128444910049,0,0,0,0,0,0.748387917876244,0,0,0,0,7736.53998965025,984.340984553099,0,1.76602481305599,0,45.9082152843475,31.3991427868605,65.5041439831257,0.495869100093842,1020.63773038983,2540.06284813583,1146.34577915072,6705.70404438674,1237.5101685673,0,9.8814392387867,960.529977619648,17.7598110735416,3.89887566864491,26.0970903337002,98.0932817161083,0.226122960448265,0,0,0,0,0,0,0,69.1365301609039,0,0,0,2.94201484322548,0,0,0,0,0,0,2858.7788759917,372.803619131446,0,1.10289637744427,2.17698220908642,2540.04440236092,2192.4535613209,14.3564070314169,53.9407867193222,1638.11564616859,396.925536677241,2002.71425515413,1237.5101685673,11942.7205618024,0,93.886264577508,6867.87919522822,21.3582755327225,48.5215064734221,112.701369524002,174.175875395536,0,0,0,0,0.297585487365723,9.43717317283154,0,0,431.112335428596,0,0,0,102.161786586046,0,0,0,0,0.620274126529694,0,0,19.5307502299547,10714.0516965836,1691.52504232526,1686.20656695962,2.08964465558529,487.267590910196,0,732.90154889226,0,0,0.437602698802948,0,0,12628.1960632503,5632.90688607842,0.91778539121151,403.715869218111,13.5735076367855,18.3075874745846,0,0,22.5251635611057,17.9367897063494,57.2247091531754,0.249178647994995,5.82954885065556,0.232029557228088,11.0276793092489,0,0,0,0,0,21.7346208393574,33.238998323679,0,5.29771648347378,0.250980257987976,0,3.22844424843788,317.999287329614,2203.40309289843,2255.57641912252,3954.31353536248,2269.55278656632,4596.57489652187,23.5901690945029,1768.95738189667,0,12.1861921623349,105.934824280441,9.8814392387867,93.886264577508,5632.90688607842,16534.3832660541,230.063099198043,750.078587301075,516.848177485168,388.843275502324,0,0.696718886494637,99.4057878702879,83.8861915916204,195.051546275616,82.7248035594821,90.1242307052016,3.49220972508192,228.823839709163,0,0,0,0,0.943074971437454,51.6090501919389,403.021065168083,2.14144915342331,44.6279478371143,116.659090317786,8.80098612606525,516.450079083443,479.864145547152,3.63329420983791,63.8918123692274,6.34328019618988,461.910147637129,4194.91632688791,17.1663902848959,58.3852867782116,1525.32109391689,214.375723674893,2109.26707988977,960.529977619648,6867.87919522822,0.91778539121151,230.063099198043,6384.30538401008,233.995867431164,14.2557668685913,653.86733289063,5.1243112385273,0,0,0.865075647830963,0.914908945560455,1.43857330083847,4.25256665050983,0,0.632186442613602,78.1140431165695,0,0,0,21.3923678100109,0,4.087307497859,0,0,0.618456900119781,0.504335701465607,2.50802087783813,4481.59205965698,1492.90091736615,509.399298585951,420.706074029207,106.913851246238,2196.19063927233,718.520714491606,7171.1484503001,0,944.071880251169,108.877671271563,17.7598110735416,21.3582755327225,403.715869218111,750.078587301075,233.995867431164,3356.22730593383,496.513369768858,707.532629564404,0,0,29.5938710570335,14.4839847534895,42.9005950093269,3.87170112133026,11.3474554717541,2.64720821380615,53.7528964281082,0,0,0,0,0,10.3341656327248,76.1959594488144,0,5.4717939645052,42.5566520243883,0,150.331673800945,172.041370674968,6.62487702071667,162.676496788859,94.4594921022654,1036.17187958211,651.354456342757,1181.62966540456,3642.54956976324,0,8.19055846333504,8.2907924503088,3.89887566864491,48.5215064734221,13.5735076367855,516.848177485168,14.2557668685913,496.513369768858,3073.86402246356,129.209633991122,0.289127349853516,2.58389031887054,3.72691304981709,51.8806204944849,6.16391463577747,184.278434067965,26.5924318283796,41.8486952036619,663.51387334615,0,0,0,0,0,3.42872613668442,104.426418833435,0,4.489720672369,4669.86817340553,10.4104450345039,2.45050394535065,4817.10743357241,26.1082336902618,375.006357163191,21.1821005642414,247.277830138803,4629.67640314996,12.3951807022095,160.614280350506,2.49292087554932,56.3785763680935,2698.9258775413,26.0970903337002,112.701369524002,18.3075874745846,388.843275502324,653.86733289063,707.532629564404,129.209633991122,5064.51154275239,0,0.842674434185028,0.396834686398506,6.10156361758709,5.20454281568527,3.56567953526974,6.79051368683577,0.412989646196365,9.60052596032619,0,0,0,0,0,0,15.9444456622005,0,1.34058237075806,9.12258742004633,0.614919394254684,1934.21575844288,0,0,0,0,0.821269154548645,0,74.4594588875771,0,82.2465553879738,10.7912403643131,0.274833619594574,98.0932817161083,174.175875395536,0,0,5.1243112385273,0,0.289127349853516,0,17502.4684782177,481.938531517982,0,2.8205164372921,0,1423.57471233606,34.4431668221951,1447.75309495628,6.76854687929153,3204.16733625531,3634.68244469166,598.700951427221,9001.45089355111,3311.24732375145,0.446588128805161,8.35340902209282,334.155964583158,31.0010544657707,210.787040948868,19.4957354068756,0,0,0,0.407890141010284,0.338475838303566,1.34113967418671,0.211722284555435,0,0.600869596004486,0,0,0,0.226122960448265,0,0,0.696718886494637,0,0,2.58389031887054,0.842674434185028,481.938531517982,31652.8909475431,1806.21531180292,150.367371603847,4.97477649152279,349.094734676182,943.756578698754,3050.27581931651,1826.60695404559,0,2453.29425384104,2812.67695789784,574.07965053618,269.322775200009,14.6823136508465,305.477404862642,361.524036176503,4552.4254373461,103.051476106048,3550.62625452876,0,0.183842077851295,46.4063075482845,29.8953294157982,71.5449890196323,0.819573938846588,9.7731022387743,0,62.700117841363,0,0,0,0,0,22.5251635611057,99.4057878702879,0,29.5938710570335,3.72691304981709,0.396834686398506,0,1806.21531180292,11595.6232081503,176.991884015501,3385.57415895909,3.16346465051174,1648.75382655114,586.047392033041,5276.54229367524,0,2.5481872856617,0.961263954639435,0,0.608852505683899,9576.54729742557,2054.83493282646,3.48620328307152,1101.45214121789,6.12970685958862,24.4658378660679,0,0.655804440379143,23.6151747554541,35.5096999853849,63.4107558876276,10.8416096568108,41.5893658027053,1.60887217521667,73.6265143454075,0,0,0,0,0,17.9367897063494,83.8861915916204,0.865075647830963,14.4839847534895,51.8806204944849,6.10156361758709,2.8205164372921,150.367371603847,176.991884015501,4749.39540174603,232.179016269743,88.5403581336141,3855.81049184501,77.075152553618,645.829743854702,0,4.93903225660324,39.5631125867367,3.65814033150673,33.1918916106224,724.589319549501,2950.84359911457,87.8212655484676,429.273344703019,355.848078742623,730.40986828506,0,0.552992522716522,85.3023702353239,61.9741195738316,202.414288520813,12.2457291632891,57.5890412032604,0,566.014353618026,0,0,0,0,0,57.2247091531754,195.051546275616,0.914908945560455,42.9005950093269,6.16391463577747,5.20454281568527,0,4.97477649152279,3385.57415895909,232.179016269743,2430.29891207814,686.024809829891,111.173843257129,12.5012783557177,2887.00926499069,0,0.495212689042091,1.35660153627396,0.56779146194458,0.848764300346375,1888.5120832324,3018.79191383719,2.26799468696117,165.957259595394,59.5905205458403,10.5297081023455,0,1.57140274345875,2.32206280529499,21.8891502022743,4.51802429556847,185.715093314648,58.297712162137,0,64.4226131439209,0,0,0.899311169981956,0,0.297585487365723,0.249178647994995,82.7248035594821,1.43857330083847,3.87170112133026,184.278434067965,3.56567953526974,1423.57471233606,349.094734676182,3.16346465051174,88.5403581336141,686.024809829891,5350.48478762805,1920.53575508296,308.539782717824,645.855142451823,2.30041909217834,27.9085077345371,467.693664081395,28.1230103820562,3874.92770880461,6.74584746360779,1770.77659182996,483.81417004019,198.908689916134,2091.29652872682,289.671682849526,0,3.9517065435648,16.3388675749302,23.5932695865631,26.9743012040854,53.2888171970844,327.023910216987,0,41.2483993917704,0,0,5.532172113657,0,9.43717317283154,5.82954885065556,90.1242307052016,4.25256665050983,11.3474554717541,26.5924318283796,6.79051368683577,34.4431668221951,943.756578698754,1648.75382655114,3855.81049184501,111.173843257129,1920.53575508296,16037.4837383404,65.2181804850698,748.119323432446,1.22841370105743,37.9177798181772,667.217440187931,39.7743259221315,3170.65099215508,600.301640570164,4521.20196264237,3037.19956358522,1885.86785686016,577.10239366442,4158.70904082805,37.3318873643875,0,0.174629867076874,1.33032721281052,0,1.14217537641525,5.58475813269615,114.862239599228,13.0189842432737,0,3.73938761651516,0,0,0,0.232029557228088,3.49220972508192,0,2.64720821380615,41.8486952036619,0.412989646196365,1447.75309495628,3050.27581931651,586.047392033041,77.075152553618,12.5012783557177,308.539782717824,65.2181804850698,7483.09068757296,2513.96754443645,0,4522.45359161496,35.7001888751984,98.4382134377956,62.6001698076725,7.65729260444641,94.2850439324975,11.0248291343451,823.508103609085,2322.36292544007,26.9038423746824,0,5.88943442702293,52.1776531264186,120.061384662986,317.356548815966,32.4974558576941,113.122703045607,2.54693651199341,949.284937314689,0,0.799829915165901,0.166492819786072,0,0,11.0276793092489,228.823839709163,0.632186442613602,53.7528964281082,663.51387334615,9.60052596032619,6.76854687929153,1826.60695404559,5276.54229367524,645.829743854702,2887.00926499069,645.855142451823,748.119323432446,2513.96754443645,13668.7996171042,0,420.584346398711,19.0813383460045,8.11406761407852,142.886441215873,879.081681758165,1767.79767619446,24.4630882441998,5118.61863666773,3862.49740689248,63.3131633773446,651.471344351768,0,0,0,0,0,0,0.325696408748627,0,298.92310988903,11.2296123355627,2.22128444910049,69.1365301609039,431.112335428596,0,0,78.1140431165695,0,0,0,3204.16733625531,0,0,0,0,2.30041909217834,1.22841370105743,0,0,1928.85977253318,13.9156413078308,7.90005594491959,1487.45649942756,2211.63261142373,0,0,1014.17202711105,0,0,0,1.91107866168022,0,0,0,0,0,0.728786885738373,0,0,0,0,0,0,0,0,0,0,0,0,0,3634.68244469166,2453.29425384104,2.5481872856617,4.93903225660324,0.495212689042091,27.9085077345371,37.9177798181772,4522.45359161496,420.584346398711,13.9156413078308,5058.93055576086,198.109519600868,2987.02473556995,228.796491682529,0,20.5356742590666,53.0014755874872,407.702823579311,49.3679891526699,29.4777211248875,0,0,0,0.40043693780899,0,0.216880589723587,0,0,0,0,0,0,0,0,0,0,0,0,0,0,598.700951427221,2812.67695789784,0.961263954639435,39.5631125867367,1.35660153627396,467.693664081395,667.217440187931,35.7001888751984,19.0813383460045,7.90005594491959,198.109519600868,7678.32854237407,2178.37445661426,1952.74633029103,9.38383352011442,89.7518391385674,2239.77612256259,164.624130606651,10.2432622611523,2118.77249510586,0,0,0,0,0,0,0,0,0,0,0,0,0,0,0,0,0,0,0,0,9001.45089355111,574.07965053618,0,3.65814033150673,0.56779146194458,28.1230103820562,39.7743259221315,98.4382134377956,8.11406761407852,1487.45649942756,2987.02473556995,2178.37445661426,5408.3974390626,1987.61945359409,0,5.22005301713943,526.396459668875,52.1658026874065,3.04610198736191,14.5227728039026,8.0516719520092,0,0,0.241662919521332,0,9.18886828422546,0,0,1.27956676483154,60.5452325046062,0.393554478883743,0,2.94201484322548,102.161786586046,0,0.943074971437454,21.3923678100109,0,0,0,3311.24732375145,269.322775200009,0.608852505683899,33.1918916106224,0.848764300346375,3874.92770880461,3170.65099215508,62.6001698076725,142.886441215873,2211.63261142373,228.796491682529,1952.74633029103,1987.61945359409,12786.1989081502,2.46710492670536,85.9309368953109,6270.80608828366,45.8049860596657,52.5842382907867,177.269840717316,0,0,35.4203444123268,17.3625246286392,52.956087231636,0.146869152784348,5.68719515949488,0,28.5234678536654,0,0,0,0,0,21.7346208393574,51.6090501919389,0,10.3341656327248,3.42872613668442,0,0.446588128805161,14.6823136508465,9576.54729742557,724.589319549501,1888.5120832324,6.74584746360779,600.301640570164,7.65729260444641,879.081681758165,0,0,9.38383352011442,0,2.46710492670536,10832.4984107614,6428.03675973415,9.70566540956497,470.129334002733,20.3633017987013,36.5501798391342,0,6.38991378247738,64.7754247635603,144.064869716763,193.015604026616,74.0270529463887,168.33820604533,7.77772900462151,273.673996135592,0,0,0.748387917876244,0,0,33.238998323679,403.021065168083,4.087307497859,76.1959594488144,104.426418833435,15.9444456622005,8.35340902209282,305.477404862642,2054.83493282646,2950.84359911457,3018.79191383719,1770.77659182996,4521.20196264237,94.2850439324975,1767.79767619446,0,20.5356742590666,89.7518391385674,5.22005301713943,85.9309368953109,6428.03675973415,15718.3536325395,157.430707089603,699.766730234027,642.644322451204,509.530784122646,0,0,0,1.55579671263695,0,0,0.473756700754166,0,0,0,0,0,0,0,0,2.14144915342331,0,0,0,0,334.155964583158,361.524036176503,3.48620328307152,87.8212655484676,2.26799468696117,483.81417004019,3037.19956358522,11.0248291343451,24.4630882441998,1014.17202711105,53.0014755874872,2239.77612256259,526.396459668875,6270.80608828366,9.70566540956497,157.430707089603,4516.97430618107,83.7034071832895,17.57408618927,719.030669182539,0,0,7.73563787341118,11.6008582115173,17.7994533479214,4.58751809597015,10.9395166262984,0,19.9972448945045,0,0,0,0,0,5.29771648347378,44.6279478371143,0,5.4717939645052,4.489720672369,1.34058237075806,31.0010544657707,4552.4254373461,1101.45214121789,429.273344703019,165.957259595394,198.908689916134,1885.86785686016,823.508103609085,5118.61863666773,0,407.702823579311,164.624130606651,52.1658026874065,45.8049860596657,470.129334002733,699.766730234027,83.7034071832895,3198.66858813167,521.060207404196,609.17769189924,0,10.5234344601631,1.3358431905508,37.75686006248,7.53770956397057,86.6345345377922,82.65371966362,29.9639368057251,580.425466328859,0,0,0,0,0.620274126529694,0.250980257987976,116.659090317786,0.618456900119781,42.5566520243883,4669.86817340553,9.12258742004633,210.787040948868,103.051476106048,6.12970685958862,355.848078742623,59.5905205458403,2091.29652872682,577.10239366442,2322.36292544007,3862.49740689248,0,49.3679891526699,10.2432622611523,3.04610198736191,52.5842382907867,20.3633017987013,642.644322451204,17.57408618927,521.060207404196,2447.94565978646,139.282997518778,0,0,0.56784650683403,3.40203215181828,2.12260356545448,5.36621025204659,3.15959937870502,0,8.20106709003448,0,0,0,0,0,0,8.80098612606525,0.504335701465607,0,10.4104450345039,0.614919394254684,19.4957354068756,3550.62625452876,24.4658378660679,730.40986828506,10.5297081023455,289.671682849526,4158.70904082805,26.9038423746824,63.3131633773446,0,29.4777211248875,2118.77249510586,14.5227728039026,177.269840717316,36.5501798391342,509.530784122646,719.030669182539,609.17769189924,139.282997518778,6030.75524899364
