10644.7421755791,288.021996222436,1.2025386095047,2.9480973482132,0,359.16410510242,122.443225458264,726.827166438103,1.19486518204212,2026.40889747441,2232.17535494268,769.455181568861,6177.0749668479,3385.48290374875,0,3.06855122745037,1056.41459979117,7.0929432362318,130.545529320836,45.8616397678852,1312.41611790657,0,0,0,0,18.2568585723639,0.912258803844452,0,0,578.661687090993,0.742313653230667,0,0,77.8039867281914,0,1.80225086212158,0,0,10.3831224441528,0,288.021996222436,27595.8888857886,1417.40866407752,44.8632520437241,4.28406918048859,418.23155067116,2588.73386874795,1039.14387413859,632.444170549512,4.59650856256485,4674.60099503398,2044.96857616305,730.214745439589,316.897098563612,2.76128846406937,34.7654162943363,479.877125225961,5789.55370623618,129.917021587491,3026.01636675745,0,0,0,5.11992719769478,0,202.219312630594,36.6130364239216,2.54875755310059,1.93521419167519,0,0,0,0,0.750668451189995,0.166260108351707,13.8409434407949,4.59942016005516,1.90765357017517,1.04109740257263,2.61481907963753,1.2025386095047,1417.40866407752,16202.4280913323,1623.75021648407,3121.39490602911,21.5202915221453,1855.95573284477,326.81781706214,2881.29114164412,0,116.995631188154,2.16485825181007,0,4.8858136087656,10783.6096970141,1627.83566902578,33.6922560334206,3722.42869853973,44.402874737978,18.7331524342299,0,0,4.02895420789719,0,63.7190988510847,0.184872478246689,1.56873801350594,0,0.86263632774353,0,0,0,0,0,1.26466679573059,5.70674676448107,0,0,0.220598116517067,1.93202412128448,2.9480973482132,44.8632520437241,1623.75021648407,2565.4416570738,423.587695240974,66.8792754635215,3183.94488206506,12.7390453368425,958.9351041466,0,5.72078219056129,7.19090712070465,1.2865047454834,6.11513631045818,2398.65651725233,2469.90245226026,56.0713297575712,510.951077990234,294.004725784063,56.3228667378426,0,0,0,6.99866265058517,13.6136962771416,12.3904819190502,27.2463375627995,0,19.8322020918131,0,0,0.20187184214592,0,0,0.208690196275711,47.7131931781769,0,0,4.27226975560188,2.05356508493423,0,4.28406918048859,3121.39490602911,423.587695240974,2394.95232158899,744.279074564576,240.678999572992,1.71244561672211,1739.06527328491,0,0,0,0,1.25663481652737,1236.71598742902,3648.19344652444,9.82406441867352,697.333258122206,42.6669566035271,1.76390865445137,0,0,49.8741965889931,2.36997038125992,2722.79636269808,227.003242254257,7.93789467215538,0,155.79827606678,0,0,0,0,0,42.6073101311922,320.263894535601,0,4.94313588738441,0.829835295677185,0,359.16410510242,418.23155067116,21.5202915221453,66.8792754635215,744.279074564576,6106.99420841783,2427.94765643775,725.866343080997,638.384575299919,12.8598957955837,109.808181896806,305.7647709921,105.96058909595,2847.61221457273,13.6962712407112,1473.54530461133,461.239094391465,126.198529295623,810.300953187048,428.081997536123,0,0.249722093343735,0.729379415512085,39.5877197235823,219.345452487469,760.971127822995,266.450817629695,1.78416064381599,117.51409098506,0.679558396339417,0,6.89574706554413,0,24.46952290833,0.80268931388855,570.920252144337,1.45230624079704,4.563959389925,111.940259918571,9.30314919352531,122.443225458264,2588.73386874795,1855.95573284477,3183.94488206506,240.678999572992,2427.94765643775,18141.0778724849,81.0877944529057,2420.96518104523,11.7505405694246,264.879982016981,665.43532460928,158.862423114479,1406.96776606143,139.88442248106,3665.39607717842,2351.93593601137,2117.04570392519,2057.57742759585,5235.72787796706,0,11.0115282535553,1.02839963138103,61.5382106155157,33.5879400372505,738.989140532911,522.693175598979,5.40786361694336,168.249895878136,0,0.215141445398331,13.5920085757971,0,25.4321969747543,1.8714107722044,396.131035961211,15.9755924642086,13.0755769833922,114.394116796553,47.9002733752131,726.827166438103,1039.14387413859,326.81781706214,12.7390453368425,1.71244561672211,725.866343080997,81.0877944529057,5062.49563854933,1291.45890167356,0,2231.19987078011,9.50374227762222,14.1766991913319,38.7257381826639,0,38.5632151663303,4.77621601521969,569.140671491623,389.23552390933,16.6667980626225,5.04554264247417,0,0,0,0,1.51197464764118,0.940901666879654,8.15046030282974,3.38196659088135,0,0.675216346979141,0,0,0,0,1.01454484462738,0,0,86.0257244110107,0,1.19486518204212,632.444170549512,2881.29114164412,958.9351041466,1739.06527328491,638.384575299919,2420.96518104523,1291.45890167356,12091.5103408843,0,42.0576241016388,15.4592567384243,2.94380275905132,38.3386466652155,253.721415430307,1751.94929225743,44.1183591261506,6011.23455058038,2963.71935614944,139.70804784447,0,1.04704123735428,120.899882465601,21.1409644931555,181.978325262666,222.328509420156,101.859941184521,9.26869773864746,562.077752321959,0,0,0,0.242063969373703,0,0,142.630950517952,0,8.5253122895956,990.964306220412,2.7434446811676,2026.40889747441,4.59650856256485,0,0,0,12.8598957955837,11.7505405694246,0,0,1427.38183882833,5.84396170079708,77.5780200511217,448.826275736094,1334.50900603831,0,0,886.993701472878,0,0.885531544685364,1.6402353644371,116.800806701183,0,0,0,0,0.808592200279236,0,0,0,1018.09641960263,0,0,104.156102359295,315.145076572895,0,0,2.38723039627075,0,0,0,2232.17535494268,4674.60099503398,116.995631188154,5.72078219056129,0,109.808181896806,264.879982016981,2231.19987078011,42.0576241016388,5.84396170079708,4245.63498745859,421.681511059403,1070.61570310593,203.164237394929,0,2.86188099533319,71.6140567660332,491.082042664289,28.8887099921703,58.0449605062604,11.990096539259,0,0,0,0,28.8209851235151,5.40244956314564,1.41854152083397,0,0.283372044563293,2.69075079262257,0,0,0,0,1.25749969482422,0,0,0.644492626190186,0,769.455181568861,2044.96857616305,2.16485825181007,7.19090712070465,0,305.7647709921,665.43532460928,9.50374227762222,15.4592567384243,77.5780200511217,421.681511059403,7985.59506474435,2125.00648572296,1359.65185251832,0,2.39768844842911,2255.15705537796,63.851924046874,20.4513950198889,1480.82487910986,2.0355076789856,0,0,1.40364742279053,0,59.6013345271349,2.02438095211983,0,3.71300292015076,2.81383466720581,0,0,0,17.0026369392872,0,1.295106112957,0,0,0,2.58061099052429,6177.0749668479,730.214745439589,0,1.2865047454834,0,105.96058909595,158.862423114479,14.1766991913319,2.94380275905132,448.826275736094,1070.61570310593,2125.00648572296,6700.85569612682,813.130425803363,0,0.98151633143425,1133.11897581816,22.4031482934952,4.71475666761398,54.3217875659466,174.79811398685,0,0,0,0,21.166117593646,1.58101117610931,0,0,160.913009062409,0,0,0,34.2297263741493,0,2.04883114993572,0,0,0,0,3385.48290374875,316.897098563612,4.8858136087656,6.11513631045818,1.25663481652737,2847.61221457273,1406.96776606143,38.7257381826639,38.3386466652155,1334.50900603831,203.164237394929,1359.65185251832,813.130425803363,7463.00700882077,0,6.00476329028606,5403.43330084532,36.4587350189686,168.382043048739,217.524380177259,118.55398029089,0,0,0,0,119.567628063262,0.393989980220795,0,2.38550382852554,329.055957466364,0,3.23033690452576,0,713.006411641836,0,1.48807586729527,0,1.56150484085083,7.80668982863426,0,0,2.76128846406937,10783.6096970141,2398.65651725233,1236.71598742902,13.6962712407112,139.88442248106,0,253.721415430307,0,0,0,0,0,6459.04194626212,5106.90458486974,2.18392989039421,221.017492100596,7.73827886581421,1.27525016665459,0,0,1.85198593139648,0,63.6736673563719,0.969360664486885,1.63744354248047,0,0.250936686992645,0,0,0,0,0,2.65832310914993,4.30923363566399,0,0,0,0,3.06855122745037,34.7654162943363,1627.83566902578,2469.90245226026,3648.19344652444,1473.54530461133,3665.39607717842,38.5632151663303,1751.94929225743,0,2.86188099533319,2.39768844842911,0.98151633143425,6.00476329028606,5106.90458486974,12483.1219694987,37.7583941593766,730.951365016401,501.730934917927,48.6998484581709,0,6.64953524619341,14.3683476150036,71.6320399343967,1194.93400608003,428.78502817452,371.070657342672,3.14881470799446,234.051943533123,0,0.983020186424255,2.15496689081192,0,1.70232441276312,16.2865804135799,768.818576406687,3.16549277305603,14.3414908647537,39.3057999312878,13.9023098349571,1056.41459979117,479.877125225961,33.6922560334206,56.0713297575712,9.82406441867352,461.239094391465,2351.93593601137,4.77621601521969,44.1183591261506,886.993701472878,71.6140567660332,2255.15705537796,1133.11897581816,5403.43330084532,2.18392989039421,37.7583941593766,4262.81266012788,170.910728380084,63.9064239263535,1263.50634073466,13.2238318026066,0.752650916576385,0,0.95089453458786,0,49.4118461534381,6.77303698658943,0,3.59888127446175,118.332376018167,0,2.06420016288757,0,303.036192774773,0,5.61593037843704,0,0,0.674035489559174,0.372385531663895,7.0929432362318,5789.55370623618,3722.42869853973,510.951077990234,697.333258122206,126.198529295623,2117.04570392519,569.140671491623,6011.23455058038,0,491.082042664289,63.851924046874,22.4031482934952,36.4587350189686,221.017492100596,730.951365016401,170.910728380084,8733.24966432154,800.982002869248,446.186330422759,0,1.05015015602112,0,4.93477639555931,10.76751562953,54.3065877258778,21.3237417340279,0,8.05780091881752,0,0,2.28666830062866,0,0,1.56919157505035,22.0686180070043,0,2.43039536476135,23.2977474629879,0,130.545529320836,129.917021587491,44.402874737978,294.004725784063,42.6669566035271,810.300953187048,2057.57742759585,389.23552390933,2963.71935614944,0.885531544685364,28.8887099921703,20.4513950198889,4.71475666761398,168.382043048739,7.73827886581421,501.730934917927,63.9064239263535,800.982002869248,1185.30849345028,150.891893982887,0.274926632642746,0,19.7967231869698,18.8266148269176,2.76980799436569,271.413152784109,82.7798132002354,3.18037831783295,525.634277418256,0,0,2.90678822994232,0,1.75774788856506,0,82.5551509931684,1.44551232457161,0.999965667724609,4095.79878897965,1.44221574068069,45.8616397678852,3026.01636675745,18.7331524342299,56.3228667378426,1.76390865445137,428.081997536123,5235.72787796706,16.6667980626225,139.70804784447,1.6402353644371,58.0449605062604,1480.82487910986,54.3217875659466,217.524380177259,1.27525016665459,48.6998484581709,1263.50634073466,446.186330422759,150.891893982887,8023.83846224099,0,0,0,0.600282669067383,0,149.229079663754,33.2072585374117,0,6.64164127409458,1.08147537708282,0,0,0,0,0,10.2253911495209,0,2.66901040077209,9.06914189457893,4.21021589636803,1312.41611790657,0,0,0,0,0,0,5.04554264247417,0,116.800806701183,11.990096539259,2.0355076789856,174.79811398685,118.55398029089,0,0,13.2238318026066,0,0.274926632642746,0,11749.6199691147,311.33660286665,0,0,0,313.958110071719,34.6160278692842,1148.36890795827,4.28545461595058,4038.50453567505,3564.02263855934,1276.97691473365,5387.19761537015,3317.96167957038,0,1.95439074188471,336.437813438475,8.62300990521908,115.718385756016,12.363694742322,0,0,0,0,0,0.249722093343735,11.0115282535553,0,1.04704123735428,0,0,0,0,0,0,6.64953524619341,0.752650916576385,1.05015015602112,0,0,311.33660286665,27526.7938181311,1446.94367301464,105.836459994316,5.08279849588871,578.483617506921,1948.79479195178,2622.17488451302,1395.69302139431,6.87016987800598,1982.84351631254,3889.28634568304,289.076013147831,526.145390920341,12.0359797775745,198.791366036981,273.11390312016,3645.7143561244,389.95787730068,2616.99442262203,0,0,4.02895420789719,0,49.8741965889931,0.729379415512085,1.02839963138103,0,120.899882465601,0,0,0,0,0,1.85198593139648,14.3683476150036,0,0,19.7967231869698,0,0,1446.94367301464,11798.7841791511,608.940381854773,2789.14740994573,8.03244225680828,2910.1572431922,118.679516583681,4176.01170200109,0,33.7312579452991,9.05965784192085,1.27469781041145,1.03892123699188,8078.31466306746,1231.56679501012,15.4530085176229,2411.46252916753,285.512178272009,75.6287847459316,0,5.11992719769478,0,6.99866265058517,2.36997038125992,39.5877197235823,61.5382106155157,0,21.1409644931555,0,0,1.40364742279053,0,0,0,71.6320399343967,0.95089453458786,4.93477639555931,18.8266148269176,0.600282669067383,0,105.836459994316,608.940381854773,1807.31641075015,353.114124089479,33.9888796657324,3108.31899282336,107.655903697014,2200.68754895031,0,3.52513861656189,53.1197447180748,3.74431729316711,5.20418366789818,1077.06181164086,2026.3065341711,31.9399678707123,826.873689129949,465.758125923574,195.954105570912,0,0,63.7190988510847,13.6136962771416,2722.79636269808,219.345452487469,33.5879400372505,0,181.978325262666,0,0,0,0,0,63.6736673563719,1194.93400608003,0,10.76751562953,2.76980799436569,0,0,5.08279849588871,2789.14740994573,353.114124089479,3888.24440728128,1063.09446173906,169.616505339742,4.27531468868256,3175.01508542895,0,0,0.583431094884872,0.812405824661255,2.42375159263611,1810.16335862875,4507.55826063454,0.762553185224533,313.153470799327,35.870409488678,4.3999046087265,18.2568585723639,202.219312630594,0.184872478246689,12.3904819190502,227.003242254257,760.971127822995,738.989140532911,1.51197464764118,222.328509420156,0.808592200279236,28.8209851235151,59.6013345271349,21.166117593646,119.567628063262,0.969360664486885,428.78502817452,49.4118461534381,54.3065877258778,271.413152784109,149.229079663754,313.958110071719,578.483617506921,8.03244225680828,33.9888796657324,1063.09446173906,5395.24104038626,3575.1954478547,875.284888520837,310.851018704474,2.45036280155182,49.4427211806178,656.53163626045,37.3398019000888,2859.74048192054,5.48087967932224,1749.6393298991,423.016046084464,115.602011613548,1789.57981794327,515.769779056311,0.912258803844452,36.6130364239216,1.56873801350594,27.2463375627995,7.93789467215538,266.450817629695,522.693175598979,0.940901666879654,101.859941184521,0,5.40244956314564,2.02438095211983,1.58101117610931,0.393989980220795,1.63744354248047,371.070657342672,6.77303698658943,21.3237417340279,82.7798132002354,33.2072585374117,34.6160278692842,1948.79479195178,2910.1572431922,3108.31899282336,169.616505339742,3575.1954478547,16159.9697352052,309.068989753723,2039.11264689267,2.62047225236893,54.0447123423219,1434.21654351056,46.8450493663549,2278.59571373463,422.9729475528,2439.20936177671,2783.1018890366,1282.73821918666,1732.46318976581,4753.21668845415,0,2.54875755310059,0,0,0,1.78416064381599,5.40786361694336,8.15046030282974,9.26869773864746,0,1.41854152083397,0,0,0,0,3.14881470799446,0,0,3.18037831783295,0,1148.36890795827,2622.17488451302,118.679516583681,107.655903697014,4.27531468868256,875.284888520837,309.068989753723,4737.30045193434,995.914201900363,2.57035887241364,2637.18501594663,55.7088870257139,20.9052760899067,223.125751525164,17.1175744980574,123.152993768454,23.8067544400692,418.620158612728,1418.9771450907,30.2070150077343,0,1.93521419167519,0.86263632774353,19.8322020918131,155.79827606678,117.51409098506,168.249895878136,3.38196659088135,562.077752321959,0,0,3.71300292015076,0,2.38550382852554,0.250936686992645,234.051943533123,3.59888127446175,8.05780091881752,525.634277418256,6.64164127409458,4.28545461595058,1395.69302139431,4176.01170200109,2200.68754895031,3175.01508542895,310.851018704474,2039.11264689267,995.914201900363,13715.2689295188,0,76.5853174775839,46.9702315256,7.87346431612968,35.2466540187597,1274.91958494484,2592.97625629231,53.0512861311436,7352.3830903843,4018.54515339434,223.49072676152,578.661687090993,0,0,0,0,0.679558396339417,0,0,0,1018.09641960263,0.283372044563293,2.81383466720581,160.913009062409,329.055957466364,0,0,118.332376018167,0,0,1.08147537708282,4038.50453567505,6.87016987800598,0,0,0,2.45036280155182,2.62047225236893,2.57035887241364,0,1714.22530078888,29.1512037068605,162.028632581234,1820.13582497835,1967.43368703127,0,0.0885423868894577,967.652621895075,0.178373426198959,0,0.614832520484924,0.742313653230667,0,0,0,0,0,0.215141445398331,0.675216346979141,0,0,2.69075079262257,0,0,0,0,0.983020186424255,0,0,0,0,3564.02263855934,1982.84351631254,33.7312579452991,3.52513861656189,0,49.4427211806178,54.0447123423219,2637.18501594663,76.5853174775839,29.1512037068605,4307.0498483777,401.347267858684,2443.29688501358,483.200327277184,2.68954746425152,4.86999798566103,55.1043049618602,142.646090492606,28.2439508512616,22.867603816092,0,0,0,0.20187184214592,0,6.89574706554413,13.5920085757971,0,0,0,0,0,0,3.23033690452576,0,2.15496689081192,2.06420016288757,2.28666830062866,2.90678822994232,0,1276.97691473365,3889.28634568304,9.05965784192085,53.1197447180748,0.583431094884872,656.53163626045,1434.21654351056,55.7088870257139,46.9702315256,162.028632581234,401.347267858684,8796.45723190904,1737.07848477364,2219.54217910767,7.45538747310638,104.561328038573,2950.96526107192,379.05612282455,67.0752466320992,3673.60977492481,0,0,0,0,0,0,0,0,0.242063969373703,104.156102359295,0,0,0,0,0,0,0,0,0,0,5387.19761537015,289.076013147831,1.27469781041145,3.74431729316711,0.812405824661255,37.3398019000888,46.8450493663549,20.9052760899067,7.87346431612968,1820.13582497835,2443.29688501358,1737.07848477364,7433.46004644036,1266.75310114771,0.170509308576584,12.4221904054284,1000.09714114666,22.4388342052698,5.01475448906422,13.6965955644846,77.8039867281914,0.750668451189995,0,0,0,24.46952290833,25.4321969747543,0,0,315.145076572895,0,17.0026369392872,34.2297263741493,713.006411641836,0,1.70232441276312,303.036192774773,0,1.75774788856506,0,3317.96167957038,526.145390920341,1.03892123699188,5.20418366789818,2.42375159263611,2859.74048192054,2278.59571373463,223.125751525164,35.2466540187597,1967.43368703127,483.200327277184,2219.54217910767,1266.75310114771,9717.34509537369,3.57434165477753,17.0887889489532,5221.40465375036,36.719339415431,216.31303371489,267.563321433961,0,0.166260108351707,1.26466679573059,0.208690196275711,42.6073101311922,0.80268931388855,1.8714107722044,0,0,0,0,0,0,0,2.65832310914993,16.2865804135799,0,1.56919157505035,0,0,0,12.0359797775745,8078.31466306746,1077.06181164086,1810.16335862875,5.48087967932224,422.9729475528,17.1175744980574,1274.91958494484,0,2.68954746425152,7.45538747310638,0.170509308576584,3.57434165477753,10954.8424943388,4278.94544205815,9.49184522032738,1361.03562583029,43.9916581809521,38.8195483237505,1.80225086212158,13.8409434407949,5.70674676448107,47.7131931781769,320.263894535601,570.920252144337,396.131035961211,1.01454484462738,142.630950517952,0,1.25749969482422,1.295106112957,2.04883114993572,1.48807586729527,4.30923363566399,768.818576406687,5.61593037843704,22.0686180070043,82.5551509931684,10.2253911495209,1.95439074188471,198.791366036981,1231.56679501012,2026.3065341711,4507.55826063454,1749.6393298991,2439.20936177671,123.152993768454,2592.97625629231,0.0885423868894577,4.86999798566103,104.561328038573,12.4221904054284,17.0887889489532,4278.94544205815,10357.8451392278,45.415972340852,858.699407357723,875.678595550358,123.975538078696,0,4.59942016005516,0,0,0,1.45230624079704,15.9755924642086,0,0,2.38723039627075,0,0,0,0,0,3.16549277305603,0,0,1.44551232457161,0,336.437813438475,273.11390312016,15.4530085176229,31.9399678707123,0.762553185224533,423.016046084464,2783.1018890366,23.8067544400692,53.0512861311436,967.652621895075,55.1043049618602,2950.96526107192,1000.09714114666,5221.40465375036,9.49184522032738,45.415972340852,4618.73960544914,144.467442959547,99.5398468226194,907.964335255325,0,1.90765357017517,0,0,4.94313588738441,4.563959389925,13.0755769833922,0,8.5253122895956,0,0,0,0,1.56150484085083,0,14.3414908647537,0,2.43039536476135,0.999965667724609,2.66901040077209,8.62300990521908,3645.7143561244,2411.46252916753,826.873689129949,313.153470799327,115.602011613548,1282.73821918666,418.620158612728,7352.3830903843,0.178373426198959,142.646090492606,379.05612282455,22.4388342052698,36.719339415431,1361.03562583029,858.699407357723,144.467442959547,4739.95936834812,489.545603960752,481.941196009517,10.3831224441528,1.04109740257263,0.220598116517067,4.27226975560188,0.829835295677185,111.940259918571,114.394116796553,86.0257244110107,990.964306220412,0,0.644492626190186,0,0,7.80668982863426,0,39.3057999312878,0.674035489559174,23.2977474629879,4095.79878897965,9.06914189457893,115.718385756016,389.95787730068,285.512178272009,465.758125923574,35.870409488678,1789.57981794327,1732.46318976581,1418.9771450907,4018.54515339434,0,28.2439508512616,67.0752466320992,5.01475448906422,216.31303371489,43.9916581809521,875.678595550358,99.5398468226194,489.545603960752,2435.53118249774,200.724273860455,0,2.61481907963753,1.93202412128448,2.05356508493423,0,9.30314919352531,47.9002733752131,0,2.7434446811676,0,0,2.58061099052429,0,0,0,13.9023098349571,0.372385531663895,0,1.44221574068069,4.21021589636803,12.363694742322,2616.99442262203,75.6287847459316,195.954105570912,4.3999046087265,515.769779056311,4753.21668845415,30.2070150077343,223.49072676152,0.614832520484924,22.867603816092,3673.60977492481,13.6965955644846,267.563321433961,38.8195483237505,123.975538078696,907.964335255325,481.941196009517,200.724273860455,4543.74760808796
