12233.8563756347,581.137001484632,0,2.27862751483917,0,186.021249890327,20.3425724804401,699.904452830553,1.10296356678009,2559.2713020891,2448.87298201025,1000.47534377873,11893.5438614935,1815.10202522576,0,4.85613384097815,665.449574798346,7.98765027523041,158.967415377498,9.40984609723091,2331.58523949981,0,0,0,0,0,0,0.27015021443367,0,517.258612424135,0,0,0,0,0,0.199529200792313,0,0,0,0,581.137001484632,38110.8575124294,560.885278224945,95.6446808576584,1.82831014692783,600.282560266554,1328.56472126395,2024.00963464379,1129.49099893868,1.33605259656906,3304.44999940693,2017.92058526725,920.563586205244,598.846376739442,5.88036902248859,377.831507660449,569.77897516638,4600.82692133635,258.59342777729,3874.70858967304,0,0,0,3.13473134487867,1.52049669623375,9.00984242558479,4.84797760844231,1.26161050796509,4.38339185714722,0,0,0,0,0,0,12.8833741992712,0,0,6.47097066044807,0,0,560.885278224945,13635.3954419643,714.339228063822,1839.56883634627,4.73319812119007,3862.30880855024,253.839047163725,2758.32872104645,0,14.3319206237793,8.5868955552578,0,0.682436361908913,9982.56524212658,2439.13135963678,3.96145284175873,1349.66929474473,5.31705129146576,133.201755076647,0,0.389554917812347,13.7178569436073,19.4064134508371,87.2875334471464,3.73331648111343,12.3965562582016,0,137.034322619438,0,0,0.327137619256973,0.144370704889297,0,1.59128601849079,32.4092743843794,0.768119275569916,16.7151835262775,3.42406392097473,0.651564940810204,2.27862751483917,95.6446808576584,714.339228063822,4077.19165702164,312.650779694319,30.4121477007866,4442.96708633006,33.2649988085032,656.270753741264,0,0.378738924860954,25.9263188838959,4.60605296492577,8.30539336800575,1941.00692164898,3204.41487870365,36.8085777163506,330.2771474123,123.889061272144,295.60792119056,0,0,7.45955669879913,76.9034378379583,93.8963664919138,40.8845646977425,45.3337367326021,0,148.336665973067,0,0,0,0,0.320354491472244,3.86219309270382,136.144229315221,0.261964112520218,16.7427923977375,20.6360661685467,1.23595017194748,0,1.82831014692783,1839.56883634627,312.650779694319,1934.74973271787,1308.14635367692,237.397046759725,8.47769090533257,1761.40908813477,0,0,3.3747773617506,0,0.949938058853149,994.030659630895,4678.98514737189,2.98783606290817,240.495453059673,25.5001770406961,11.4998751729727,0,0.364547550678253,53.3009243458509,133.33944195509,493.875704243779,44.9509073197842,46.7698545604944,2.76743412017822,445.397301733494,0,0.390647083520889,0.365616947412491,0,0.295396000146866,7.36713403463364,373.786052554846,0.960306316614151,69.1905899047852,9.33300639688969,7.91807632148266,186.021249890327,600.282560266554,4.73319812119007,30.4121477007866,1308.14635367692,4507.27353310585,2318.92727895826,260.765352673829,695.360652171075,1.48845291137695,7.62470492720604,366.051223576069,19.3210501670837,2278.38755196333,3.81431540846825,1565.64802847058,577.665825799108,47.6364820748568,372.72966684401,168.130916461349,0,0.228886216878891,0,5.39800921082497,11.0901563763618,56.6094578802586,27.449903011322,0.962832510471344,27.6017022281885,0,0,0,0,5.52943122386932,0,90.4492287933826,0.258201986551285,0.183287844061852,15.0073627829552,0.350634098052979,20.3425724804401,1328.56472126395,3862.30880855024,4442.96708633006,237.397046759725,2318.92727895826,27732.4952315092,213.443335555494,1772.48821216077,0,15.0859405994415,765.688292831182,27.679773285985,1098.07396411151,263.46698692441,4984.74363495409,3758.67316961288,1087.59272645414,892.214190505445,6523.00646736473,0,0.23627832531929,4.11713480949402,31.1360778063536,52.7503175735474,124.44127933681,88.3689500242472,0,88.2225381582975,0,0,1.14260697364807,0,1.43888032436371,9.31029918789864,228.958168029785,5.5979899764061,5.14406979084015,45.0212368965149,3.59325391054153,699.904452830553,2024.00963464379,253.839047163725,33.2649988085032,8.47769090533257,260.765352673829,213.443335555494,4194.33573488891,1941.43456034362,0,1487.92651039362,5.31431490182877,3.36084777116776,20.9452600926161,4.18353918194771,164.369390271604,15.5497852563858,1934.46320691705,978.28179384768,79.4350414201617,0,0,0,0.464036017656326,0.330793857574463,10.3045186549425,6.17161571979523,6.99051901698112,6.56707602739334,0,0,0,0,0,0,19.0270881354809,0,0,27.9980297386646,0,1.10296356678009,1129.49099893868,2758.32872104645,656.270753741264,1761.40908813477,695.360652171075,1772.48821216077,1941.43456034362,8299.73683099449,0,317.769135057926,57.2362569272518,4.08626972138882,103.811540991068,555.095736950636,2028.40583378822,277.17599144578,7987.67137873918,4616.02524730563,167.252453193069,0,0.269674718379974,5.32502834498882,57.7294578105211,112.776948332787,102.254321411252,61.8603097349405,12.2574127912521,283.396122962236,0,0,0,0,1.43873119354248,6.34458589553833,249.730488188565,0.339789718389511,13.9057561159134,171.661598831415,4.13363480567932,2559.2713020891,1.33605259656906,0,0,0,1.48845291137695,0,0,0,1519.7173512578,8.47892236709595,125.365593135357,2244.85051324964,907.420611411333,0,0,2263.53603717685,0,0,0,124.16005885601,0,0,0,0,0,0,0,0,330.238262578845,0,0,0,4.86601901054382,0,0,0,0,0,0,2448.87298201025,3304.44999940693,14.3319206237793,0.378738924860954,0,7.62470492720604,15.0859405994415,1487.92651039362,317.769135057926,8.47892236709595,7702.11541152,192.679202720523,2378.80400173366,113.888802349567,0,1.94070748239756,64.6389150768518,682.522213846445,11.9274049699306,4.11373554170132,1.31791421771049,0,0,0,0,0,0,0,0,0,0,0,0,0,0,0,0,0,3.10726428031921,0,1000.47534377873,2017.92058526725,8.5868955552578,25.9263188838959,3.3747773617506,366.051223576069,765.688292831182,5.31431490182877,57.2362569272518,125.365593135357,192.679202720523,8186.1824535802,2235.60127402842,3252.89087380469,2.68005053699017,81.0007530972362,2167.79456382245,52.426519215107,22.1022160425782,2213.50533355772,1.03142410516739,0,0,0.56523197889328,0,4.56838831305504,1.5212949514389,0,0,3.5425052344799,0,0,0,1.44472914934158,0,3.28993057459593,0,0,0,0,11893.5438614935,920.563586205244,0,4.60605296492577,0,19.3210501670837,27.679773285985,3.36084777116776,4.08626972138882,2244.85051324964,2378.80400173366,2235.60127402842,9091.45033574104,885.778323292732,0,6.89154299348593,1241.05101020634,18.7983151674271,1.31321594119072,23.0300116091967,377.258022502065,0,0,0,0,0,0,0,0,261.187836676836,0,0,0,0,0,0.379822224378586,0,0,0,0,1815.10202522576,598.846376739442,0.682436361908913,8.30539336800575,0.949938058853149,2278.38755196333,1098.07396411151,20.9452600926161,103.811540991068,907.420611411333,113.888802349567,3252.89087380469,885.778323292732,11531.0487983376,0,61.6947248131037,7986.22943845391,22.8912939727306,24.3540213704109,229.246529430151,20.6725177466869,0,0,0,0,3.98548671603203,0,0,0,43.9633622169495,0,0,0,386.680678755045,0,0.556869089603424,0,0,0,0,0,5.88036902248859,9982.56524212658,1941.00692164898,994.030659630895,3.81431540846825,263.46698692441,4.18353918194771,555.095736950636,0,0,2.68005053699017,0,0,9010.42952826619,4616.60706888139,0,318.614210262895,0.341673940420151,17.4333941936493,0,0,0.881880700588226,7.99475903809071,11.7113290131092,0.209065645933151,2.58639869093895,0,20.6323331445456,0,0,0,0,0,0.229792729020119,11.9245348721743,0,3.62518583238125,0,0,4.85613384097815,377.831507660449,2439.13135963678,3204.41487870365,4678.98514737189,1565.64802847058,4984.74363495409,164.369390271604,2028.40583378822,0,1.94070748239756,81.0007530972362,6.89154299348593,61.6947248131037,4616.60706888139,15826.3382440731,180.848496049643,727.606690093875,522.172622166574,468.870368026197,0,2.00193664431572,26.7736779153347,225.559480682015,230.765091881156,196.537491925061,184.578666225076,10.0399034023285,416.525398030877,0,0,1.12125849723816,0.59715348482132,3.54703523218632,7.26650276780128,870.965708479285,1.94627887010574,47.31731223315,83.9611455276608,22.8316051214933,665.449574798346,569.77897516638,3.96145284175873,36.8085777163506,2.98783606290817,577.665825799108,3758.67316961288,15.5497852563858,277.17599144578,2263.53603717685,64.6389150768518,2167.79456382245,1241.05101020634,7986.22943845391,0,180.848496049643,5564.34110678732,52.9188078939915,116.401522323489,923.22169098258,9.34021133184433,0,0,0,0,21.4859476834536,7.08217233419418,0,1.65320980548859,67.038731366396,0,0,0,117.069649010897,0,6.12844675779343,0,0,0.797948181629181,2.25945854187012,7.98765027523041,4600.82692133635,1349.66929474473,330.2771474123,240.495453059673,47.6364820748568,1087.59272645414,1934.46320691705,7987.67137873918,0,682.522213846445,52.426519215107,18.7983151674271,22.8912939727306,318.614210262895,727.606690093875,52.9188078939915,3419.77404221892,360.409713231027,276.933338806033,0,0,3.28175464272499,21.6438847184181,18.3858191817999,7.40487091243267,14.9996112883091,1.51061046123505,43.538911819458,0,0,2.46459293365479,0,0,1.0409469306469,44.0127463936806,0,4.07588222622871,7.79759073257446,1.92668358981609,158.967415377498,258.59342777729,5.31705129146576,123.889061272144,25.5001770406961,372.72966684401,892.214190505445,978.28179384768,4616.02524730563,0,11.9274049699306,22.1022160425782,1.31321594119072,24.3540213704109,0.341673940420151,522.172622166574,116.401522323489,360.409713231027,3577.86487436295,160.959270223975,0.728380382061005,7.10137633979321,4.0421182513237,72.1539681255817,2.26135236024857,374.557371616364,117.561326995492,135.964076384902,372.718010276556,0,1.6541396677494,5.2103385925293,0,1.70886805653572,0.621722146868706,204.060938708484,3.04549813270569,16.8205401599407,4520.86443258822,24.4982316643,9.40984609723091,3874.70858967304,133.201755076647,295.60792119056,11.4998751729727,168.130916461349,6523.00646736473,79.4350414201617,167.252453193069,0,4.11373554170132,2213.50533355772,23.0300116091967,229.246529430151,17.4333941936493,468.870368026197,923.22169098258,276.933338806033,160.959270223975,3932.65291853249,0,0,1.30612945556641,1.76990965008736,0.450456485152245,7.42778947949409,4.63131618499756,0,3.54859602451324,0,0,0,0,0,0,20.4843324571848,0,0,0,0,2331.58523949981,0,0,0,0,0,0,0,0,124.16005885601,1.31791421771049,1.03142410516739,377.258022502065,20.6725177466869,0,0,9.34021133184433,0,0.728380382061005,0,18079.3219663799,432.892528392375,0.510098457336426,7.73499102890491,0.483957350254059,364.971165753901,238.195326916873,473.905242815614,10.3527283668518,3313.60166242719,2840.66218750924,541.905957758427,8188.02315083146,3497.12417563796,0,41.8427932187915,578.594326257706,37.973401427269,25.3970712423325,85.0197022557259,0,0,0.389554917812347,0,0.364547550678253,0.228886216878891,0.23627832531929,0,0.269674718379974,0,0,0,0,0,0,2.00193664431572,0,0,7.10137633979321,0,432.892528392375,31757.675915949,1192.53786420822,32.2510327547789,0.525310531258583,205.0024940148,1945.60717091709,3236.97969399393,836.513092190027,3.64506401121616,3492.37856403738,2098.58211643994,1140.99530207366,431.002846844494,2.67804978787899,130.915032505989,387.470772370696,4126.69611154497,250.265602000058,3153.85836984217,0,0,13.7178569436073,7.45955669879913,53.3009243458509,0,4.11713480949402,0,5.32502834498882,0,0,0,0,0,0.881880700588226,26.7736779153347,0,3.28175464272499,4.0421182513237,1.30612945556641,0.510098457336426,1192.53786420822,15034.4293926209,1031.98430795968,1817.9739433229,13.6785345822573,3406.0915107578,223.998320311308,3633.95966307819,0,15.5401144623756,3.71801747381687,0.554537504911423,0.41679460555315,9555.0447550863,1880.89390138537,19.7053553462029,1182.15934771299,74.4874628335238,61.415913939476,0,3.13473134487867,19.4064134508371,76.9034378379583,133.33944195509,5.39800921082497,31.1360778063536,0.464036017656326,57.7294578105211,0,0,0.56523197889328,0,0,7.99475903809071,225.559480682015,0,21.6438847184181,72.1539681255817,1.76990965008736,7.73499102890491,32.2510327547789,1031.98430795968,3419.28084628284,370.046964794397,67.5208091363311,3469.87204703689,119.750121355057,1238.50993603468,0,11.9649848788977,26.3374396413565,2.72323240339756,9.18269988894463,1249.93884421885,3499.59449399263,93.2373430728912,339.504372239113,473.077580273151,405.600719854236,0,1.52049669623375,87.2875334471464,93.8963664919138,493.875704243779,11.0901563763618,52.7503175735474,0.330793857574463,112.776948332787,0,0,0,0,0,11.7113290131092,230.765091881156,0,18.3858191817999,2.26135236024857,0.450456485152245,0.483957350254059,0.525310531258583,1817.9739433229,370.046964794397,3085.95179340243,1407.26769980788,179.423086374998,2.75934082269669,3860.44354869425,0,0.469483852386475,0.689449176192284,0.147781476378441,4.64174684882164,1128.29450316727,3963.62677560747,4.87937477231026,303.683765217662,51.7288678139448,17.2580176889896,0,9.00984242558479,3.73331648111343,40.8845646977425,44.9509073197842,56.6094578802586,124.44127933681,10.3045186549425,102.254321411252,0,0,4.56838831305504,0,3.98548671603203,0.209065645933151,196.537491925061,21.4859476834536,7.40487091243267,374.557371616364,7.42778947949409,364.971165753901,205.0024940148,13.6785345822573,67.5208091363311,1407.26769980788,5137.17670653015,2371.52815849334,1603.07838758826,828.083277791739,11.5993223935366,61.7006751894951,86.234373472631,58.0203001946211,1893.21995831281,11.7336491793394,2250.03924794495,399.474650129676,153.800479449332,511.107926800847,209.961608827114,0,4.84797760844231,12.3965562582016,45.3337367326021,46.7698545604944,27.449903011322,88.3689500242472,6.17161571979523,61.8603097349405,0,0,1.5212949514389,0,0,2.58639869093895,184.578666225076,7.08217233419418,14.9996112883091,117.561326995492,4.63131618499756,238.195326916873,1945.60717091709,3406.0915107578,3469.87204703689,179.423086374998,2371.52815849334,25495.544271186,292.453933015466,1625.11042016745,12.2530760318041,161.268794417381,706.115936785936,175.299964770675,1877.63566505909,320.130250632763,4124.42110425979,4857.76799055189,1291.52166654915,1676.65554311126,7287.70291688293,0.27015021443367,1.26161050796509,0,0,2.76743412017822,0.962832510471344,0,6.99051901698112,12.2574127912521,0,0,0,0,0,0,10.0399034023285,0,1.51061046123505,135.964076384902,0,473.905242815614,3236.97969399393,223.998320311308,119.750121355057,2.75934082269669,1603.07838758826,292.453933015466,5607.0628900826,2230.81024640799,0,2670.59366847575,27.6367502659559,10.3508979976177,180.448319673538,4.68938593566418,137.407939948142,29.2487325072289,1721.69982910156,953.986988693476,137.272893339396,0,4.38339185714722,137.034322619438,148.336665973067,445.397301733494,27.6017022281885,88.2225381582975,6.56707602739334,283.396122962236,0,0,0,0,0,20.6323331445456,416.525398030877,1.65320980548859,43.538911819458,372.718010276556,3.54859602451324,10.3527283668518,836.513092190027,3633.95966307819,1238.50993603468,3860.44354869425,828.083277791739,1625.11042016745,2230.81024640799,9021.37738862634,0.186551555991173,152.756024256349,21.7917713075876,4.60063919425011,68.2884238958359,806.749865442514,2573.03272861987,150.194380089641,6153.23865401,4188.18737173826,250.760994121432,517.258612424135,0,0,0,0,0,0,0,0,330.238262578845,0,3.5425052344799,261.187836676836,43.9633622169495,0,0,67.038731366396,0,0,0,3313.60166242719,3.64506401121616,0,0,0,11.5993223935366,12.2530760318041,0,0.186551555991173,2220.67340534925,9.87837097048759,82.2165345996618,1857.1484041512,1650.3469183147,0,0.939501620829105,1008.35166832805,0.7826127409935,1.0610513240099,3.99789988994598,0,0,0,0,0.390647083520889,0,0,0,0,0,0,0,0,0,0,0,0,0,1.6541396677494,0,2840.66218750924,3492.37856403738,15.5401144623756,11.9649848788977,0.469483852386475,61.7006751894951,161.268794417381,2670.59366847575,152.756024256349,9.87837097048759,7088.33142951876,141.244343161583,1424.34805611521,231.21673271805,0.168407678604126,39.0337933152914,113.509642854333,465.458430409431,31.1818509250879,102.984891757369,0,0,0.327137619256973,0,0.365616947412491,0,1.14260697364807,0,0,0,0,0,0,0,0,1.12125849723816,0,2.46459293365479,5.2103385925293,0,541.905957758427,2098.58211643994,3.71801747381687,26.3374396413565,0.689449176192284,86.234373472631,706.115936785936,27.6367502659559,21.7917713075876,82.2165345996618,141.244343161583,9659.25651422143,1968.40158496052,1663.65614589304,0.470736935734749,81.8234589472413,3966.32624646276,152.314092710614,68.4950474202633,2300.39757153392,0,0,0.144370704889297,0,0,0,0,0,0,0,0,0,0,0,0,0.59715348482132,0,0,0,0,8188.02315083146,1140.99530207366,0.554537504911423,2.72323240339756,0.147781476378441,58.0203001946211,175.299964770675,10.3508979976177,4.60063919425011,1857.1484041512,1424.34805611521,1968.40158496052,7385.20692925155,2162.08571496606,0.141114607453346,26.2749836146832,1073.02206638455,10.0473656058311,6.53740866482258,71.5184946209192,0,0,0,0.320354491472244,0.295396000146866,5.52943122386932,1.43888032436371,0,1.43873119354248,4.86601901054382,0,1.44472914934158,0,386.680678755045,0,3.54703523218632,117.069649010897,0,1.70886805653572,0,3497.12417563796,431.002846844494,0.41679460555315,9.18269988894463,4.64174684882164,1893.21995831281,1877.63566505909,180.448319673538,68.2884238958359,1650.3469183147,231.21673271805,1663.65614589304,2162.08571496606,11900.4988120049,1.10439251363277,141.536319352686,5466.48864216357,79.4318608939648,74.2359075993299,212.397762537003,0,0,1.59128601849079,3.86219309270382,7.36713403463364,0,9.31029918789864,0,6.34458589553833,0,0,0,0,0,0.229792729020119,7.26650276780128,0,1.0409469306469,0.621722146868706,0,0,2.67804978787899,9555.0447550863,1249.93884421885,1128.29450316727,11.7336491793394,320.130250632763,4.68938593566418,806.749865442514,0,0.168407678604126,0.470736935734749,0.141114607453346,1.10439251363277,5435.30675578117,4001.65743290633,7.92169095575809,684.425899296999,38.8382628858089,14.6221141070127,0.199529200792313,12.8833741992712,32.4092743843794,136.144229315221,373.786052554846,90.4492287933826,228.958168029785,19.0270881354809,249.730488188565,0,0,3.28993057459593,0.379822224378586,0.556869089603424,11.9245348721743,870.965708479285,6.12844675779343,44.0127463936806,204.060938708484,20.4843324571848,41.8427932187915,130.915032505989,1880.89390138537,3499.59449399263,3963.62677560747,2250.03924794495,4124.42110425979,137.407939948142,2573.03272861987,0.939501620829105,39.0337933152914,81.8234589472413,26.2749836146832,141.536319352686,4001.65743290633,15555.6018281877,182.634687244892,808.216574631631,1121.55300479382,360.904064208269,0,0,0.768119275569916,0.261964112520218,0.960306316614151,0.258201986551285,5.5979899764061,0,0.339789718389511,0,0,0,0,0,0,1.94627887010574,0,0,3.04549813270569,0,578.594326257706,387.470772370696,19.7053553462029,93.2373430728912,4.87937477231026,399.474650129676,4857.76799055189,29.2487325072289,150.194380089641,1008.35166832805,113.509642854333,3966.32624646276,1073.02206638455,5466.48864216357,7.92169095575809,182.634687244892,7109.57260662317,152.488812476397,193.037273049355,791.159565538168,0,0,16.7151835262775,16.7427923977375,69.1905899047852,0.183287844061852,5.14406979084015,0,13.9057561159134,0,0,0,0,0,3.62518583238125,47.31731223315,0,4.07588222622871,16.8205401599407,0,37.973401427269,4126.69611154497,1182.15934771299,339.504372239113,303.683765217662,153.800479449332,1291.52166654915,1721.69982910156,6153.23865401,0.7826127409935,465.458430409431,152.314092710614,10.0473656058311,79.4318608939648,684.425899296999,808.216574631631,152.488812476397,3455.6770875603,1292.25355969369,422.066967576742,0,6.47097066044807,3.42406392097473,20.6360661685467,9.33300639688969,15.0073627829552,45.0212368965149,27.9980297386646,171.661598831415,0,3.10726428031921,0,0,0,0,83.9611455276608,0.797948181629181,7.79759073257446,4520.86443258822,0,25.3970712423325,250.265602000058,74.4874628335238,473.077580273151,51.7288678139448,511.107926800847,1676.65554311126,953.986988693476,4188.18737173826,1.0610513240099,31.1818509250879,68.4950474202633,6.53740866482258,74.2359075993299,38.8382628858089,1121.55300479382,193.037273049355,1292.25355969369,2275.6413513422,496.410762324929,0,0,0.651564940810204,1.23595017194748,7.91807632148266,0.350634098052979,3.59325391054153,0,4.13363480567932,0,0,0,0,0,0,22.8316051214933,2.25945854187012,1.92668358981609,24.4982316643,0,85.0197022557259,3153.85836984217,61.415913939476,405.600719854236,17.2580176889896,209.961608827114,7287.70291688293,137.272893339396,250.760994121432,3.99789988994598,102.984891757369,2300.39757153392,71.5184946209192,212.397762537003,14.6221141070127,360.904064208269,791.159565538168,422.066967576742,496.410762324929,3745.48812034726
