9954.50796307623,871.207598306239,0.45678998529911,0,0,298.743788048625,5.28874316811562,938.00085106492,6.26104708015919,1375.54083365202,2770.30210001767,455.959695830941,5179.88127480447,4260.65950246155,0,3.70842146873474,365.871781632304,20.7875751703978,188.149463236332,8.32824249565601,1975.52171388268,0,0,0,0,2.37462708353996,0,7.19732391834259,0,660.971726804972,1.66758346557617,3.23116537928581,5.81510952115059,409.686933070421,0,0,0,0,0,0,871.207598306239,33164.3881530538,2076.90083272755,34.9930649921298,2.92342765629292,205.667342565954,2879.82859501243,2214.65490819514,769.670668207109,0.823413759469986,2622.71248313785,2970.00885775685,497.080613128841,279.19958499074,6.27498678863049,184.100117854774,361.632456727326,5518.10906089842,237.133753582835,4081.32636870444,0,0,0,0,2.64156186580658,0.881213486194611,0,0,4.61579814553261,0,0,0,0,1.45912593603134,0,0.614815980195999,0,0,0,0,0.45678998529911,2076.90083272755,13792.3554028124,1119.8974583894,2059.39950889349,54.7068450450897,2438.14050678164,243.308613017201,2734.63684545457,0,82.2497200369835,6.80147901177406,0,1.65647277235985,9310.47115038335,2644.25015616417,9.18454253673553,5221.97596263885,30.7115583568811,73.6062676310539,0,0,6.88959601521492,0.134627968072891,101.125215739012,6.68331636488438,0.185679465532303,0,29.8314861804247,0,0,0,0,0,1.77308347821236,36.6557941585779,0,0,0,0,0,34.9930649921298,1119.8974583894,2632.68885822594,304.909796625376,306.049515604973,4107.28249212354,0,766.935337454081,0,0,12.3613754957914,0.474254488945007,4.12488870322704,2102.95740067959,2672.32317262143,14.7718979865313,416.889775142074,103.426168814301,63.2777249366045,0,0,0.385242596268654,3.39530132710934,201.921102695167,38.4482950717211,4.17103591561317,0,75.7412070631981,0,0,0.179687917232513,0,0,7.1036661863327,103.870395600796,0,0.503720372915268,0,0,0,2.92342765629292,2059.39950889349,304.909796625376,3011.5319602564,582.278285861015,102.473825484514,0,1756.02241328359,0,0,0.445698767900467,0,0,1304.16589795053,3146.42976028472,0,109.824655652046,13.0163385421038,1.36033806204796,0.162957206368446,0,43.471473544836,8.97835223376751,1479.98947580904,76.1179551482201,6.36833338439465,0,986.544813469052,0,0,0,0,0,85.9722380042076,374.443974912167,0,2.32199777662754,0,0.414491787552834,298.743788048625,205.667342565954,54.7068450450897,306.049515604973,582.278285861015,4271.60111156106,3635.9692036435,190.395502537489,1074.90591280162,2.89082685112953,8.80845865607262,236.583465754986,27.1668984591961,2829.58906687051,23.8839305043221,3363.5458696261,315.139835961163,160.758332684636,1081.43994255364,291.31665559113,9.54116761684418,2.51811835169792,1.62246906757355,27.9947198778391,123.007297508419,1602.44886957109,58.3232159465551,0,156.779202729464,4.70964342355728,0,0,0.424842447042465,162.462130248547,1.34681767225266,404.716423630714,1.07147490978241,2.07710602879524,197.189791172743,3.561045140028,5.28874316811562,2879.82859501243,2438.14050678164,4107.28249212354,102.473825484514,3635.9692036435,20634.2619296461,2.22969573736191,2103.37048493326,0,7.72050370275974,746.694963462651,8.73004575073719,1612.77314107865,465.733708351851,3433.54228063673,2493.19427513331,1750.48116610199,676.535205513239,5183.92562053353,0,0,0,18.7980596721172,90.0799120217562,126.787947267294,161.201240494847,0,37.9974621385336,0,0,0,0,15.97668415308,0.899612128734589,290.889068156481,0,1.79025089740753,0,0.994706332683563,938.00085106492,2214.65490819514,243.308613017201,0,0,190.395502537489,2.22969573736191,2557.00433805585,964.010373666883,0,2465.19789901376,25.0207791924477,45.2518683075905,144.85946932435,0,0.360029131174088,5.90536892414093,735.409314274788,533.767826527357,2.30878421664238,4.53236821293831,0,0,0,0,0,0,6.80901300907135,0,0.387915372848511,0,0,0,1.07628747820854,0,0,0,0,2.53459453582764,0,6.26104708015919,769.670668207109,2734.63684545457,766.935337454081,1756.02241328359,1074.90591280162,2103.37048493326,964.010373666883,9982.57275368273,0,22.0413302183151,85.17789041996,0,47.5880844444036,362.08662930131,1477.70568998903,88.8690677881241,3819.2616994977,6478.28285172582,217.918040007353,0,0,3.87725278735161,7.48334002494812,320.015886776149,102.22990719974,3.2008610367775,0,259.84181343019,0,0,0,0,0,8.92770187556744,121.33798097074,0,0,169.808656841516,0,1375.54083365202,0.823413759469986,0,0,0,2.89082685112953,0,0,0,450.235818251967,4.28882175683975,60.122280985117,431.576057419181,1086.19851543009,0,0,743.72704204917,0,0,0,196.883690834045,0,0,0,0,0,0,0,0,295.967574432492,0,0.471254229545593,0,119.43664637208,0,0,0,0,0,0,2770.30210001767,2622.71248313785,82.2497200369835,0,0,8.80845865607262,7.72050370275974,2465.19789901376,22.0413302183151,4.28882175683975,4953.67405450344,103.642019584775,866.648259699345,175.604232922196,0,0,28.9018061608076,528.416889578104,9.19804558157921,3.06437176465988,9.580960303545,0,0,0,0,0,0,0,0,2.51006466150284,0,0,0,1.13125863671303,0,0,0,0,0,0,455.959695830941,2970.00885775685,6.80147901177406,12.3613754957914,0.445698767900467,236.583465754986,746.694963462651,25.0207791924477,85.17789041996,60.122280985117,103.642019584775,10477.0311305523,1338.95595569909,2582.93792386353,1.37019154429436,52.5468779057264,4454.08551110327,261.352223858237,27.7786439657211,3545.74850103259,3.46586456894875,0,0,0,2.37978172302246,2.78614991903305,0,0,0,5.0150181055069,0,0,0,6.2787830978632,0,2.00764566659927,0,0,0,0,5179.88127480447,497.080613128841,0,0.474254488945007,0,27.1668984591961,8.73004575073719,45.2518683075905,0,431.576057419181,866.648259699345,1338.95595569909,3438.99055048823,987.54297298193,0,0,622.119972214103,10.9184613525867,1.41081258654594,15.7296157926321,161.963341057301,0,0,0,0,0.410185545682907,0,0,0,70.3733350336552,0,0,0,24.66501557827,0,0,0,0,0,0,4260.65950246155,279.19958499074,1.65647277235985,4.12488870322704,0,2829.58906687051,1612.77314107865,144.85946932435,47.5880844444036,1086.19851543009,175.604232922196,2582.93792386353,987.54297298193,12003.0855330974,0.273207724094391,32.6526804417372,6020.03986766189,22.4713464081287,94.7083007991314,180.265663072467,519.877003312111,0,0,0,0.528332352638245,62.1734727323055,15.901233881712,0,0,719.174913764,0,5.36443050205708,6.8425684273243,2285.2170330584,0,1.88988757133484,10.4423215687275,0,0,0,0,6.27498678863049,9310.47115038335,2102.95740067959,1304.16589795053,23.8839305043221,465.733708351851,0,362.08662930131,0,0,1.37019154429436,0,0.273207724094391,12488.908463791,7457.13336603343,2.51628291606903,403.032115310431,9.70214891433716,12.1330259293318,0,0,6.6045189499855,1.04835039377213,98.8270702213049,5.14969252049923,0,0,12.5419179201126,0,0,0,0,0,2.52979232370853,33.47823959589,0,0,0,0,3.70842146873474,184.100117854774,2644.25015616417,2672.32317262143,3146.42976028472,3363.5458696261,3433.54228063673,0.360029131174088,1477.70568998903,0,0,52.5468779057264,0,32.6526804417372,7457.13336603343,14858.0050429925,61.7568807974458,708.957781374454,337.32766161859,195.519709996879,0,0.279022827744484,8.17098081111908,39.5572080016136,1373.41179770231,456.56892452389,123.647088818252,0,228.692841388285,0,0,0,0,1.14600360393524,26.2703076973557,1661.01343388855,2.53133192658424,5.94286048412323,0.997906818985939,1.97881132364273,365.871781632304,361.632456727326,9.18454253673553,14.7718979865313,0,315.139835961163,2493.19427513331,5.90536892414093,88.8690677881241,743.72704204917,28.9018061608076,4454.08551110327,622.119972214103,6020.03986766189,2.51628291606903,61.7568807974458,3706.64706200361,131.364995449781,21.9912760704756,1125.47395849973,22.8601802289486,0,0,0,2.21892952919006,1.66923934221268,0,0,1.21831393241882,27.1595493108034,0,0,0.298046410083771,60.6875965297222,0,0.29698121547699,1.15470027923584,0,0,0,20.7875751703978,5518.10906089842,5221.97596263885,416.889775142074,109.824655652046,160.758332684636,1750.48116610199,735.409314274788,3819.2616994977,0,528.416889578104,261.352223858237,10.9184613525867,22.4713464081287,403.032115310431,708.957781374454,131.364995449781,6357.37235730886,543.431067436934,538.663865312934,0,0,0,4.19043081998825,50.1292482167482,14.3674187660217,0,0,32.71781077981,0,0,0,0,0,0.205751448869705,35.261226952076,0,0,0.348620623350143,0,188.149463236332,237.133753582835,30.7115583568811,103.426168814301,13.0163385421038,1081.43994255364,676.535205513239,533.767826527357,6478.28285172582,0,9.19804558157921,27.7786439657211,1.41081258654594,94.7083007991314,9.70214891433716,337.32766161859,21.9912760704756,543.431067436934,3769.11027826369,62.3133782446384,0,0,0,1.58112779259682,7.48403826355934,161.328977912664,0.402001470327377,63.807234287262,572.165256664157,0,0,0,0,0,0.155773192644119,19.3362773507833,0,1.25375390052795,1649.83757632971,0,8.32824249565601,4081.32636870444,73.6062676310539,63.2777249366045,1.36033806204796,291.31665559113,5183.92562053353,2.30878421664238,217.918040007353,0,3.06437176465988,3545.74850103259,15.7296157926321,180.265663072467,12.1330259293318,195.519709996879,1125.47395849973,538.663865312934,62.3133782446384,8327.43302342296,0,0,0,0,4.97682210803032,1.75741863250732,0,0,2.85786128044128,0,0,0,0,0.266974419355392,0,3.33392634987831,0,0,0,0,1975.52171388268,0,0,0,0.162957206368446,9.54116761684418,0,4.53236821293831,0,196.883690834045,9.580960303545,3.46586456894875,161.963341057301,519.877003312111,0,0,22.8601802289486,0,0,0,12517.6952442378,905.440009132028,0.131851568818092,0,0,855.624384269118,78.5711851045489,1890.25300472975,0.38211415708065,2024.15271353722,3562.42182534933,1592.2620863691,7005.97532126307,5645.05727380514,0,2.74524000287056,245.69193251431,24.7482339441776,255.450408726931,28.2910083830357,0,0,0,0,0,2.51811835169792,0,0,0,0,0,0,0,0,0,0.279022827744484,0,0,0,0,905.440009132028,30550.3382315114,953.974697887897,21.9889699816704,2.29215541481972,44.5450645238161,2093.69110266864,3607.22237606347,636.390059806406,0,2117.26524934173,2994.21501598507,456.869009405375,75.5623356103897,5.60095447301865,156.178381450474,232.96246676892,3901.04685366154,104.538733094931,4615.035875462,0,0,6.88959601521492,0.385242596268654,43.471473544836,1.62246906757355,0,0,3.87725278735161,0,0,0,0,0,6.6045189499855,8.17098081111908,0,0,0,0,0.131851568818092,953.974697887897,16266.9022483677,966.704224601388,2333.24268494546,20.653272241354,2815.21362106502,406.743889898062,2863.73738628626,0,23.7398575544357,29.8092177659273,0,11.569911301136,9606.69591231644,2192.3696314171,34.7389967292547,5455.35956923664,25.4528435617685,296.546782597899,0,0,0.134627968072891,3.39530132710934,8.97835223376751,27.9947198778391,18.7980596721172,0,7.48334002494812,0,0,0,0,0,1.04835039377213,39.5572080016136,0,4.19043081998825,1.58112779259682,0,0,21.9889699816704,966.704224601388,2702.91482289135,135.113318264484,285.434249669313,2759.2131004706,1.67087781429291,1089.81461015344,0,0,27.5828727781773,0,8.38210298120975,1291.11898717284,3547.96184655279,22.1949682235718,519.283065460622,121.51895186305,184.185801669955,0,2.64156186580658,101.125215739012,201.921102695167,1479.98947580904,123.007297508419,90.0799120217562,0,320.015886776149,0,0,2.37978172302246,0,0.528332352638245,98.8270702213049,1373.41179770231,2.21892952919006,50.1292482167482,7.48403826355934,4.97682210803032,0,2.29215541481972,2333.24268494546,135.113318264484,3890.56030762196,450.41056728363,97.6500764340162,0,1311.60331331193,0,0,2.29690724611282,0,9.39001666009426,1213.45447663963,5039.34565263987,6.91399183869362,198.863340377808,1.15220594406128,7.01677416265011,2.37462708353996,0.881213486194611,6.68331636488438,38.4482950717211,76.1179551482201,1602.44886957109,126.787947267294,0,102.22990719974,0,0,2.78614991903305,0.410185545682907,62.1734727323055,5.14969252049923,456.56892452389,1.66923934221268,14.3674187660217,161.328977912664,1.75741863250732,855.624384269118,44.5450645238161,20.653272241354,285.434249669313,450.41056728363,6028.38331998885,2677.53093697131,397.096264690161,1083.13758403063,4.08727675676346,2.28910517692566,153.183148115873,18.2068915367126,3487.65785866976,15.5666741728783,3274.22497091442,504.316673114896,137.88561809063,1139.42631606758,244.007194161415,0,0,0.185679465532303,4.17103591561317,6.36833338439465,58.3232159465551,161.201240494847,0,3.2008610367775,0,0,0,0,15.901233881712,0,123.647088818252,0,0,0.402001470327377,0,78.5711851045489,2093.69110266864,2815.21362106502,2759.2131004706,97.6500764340162,2677.53093697131,18774.3003900349,1.85252112150192,1444.57970046997,0.251902788877487,4.52164879441261,1091.6262299493,11.3041487261653,2390.70328854769,441.942952662706,2917.99333433062,4911.03828359395,1964.46014633775,324.071067914367,6091.78515268117,7.19732391834259,0,0,0,0,0,0,6.80901300907135,0,0,0,0,0,0,0,0,0,0,63.807234287262,0,1890.25300472975,3607.22237606347,406.743889898062,1.67087781429291,0,397.096264690161,1.85252112150192,5639.02460604906,552.76930077374,0.52074408531189,2393.2312913537,31.1032642424107,32.8093893229961,334.79391938448,0,1.81691862642765,3.12548121809959,285.80164322257,629.994769990444,0.190309584140778,0,4.61579814553261,29.8314861804247,75.7412070631981,986.544813469052,156.779202729464,37.9974621385336,0,259.84181343019,0,0,0,0,0,12.5419179201126,228.692841388285,1.21831393241882,32.71781077981,572.165256664157,2.85786128044128,0.38211415708065,636.390059806406,2863.73738628626,1089.81461015344,1311.60331331193,1083.13758403063,1444.57970046997,552.76930077374,8662.47167514265,0,4.15275090932846,68.7908530235291,0,74.3211109936237,554.389707371593,1861.44309414923,99.8160197883844,3626.21840526164,4809.42638000846,382.300450891256,660.971726804972,0,0,0,0,4.70964342355728,0,0.387915372848511,0,295.967574432492,2.51006466150284,5.0150181055069,70.3733350336552,719.174913764,0,0,27.1595493108034,0,0,0,2024.15271353722,0,0,0,0,4.08727675676346,0.251902788877487,0.52074408531189,0,724.970620691776,3.33607825636864,18.1638402342796,907.123656898737,2267.84773996472,0,0,441.790909558535,0,0,0,1.66758346557617,0,0,0,0,0,0,0,0,0,0,0,0,0,0,0,0,0,0,0,3562.42182534933,2117.26524934173,23.7398575544357,0,0,2.28910517692566,4.52164879441261,2393.2312913537,4.15275090932846,3.33607825636864,3764.84842827916,36.1760838478804,1346.21452394128,82.064759105444,0,0,1.63629344105721,177.869496196508,1.02141553163528,0,3.23116537928581,0,0,0.179687917232513,0,0,0,0,0,0.471254229545593,0,0,0,5.36443050205708,0,0,0,0,0,0,1592.2620863691,2994.21501598507,29.8092177659273,27.5828727781773,2.29690724611282,153.183148115873,1091.6262299493,31.1032642424107,68.7908530235291,18.1638402342796,36.1760838478804,12284.6052724421,1774.02516025305,2468.91339938343,8.14247918128967,140.477821581066,5110.10798603296,98.3563411235809,8.24077278375626,4063.61212638766,5.81510952115059,0,0,0,0,0.424842447042465,0,0,0,0,0,0,0,6.8425684273243,0,0,0.298046410083771,0,0,0,7005.97532126307,456.869009405375,0,0,0,18.2068915367126,11.3041487261653,32.8093893229961,0,907.123656898737,1346.21452394128,1774.02516025305,3008.79957360029,1923.58447660506,0,0.172819390892982,338.978003963828,0.239326164126396,1.02480271458626,5.96337297558784,409.686933070421,1.45912593603134,0,0,0,162.462130248547,15.97668415308,1.07628747820854,0,119.43664637208,1.13125863671303,6.2787830978632,24.66501557827,2285.2170330584,0,1.14600360393524,60.6875965297222,0,0,0.266974419355392,5645.05727380514,75.5623356103897,11.569911301136,8.38210298120975,9.39001666009426,3487.65785866976,2390.70328854769,334.79391938448,74.3211109936237,2267.84773996472,82.064759105444,2468.91339938343,1923.58447660506,21505.1971693337,6.45642261207104,136.104170620441,5548.82018963993,22.7493425011635,330.438260376453,189.706986263394,0,0,1.77308347821236,7.1036661863327,85.9722380042076,1.34681767225266,0.899612128734589,0,8.92770187556744,0,0,0,0,0,2.52979232370853,26.2703076973557,0,0.205751448869705,0.155773192644119,0,0,5.60095447301865,9606.69591231644,1291.11898717284,1213.45447663963,15.5666741728783,441.942952662706,0,554.389707371593,0,0,8.14247918128967,0,6.45642261207104,13566.8557035998,8025.00177181512,12.2387481331825,795.71449676156,10.261360257864,85.6628439277411,0,0.614815980195999,36.6557941585779,103.870395600796,374.443974912167,404.716423630714,290.889068156481,0,121.33798097074,0,0,2.00764566659927,0,1.88988757133484,33.47823959589,1661.01343388855,0.29698121547699,35.261226952076,19.3362773507833,3.33392634987831,2.74524000287056,156.178381450474,2192.3696314171,3547.96184655279,5039.34565263987,3274.22497091442,2917.99333433062,1.81691862642765,1861.44309414923,0,0,140.477821581066,0.172819390892982,136.104170620441,8025.00177181512,20003.2827084884,160.935583345592,969.49051078409,326.040017180145,610.221567057073,0,0,0,0,0,1.07147490978241,0,0,0,0,0,0,0,10.4423215687275,0,2.53133192658424,1.15470027923584,0,0,0,245.69193251431,232.96246676892,34.7389967292547,22.1949682235718,6.91399183869362,504.316673114896,4911.03828359395,3.12548121809959,99.8160197883844,441.790909558535,1.63629344105721,5110.10798603296,338.978003963828,5548.82018963993,12.2387481331825,160.935583345592,5715.54217812419,57.6208597719669,7.87977021932602,1352.01348917186,0,0,0,0.503720372915268,2.32199777662754,2.07710602879524,1.79025089740753,0,0,0,0,0,0,0,0,5.94286048412323,0,0,1.25375390052795,0,24.7482339441776,3901.04685366154,5455.35956923664,519.283065460622,198.863340377808,137.88561809063,1964.46014633775,285.80164322257,3626.21840526164,0,177.869496196508,98.3563411235809,0.239326164126396,22.7493425011635,795.71449676156,969.49051078409,57.6208597719669,5726.0479182601,913.671059980989,630.239994257689,0,0,0,0,0,197.189791172743,0,2.53459453582764,169.808656841516,0,0,0,0,0,0,0.997906818985939,0,0.348620623350143,1649.83757632971,0,255.450408726931,104.538733094931,25.4528435617685,121.51895186305,1.15220594406128,1139.42631606758,324.071067914367,629.994769990444,4809.42638000846,0,1.02141553163528,8.24077278375626,1.02480271458626,330.438260376453,10.261360257864,326.040017180145,7.87977021932602,913.671059980989,2615.24527394772,49.0134909152985,0,0,0,0,0.414491787552834,3.561045140028,0.994706332683563,0,0,0,0,0,0,0,0,1.97881132364273,0,0,0,0,28.2910083830357,4615.035875462,296.546782597899,184.185801669955,7.01677416265011,244.007194161415,6091.78515268117,0.190309584140778,382.300450891256,0,0,4063.61212638766,5.96337297558784,189.706986263394,85.6628439277411,610.221567057073,1352.01348917186,630.239994257689,49.0134909152985,7219.76796220243
