9179.05563665926,374.190232723951,0,2.89709755778313,0,746.454581931233,121.719232335687,597.441795527935,5.73482094705105,2547.99917118251,3543.12472173572,619.228519499302,8665.01576583087,2064.74597412348,0.96796315908432,2.30144512653351,779.035263165832,111.077299103141,49.7976053655148,33.686339750886,1671.05594587326,4.39700305461884,0,0,0,45.2980113625526,24.836506947875,27.9381984323263,4.49644210934639,904.03105647862,3.94245159626007,0.895837366580963,26.247601121664,2.88246017694473,0,0.935248196125031,4.81050086021423,4.50263369083405,18.2884091734886,6.14990067481995,374.190232723951,38917.2828184813,1364.38229778409,369.625098608434,24.7610529363155,399.358625158668,6593.22566410154,3108.17135705054,894.356860779226,6.00422956049442,7145.83792892843,2055.76701579988,716.601892516017,382.726185418665,88.2002816945314,264.263702303171,598.078800685704,4241.31905533373,97.9153825268149,4062.27626942843,10.0325318425894,8.31300392746925,3.33203785121441,16.9044095277786,4.63004112243652,86.2145497351885,90.4358166828752,5.48744207620621,33.4787152558565,0.269229888916016,3.09661859273911,13.9460408091545,0,12.8963400125504,2.44357599318027,13.686675272882,13.7349784374237,10.5651753544807,54.5791540294886,11.6174585968256,0,1364.38229778409,17071.8765074164,1418.81957821548,2337.66713531315,14.9235450774431,1246.4741999507,76.2457885593176,6086.16225920618,0,3.48436093330383,0,0,0,10611.2145807743,1591.42133294046,3.92824330925941,2682.28642368317,16.0809898376465,8.89364115893841,0,2.05989490449429,139.112795062363,73.6540745720267,248.889603763819,1.2083432674408,12.2948129475117,3.29922071099281,200.72733078897,0,0,0,0,0,77.0226050615311,117.798723593354,0,22.5774691104889,5.82623481750488,3.24769121408463,2.89709755778313,369.625098608434,1418.81957821548,3194.92202319205,116.699629098177,21.6086737513542,1931.11146128923,276.265177048743,1747.87851355225,0,15.3032889813185,4.14677253365517,0,6.00718124210835,1035.12733727694,1478.93984685838,77.9398537799716,630.474747985601,257.33774907887,103.62395504117,2.10103988647461,8.70627077668905,51.8091750368476,98.0949990823865,49.1734349280596,16.1941199749708,107.171040579677,7.37283293902874,116.99358715117,0,0.82550510764122,0.693524941802025,0,2.29031951725483,32.0640762448311,143.973578289151,4.52720350772142,26.9966963380575,61.6495712473989,16.8505945950747,0,24.7610529363155,2337.66713531315,116.699629098177,1574.62931421399,1137.78189578652,40.2934817224741,6.72782763838768,2531.48504215479,0,0,0.581520617008209,0,5.81719633936882,1822.03764678538,2948.19129177928,0.943353652954102,165.031587675214,19.6398838460445,0,0,3.68666496872902,72.4734379798174,99.54015442729,105.973442494869,72.4982812702656,34.6178516373038,4.21534502506256,137.109530188143,0,0,0,0,3.00973677635193,31.2258868813515,241.671993389726,5.15956729650497,34.7708154171705,7.4944027364254,2.85937030613422,746.454581931233,399.358625158668,14.9235450774431,21.6086737513542,1137.78189578652,4318.29292067885,1168.7649076581,224.261946052313,473.805530026555,0.825157999992371,142.498203575611,143.369799092412,34.7124064862728,2400.30814419687,16.0596312731504,854.82535675168,309.287843391299,52.2265147268772,297.883065775037,146.253850579262,15.5060676932335,13.8443280607462,5.66132791340351,21.7415284514427,4.0850792080164,248.526790127158,348.062283106148,35.5857550352812,125.053031161427,0,3.59765586256981,10.5318471044302,2.51446041464806,12.9378468394279,3.60409700870514,213.368974864483,22.0479102432728,15.2796998992562,72.5649187266827,30.8628668859601,121.719232335687,6593.22566410154,1246.4741999507,1931.11146128923,40.2934817224741,1168.7649076581,25128.1634019613,1204.47880114615,2267.7135566324,1.33514367043972,206.641253508627,258.854779019952,34.6989599987864,1220.28658669442,88.4583483934402,1832.52462194115,3617.20699970424,2564.8067958802,1548.15379383415,5559.69813135266,43.8394892811775,39.0755002349615,11.7074651643634,34.0238265320659,7.96043466031551,335.702939629555,1131.93926727772,46.1622169017792,254.669283881783,0.416732758283615,11.0079795122147,49.9903554469347,6.60379727184772,51.8178362548351,7.48262959718704,130.743404008448,107.77379078418,67.456355445087,421.559476405382,144.347507894039,597.441795527935,3108.17135705054,76.2457885593176,276.265177048743,6.72782763838768,224.261946052313,1204.47880114615,2548.9739985317,4111.15594316274,0.257974594831467,3556.79991962016,10.7636062502861,15.1268520504236,9.74544768035412,9.39564406871796,467.160822942853,37.69068557024,2001.55837231874,1948.1031717211,127.940044239163,123.838321745396,9.56427104771137,0.398282632231712,9.65709702670574,2.10128811001778,127.810586586595,51.4811363965273,215.109625756741,67.5711601376534,0,6.91563326120377,6.64576607942581,0,4.45901203155518,0.224674046039581,28.6036790162325,2.45138955116272,12.6313658356667,282.98248231411,3.9466990083456,5.73482094705105,894.356860779226,6086.16225920618,1747.87851355225,2531.48504215479,473.805530026555,2267.7135566324,4111.15594316274,11546.965325959,0,409.816637903452,7.67804193496704,0.281024694442749,14.3262491822243,1920.18770194054,2351.04132761061,63.2509078979492,5895.90195314586,4609.41986546665,142.182540655136,1.61091983318329,6.20599161088467,302.025471262634,120.830141805112,723.228396013379,36.8010778278112,276.876951783895,43.8248910456896,1231.37522305548,0,2.67380046844482,7.47296613454819,0,4.23026292026043,52.764328405261,257.711870215833,7.75918976962566,84.1005601361394,489.124717332423,34.3211200237274,2547.99917118251,6.00422956049442,0,0,0,0.825157999992371,1.33514367043972,0.257974594831467,0,922.799428343773,68.2103920131922,94.3479278683662,1307.88305385411,558.956304743886,0,0,1789.37213020027,0.369516119360924,0,0.264931052923203,244.116302326322,0,0,0,0,0,0,0,0,591.281918376684,0,0,28.7318760454655,0,0,0,0.388027369976044,0,0,0,3543.12472173572,7145.83792892843,3.48436093330383,15.3032889813185,0,142.498203575611,206.641253508627,3556.79991962016,409.816637903452,68.2103920131922,7691.84670834243,609.579915829003,2825.40255749226,281.087126024067,0.327013850212097,14.0996927767992,241.418505743146,1054.77887623012,58.6229079663754,85.1455338150263,32.2250211983919,6.5619250535965,0,0.318963170051575,0,14.4895010590553,9.42671845853329,7.48234859108925,8.7751872241497,8.49008479714394,0,2.45833611488342,0,0.284839451313019,0,0.510297805070877,0.184361219406128,3.43116474151611,7.03681647777557,1.68080496788025,619.228519499302,2055.76701579988,0,4.14677253365517,0.581520617008209,143.369799092412,258.854779019952,10.7636062502861,7.67804193496704,94.3479278683662,609.579915829003,9152.51425500214,1792.01594738662,1143.17554399371,0,5.68726140260696,4039.1287528798,27.4476786181331,6.01377095282078,2148.13788335025,6.55187255144119,0.9576535820961,1.50211048126221,0,0,3.216667085886,15.2842450141907,0,3.52108728885651,3.60655906796455,0,0.507706165313721,0,3.91816687583923,0,0,3.90743389725685,0.206949830055237,4.80326375365257,0.915436685085297,8665.01576583087,716.601892516017,0,0,0,34.7124064862728,34.6989599987864,15.1268520504236,0.281024694442749,1307.88305385411,2825.40255749226,1792.01594738662,8961.39774592221,331.015972837806,0,0.690066814422607,1515.77780102938,6.92300556600094,0,37.1280418038368,311.413290008903,0,0,0,0,2.60321201384068,3.26585623621941,0,0,299.96095789969,0,0,0,1.01618194580078,0,0,0,0,0,0,2064.74597412348,382.726185418665,0,6.00718124210835,5.81719633936882,2400.30814419687,1220.28658669442,9.74544768035412,14.3262491822243,558.956304743886,281.087126024067,1143.17554399371,331.015972837806,10259.1017780527,0,11.5934828519821,4269.61103265733,23.1037096679211,16.2113457471132,175.545645594597,119.36929731071,1.42754805088043,0,0,0,28.9837717711926,19.8516355603933,0,12.769828081131,107.141724646091,0,5.04888761043549,0,131.45645442605,0,1.27213265001774,0.975085854530334,4.24457758665085,1.02070486545563,0,0.96796315908432,88.2002816945314,10611.2145807743,1035.12733727694,1822.03764678538,16.0596312731504,88.4583483934402,9.39564406871796,1920.18770194054,0,0.327013850212097,0,0,0,9517.76731716096,5985.02972922474,2.20693810284138,445.739127859473,2.15313014388084,1.95866248011589,0,1.63520422577858,78.1683286577463,31.9075346663594,126.993547797203,5.84348523616791,3.07948379218578,0,100.628869920969,0,0,0,0,0,41.9929928183556,68.4415814727545,0.530064523220062,7.79067321866751,0.767860859632492,0.527446806430817,2.30144512653351,264.263702303171,1591.42133294046,1478.93984685838,2948.19129177928,854.82535675168,1832.52462194115,467.160822942853,2351.04132761061,0,14.0996927767992,5.68726140260696,0.690066814422607,11.5934828519821,5985.02972922474,15039.4673135579,43.9974820241332,485.921778596938,547.469630368054,71.4240993261337,5.34794533252716,34.2300454378128,167.102413162589,312.040083304048,159.322076492012,252.377848342061,743.105701066554,53.669592782855,390.814316660166,0,2.96800552308559,14.7175431400537,1.48310022056103,11.3809679076076,82.2019360363483,785.613365910947,37.2136696726084,122.926260173321,166.491684168577,91.5081749111414,779.035263165832,598.078800685704,3.92824330925941,77.9398537799716,0.943353652954102,309.287843391299,3617.20699970424,37.69068557024,63.2509078979492,1789.37213020027,241.418505743146,4039.1287528798,1515.77780102938,4269.61103265733,2.20693810284138,43.9974820241332,6285.78109759092,55.2794065177441,33.0046765804291,876.129460573196,42.3768337816,3.6523140668869,0.16864250600338,0.906816303730011,0,31.7818155288696,63.3413960039616,3.74428081512451,18.5024332106113,206.194874331355,0,3.93038648366928,0.685637474060059,12.2674646377563,0,2.38162262737751,7.87853938341141,2.9669417142868,30.0191202014685,7.66859413683414,111.077299103141,4241.31905533373,2682.28642368317,630.474747985601,165.031587675214,52.2265147268772,2564.8067958802,2001.55837231874,5895.90195314586,0.369516119360924,1054.77887623012,27.4476786181331,6.92300556600094,23.1037096679211,445.739127859473,485.921778596938,55.2794065177441,2732.14439071715,231.365233391523,343.101201832294,0,0.310615092515945,20.3922336995602,30.4181785136461,14.1917822062969,18.0275701582432,38.0873173251748,6.42326492071152,53.1720152646303,0,0,1.7949298620224,0.8496253490448,0,12.4323035478592,47.8680415526032,0.157013282179832,9.81406359374523,30.234783321619,6.87102116644382,49.7976053655148,97.9153825268149,16.0809898376465,257.33774907887,19.6398838460445,297.883065775037,1548.15379383415,1948.1031717211,4609.41986546665,0,58.6229079663754,6.01377095282078,0,16.2113457471132,2.15313014388084,547.469630368054,33.0046765804291,231.365233391523,2338.4943228066,96.6112181842327,17.2459619939327,15.2100649923086,34.2302099987864,24.1663719713688,3.55008512735367,67.5707224607468,156.806805565953,180.080194875598,868.237644568086,0,0.500213861465454,5.51564195752144,0.333532124757767,7.41657939553261,1.39803029596806,77.922949552536,4.57738932967186,12.3038333207369,2377.97408793867,22.5775202810764,33.686339750886,4062.27626942843,8.89364115893841,103.62395504117,0,146.253850579262,5559.69813135266,127.940044239163,142.182540655136,0.264931052923203,85.1455338150263,2148.13788335025,37.1280418038368,175.545645594597,1.95866248011589,71.4240993261337,876.129460573196,343.101201832294,96.6112181842327,7584.9728705287,6.47273486852646,0.497306525707245,0.193963751196861,1.19558769464493,0,38.998996257782,54.9417428523302,2.98028190433979,23.5316397994757,0,0,6.3419201374054,0,1.12358665466309,0,2.9378447830677,11.3053916394711,0,32.4113089442253,6.01716816425323,1671.05594587326,10.0325318425894,0,2.10103988647461,0,15.5060676932335,43.8394892811775,123.838321745396,1.61091983318329,244.116302326322,32.2250211983919,6.55187255144119,311.413290008903,119.36929731071,0,5.34794533252716,42.3768337816,0,17.2459619939327,6.47273486852646,13626.3470646292,474.295318350196,7.29111728072166,4.36627128720284,0,512.210454419255,259.71126422286,1403.20687936246,4.00148832798004,4713.25307606161,3832.36161822081,916.469994425774,9805.35972456634,1874.70238818228,0,3.10694175958633,1028.12786711752,90.1521987318993,101.706514030695,240.008244916797,4.39700305461884,8.31300392746925,2.05989490449429,8.70627077668905,3.68666496872902,13.8443280607462,39.0755002349615,9.56427104771137,6.20599161088467,0,6.5619250535965,0.9576535820961,0,1.42754805088043,1.63520422577858,34.2300454378128,3.6523140668869,0.310615092515945,15.2100649923086,0.497306525707245,474.295318350196,35304.7711573988,1823.57243794948,79.5116620659828,12.6101088225842,111.648674160242,2927.57653604448,5592.66213104129,665.625074103475,0,6401.13102968037,3083.98816885054,239.595249682665,85.8672461807728,59.8989296630025,69.7492423802614,551.358222313225,4346.81880629063,175.686142496765,2749.64125663042,0,3.33203785121441,139.112795062363,51.8091750368476,72.4734379798174,5.66132791340351,11.7074651643634,0.398282632231712,302.025471262634,0,0,1.50211048126221,0,0,78.1683286577463,167.102413162589,0.16864250600338,20.3922336995602,34.2302099987864,0.193963751196861,7.29111728072166,1823.57243794948,17138.9587641284,774.552377648652,1925.44125275314,16.9679895043373,3390.66407420486,274.965354755521,6140.71615924686,0,12.690527126193,10.9572852626443,0,0.598249301314354,8901.42159317434,1482.6530559808,55.4515655115247,3288.18032066524,95.3655611425638,198.866562351584,0,16.9044095277786,73.6540745720267,98.0949990823865,99.54015442729,21.7415284514427,34.0238265320659,9.65709702670574,120.830141805112,0,0.318963170051575,0,0,0,31.9075346663594,312.040083304048,0.906816303730011,30.4181785136461,24.1663719713688,1.19558769464493,4.36627128720284,79.5116620659828,774.552377648652,3256.9835036099,303.52924606204,12.8691594302654,1603.91192373633,122.295181713998,809.749037586153,0,9.09258555620909,7.50907927751541,0,0.808038234710693,1878.53111895919,2479.45117305219,28.2647886872292,615.268965907395,100.57577779144,124.875829339027,0,4.63004112243652,248.889603763819,49.1734349280596,105.973442494869,4.0850792080164,7.96043466031551,2.10128811001778,723.228396013379,0,0,0,0,0,126.993547797203,159.322076492012,0,14.1917822062969,3.55008512735367,0,0,12.6101088225842,1925.44125275314,303.52924606204,3383.27659529448,1211.38972300291,67.934031419456,14.6671306192875,3022.1692712754,0,0,0,0,15.2567975521088,781.947113037109,3676.69298215955,1.11009013652802,113.616515353322,34.233017116785,2.28817205131054,45.2980113625526,86.2145497351885,1.2083432674408,16.1941199749708,72.4982812702656,248.526790127158,335.702939629555,127.810586586595,36.8010778278112,0,14.4895010590553,3.216667085886,2.60321201384068,28.9837717711926,5.84348523616791,252.377848342061,31.7818155288696,18.0275701582432,67.5707224607468,38.998996257782,512.210454419255,111.648674160242,16.9679895043373,12.8691594302654,1211.38972300291,4398.64767609537,1703.37454837561,394.105446130037,273.832078933716,2.90400290489197,58.0111251920462,188.809733971953,27.1619054377079,2286.18254555762,6.67805467545986,1228.01862528175,230.126713097095,55.4656073004007,150.255782172084,80.4803762584925,24.836506947875,90.4358166828752,12.2948129475117,107.171040579677,34.6178516373038,348.062283106148,1131.93926727772,51.4811363965273,276.876951783895,0,9.42671845853329,15.2842450141907,3.26585623621941,19.8516355603933,3.07948379218578,743.105701066554,63.3413960039616,38.0873173251748,156.806805565953,54.9417428523302,259.71126422286,2927.57653604448,3390.66407420486,1603.91192373633,67.934031419456,1703.37454837561,22788.7788095102,1031.33020786941,1877.74232537299,0.970926433801651,209.720569349825,467.243543967605,35.2353858351707,1804.0305134058,260.409759655595,2264.9412233457,1966.73622242361,2318.42581855506,2516.22426299751,6913.25568175316,27.9381984323263,5.48744207620621,3.29922071099281,7.37283293902874,4.21534502506256,35.5857550352812,46.1622169017792,215.109625756741,43.8248910456896,0,7.48234859108925,0,0,0,0,53.669592782855,3.74428081512451,6.42326492071152,180.080194875598,2.98028190433979,1403.20687936246,5592.66213104129,274.965354755521,122.295181713998,14.6671306192875,394.105446130037,1031.33020786941,5378.16014055908,4083.76900752634,0,4784.29241792858,20.881394520402,19.3014710992575,36.1288844197989,16.9811678528786,207.156040757895,48.2715538665652,1821.9213643074,1813.31923168153,193.830499693751,4.49644210934639,33.4787152558565,200.72733078897,116.99358715117,137.109530188143,125.053031161427,254.669283881783,67.5711601376534,1231.37522305548,0,8.7751872241497,3.52108728885651,0,12.769828081131,100.628869920969,390.814316660166,18.5024332106113,53.1720152646303,868.237644568086,23.5316397994757,4.00148832798004,665.625074103475,6140.71615924686,809.749037586153,3022.1692712754,273.832078933716,1877.74232537299,4083.76900752634,10423.9303585738,0,193.080518692732,16.83730943501,1.75656443834305,14.5017189383507,931.329975567758,1855.95881373435,92.9504299014807,5606.84013518691,3929.19275147468,382.688928708434,904.03105647862,0.269229888916016,0,0,0,0,0.416732758283615,0,0,591.281918376684,8.49008479714394,3.60655906796455,299.96095789969,107.141724646091,0,0,206.194874331355,0,0,0,4713.25307606161,0,0,0,0,2.90400290489197,0.970926433801651,0,0,2100.63664081693,29.8956117779016,37.5683915019035,1511.83830074966,474.261851638556,0,0,652.595263540745,0,0,0,3.94245159626007,3.09661859273911,0,0.82550510764122,0,3.59765586256981,11.0079795122147,6.91563326120377,2.67380046844482,0,0,0,0,0,0,2.96800552308559,0,0,0.500213861465454,0,3832.36161822081,6401.13102968037,12.690527126193,9.09258555620909,0,58.0111251920462,209.720569349825,4784.29241792858,193.080518692732,29.8956117779016,7258.66423791647,254.848584115505,3363.8873539716,198.282751262188,0.629992127418518,9.27634114027023,136.728258602321,600.845677912235,41.9571463167667,119.307228133082,0.895837366580963,13.9460408091545,0,0.693524941802025,0,10.5318471044302,49.9903554469347,6.64576607942581,7.47296613454819,0,2.45833611488342,0.507706165313721,0,5.04888761043549,0,14.7175431400537,3.93038648366928,1.7949298620224,5.51564195752144,6.3419201374054,916.469994425774,3083.98816885054,10.9572852626443,7.50907927751541,0,188.809733971953,467.243543967605,20.881394520402,16.83730943501,37.5683915019035,254.848584115505,8385.25871394575,1585.11542728543,1068.60619673133,1.92277926206589,11.2567772939801,3593.41896124184,37.7170376330614,17.7440966516733,1625.78988584876,26.247601121664,0,0,0,0,2.51446041464806,6.60379727184772,0,0,28.7318760454655,0,0,0,0,0,1.48310022056103,0.685637474060059,0.8496253490448,0.333532124757767,0,9805.35972456634,239.595249682665,0,0,0,27.1619054377079,35.2353858351707,19.3014710992575,1.75656443834305,1511.83830074966,3363.8873539716,1585.11542728543,9130.46111123264,1904.94972530007,0,0,1663.6807654351,26.8887674212456,4.08206632733345,18.6841292977333,2.88246017694473,12.8963400125504,0,2.29031951725483,3.00973677635193,12.9378468394279,51.8178362548351,4.45901203155518,4.23026292026043,0,0.284839451313019,3.91816687583923,1.01618194580078,131.45645442605,0,11.3809679076076,12.2674646377563,0,7.41657939553261,1.12358665466309,1874.70238818228,85.8672461807728,0.598249301314354,0.808038234710693,15.2567975521088,2286.18254555762,1804.0305134058,36.1288844197989,14.5017189383507,474.261851638556,198.282751262188,1068.60619673133,1904.94972530007,9583.50676333904,0,9.6773346811533,5659.56839950383,13.4742694199085,40.6056852936745,90.8895621597767,0,2.44357599318027,77.0226050615311,32.0640762448311,31.2258868813515,3.60409700870514,7.48262959718704,0.224674046039581,52.764328405261,0,0,0,0,0,41.9929928183556,82.2019360363483,0,12.4323035478592,1.39803029596806,0,0,59.8989296630025,8901.42159317434,1878.53111895919,781.947113037109,6.67805467545986,260.409759655595,16.9811678528786,931.329975567758,0,0.629992127418518,1.92277926206589,0,0,9377.38919439912,5275.54569397122,8.39795829355717,619.882661834359,8.9337912350893,37.2471054494381,0.935248196125031,13.686675272882,117.798723593354,143.973578289151,241.671993389726,213.368974864483,130.743404008448,28.6036790162325,257.711870215833,0,0.510297805070877,0,0,1.27213265001774,68.4415814727545,785.613365910947,2.38162262737751,47.8680415526032,77.922949552536,2.9378447830677,3.10694175958633,69.7492423802614,1482.6530559808,2479.45117305219,3676.69298215955,1228.01862528175,2264.9412233457,207.156040757895,1855.95881373435,0,9.27634114027023,11.2567772939801,0,9.6773346811533,5275.54569397122,12082.8802831247,37.834875240922,496.704382650554,286.59414473176,88.7592780739069,4.81050086021423,13.7349784374237,0,4.52720350772142,5.15956729650497,22.0479102432728,107.77379078418,2.45138955116272,7.75918976962566,0.388027369976044,0.184361219406128,3.90743389725685,0,0.975085854530334,0.530064523220062,37.2136696726084,7.87853938341141,0.157013282179832,4.57738932967186,11.3053916394711,1028.12786711752,551.358222313225,55.4515655115247,28.2647886872292,1.11009013652802,230.126713097095,1966.73622242361,48.2715538665652,92.9504299014807,652.595263540745,136.728258602321,3593.41896124184,1663.6807654351,5659.56839950383,8.39795829355717,37.834875240922,8081.00045822561,120.721032612026,108.80401596427,1371.09890854359,4.50263369083405,10.5651753544807,22.5774691104889,26.9966963380575,34.7708154171705,15.2796998992562,67.456355445087,12.6313658356667,84.1005601361394,0,3.43116474151611,0.206949830055237,0,4.24457758665085,7.79067321866751,122.926260173321,2.9669417142868,9.81406359374523,12.3038333207369,0,90.1521987318993,4346.81880629063,3288.18032066524,615.268965907395,113.616515353322,55.4656073004007,2318.42581855506,1821.9213643074,5606.84013518691,0,600.845677912235,37.7170376330614,26.8887674212456,13.4742694199085,619.882661834359,496.704382650554,120.721032612026,2723.72319829464,539.16793756187,541.400602526963,18.2884091734886,54.5791540294886,5.82623481750488,61.6495712473989,7.4944027364254,72.5649187266827,421.559476405382,282.98248231411,489.124717332423,0,7.03681647777557,4.80326375365257,0,1.02070486545563,0.767860859632492,166.491684168577,30.0191202014685,30.234783321619,2377.97408793867,32.4113089442253,101.706514030695,175.686142496765,95.3655611425638,100.57577779144,34.233017116785,150.255782172084,2516.22426299751,1813.31923168153,3929.19275147468,0,41.9571463167667,17.7440966516733,4.08206632733345,40.6056852936745,8.9337912350893,286.59414473176,108.80401596427,539.16793756187,1880.25776989758,409.656954512,6.14990067481995,11.6174585968256,3.24769121408463,16.8505945950747,2.85937030613422,30.8628668859601,144.347507894039,3.9466990083456,34.3211200237274,0,1.68080496788025,0.915436685085297,0,0,0.527446806430817,91.5081749111414,7.66859413683414,6.87102116644382,22.5775202810764,6.01716816425323,240.008244916797,2749.64125663042,198.866562351584,124.875829339027,2.28817205131054,80.4803762584925,6913.25568175316,193.830499693751,382.688928708434,0,119.307228133082,1625.78988584876,18.6841292977333,90.8895621597767,37.2471054494381,88.7592780739069,1371.09890854359,541.400602526963,409.656954512,7389.56701613963
