9970.60779263079,552.261744663119,0.807830095291138,0.750029906630516,0,439.380441829562,109.733123540878,822.911463737488,32.3356872797012,2095.71035349369,3241.6920569241,802.108084574342,6127.20865416527,1811.24738177657,0,4.50051927566528,468.443136587739,33.6815335601568,164.842789828777,61.9691088795662,1527.96584135294,0,0,0,0,21.3864750862122,0.469583809375763,0,0,822.896723970771,0,0,5.3492251932621,28.863970130682,0,0,0,0,0,0,552.261744663119,39864.5790160596,372.08511698246,124.239556252956,18.0381900370121,295.66964366287,2381.31786430627,3284.16278067231,1011.15990966558,12.3356626033783,5455.00870862603,2362.84782911092,1209.80164922774,523.650566823781,44.8547559380531,141.142932876945,766.109193362296,4523.90662486851,292.672327026725,2490.42657414079,0,0,0,0,5.74051471054554,36.3989157825708,8.04732605814934,0,2.80943310260773,0,0,0,0,16.0530131161213,0,22.0213440433145,0,0,4.41441082954407,0,0.807830095291138,372.08511698246,12571.8645499647,551.598661258817,1404.24134689569,9.89926601946354,1502.17604871094,45.5627185404301,4573.59412576258,0,17.1571139246225,1.5795873850584,0,3.89713604748249,11595.8767138273,2015.67308744788,11.4778076559305,1726.33053530753,27.1118102073669,43.8801310807467,0,0,1.34418492019176,4.43324172496796,39.2608203142881,4.03143867850304,0,0,11.8511882126331,0,0,0.147691637277603,0,0,1.84645348787308,45.7428039386868,0,0,0.373319417238235,0,0.750029906630516,124.239556252956,551.598661258817,4020.55078600347,481.361358955503,57.7231234759092,2955.4622387737,24.4466948956251,824.054938241839,0,1.01816406846046,7.32265432178974,0.671577095985413,11.2162952795625,2992.02178667486,2447.58381831646,37.1367484033108,311.709333494306,86.9440122097731,110.997306093574,0,0,1.48894572257996,13.820893779397,162.97708414495,42.3636135011911,5.69363036751747,0,18.4550298750401,0,0,0,0,0,0.570965990424156,343.800625473261,0,2.45220901072025,5.05895429849625,0,0,18.0381900370121,1404.24134689569,481.361358955503,1617.84153202176,1105.5601362288,243.923406392336,6.66976225376129,4362.7086802423,0,0.895255088806152,0,0.634221076965332,2.43225635588169,549.712330147624,3472.36104744673,3.20132604241371,361.714007616043,12.8797551393509,11.6951577663422,0,0.501428186893463,68.9554838240147,117.747116908431,949.967816069722,206.688383564353,16.4969744235277,0.748942196369171,451.515972435474,0,0,0,0,0.200280532240868,40.2804166227579,784.421274796128,0,14.9438279569149,1.35609793663025,0.488355964422226,439.380441829562,295.66964366287,9.89926601946354,57.7231234759092,1105.5601362288,3403.40556775033,3388.54662252218,263.159951806068,1357.18149725348,20.4155863821507,30.2009589374065,193.282720327377,39.3674655109644,2761.9783283323,7.37762141227722,1995.45141971111,358.841748267412,85.138920918107,1331.11954686791,267.648695722222,0.502884030342102,3.92859257757664,0.732910811901093,6.47130654752254,55.0454411804676,1576.63599742204,535.641603760421,11.5788572132587,238.498404309154,0,0.636521995067596,11.9576382040977,0.638295292854309,165.069891288877,0.740028321743011,189.719404801726,26.5966701358557,3.01545129716396,78.058678239584,17.4736039936543,109.733123540878,2381.31786430627,1502.17604871094,2955.4622387737,243.923406392336,3388.54662252218,24891.3879171908,223.944488316774,2942.22868072242,13.9335182607174,81.0715660601854,377.790799960494,36.7975665330887,1554.89933367819,441.709603622556,2632.88000816852,2560.77536100149,1686.55800028145,1308.97793528438,4845.8763409555,0,0,0.258581012487411,6.27756005525589,80.9235547930002,422.315802589059,1402.71471516788,2.48760604858398,21.1176483482122,0,0,0,0.219774931669235,42.5788419023156,0.889878213405609,307.244393058121,0,1.11395418643951,21.7421402782202,0,822.911463737488,3284.16278067231,45.5627185404301,24.4466948956251,6.66976225376129,263.159951806068,223.944488316774,3520.61574362218,2742.25173942745,0,1679.04943776131,12.6725488305092,10.0707462728024,26.9951919913292,4.3635613322258,86.1353636234999,8.89801922440529,2222.85985741019,974.673639684916,81.6569635942578,0,0,0,0,0,17.239901304245,6.60256487131119,5.35587930679321,6.53398451209068,0,0,0,0,0,0,17.7276412397623,0,0,132.251975387335,0,32.3356872797012,1011.15990966558,4573.59412576258,824.054938241839,4362.7086802423,1357.18149725348,2942.22868072242,2742.25173942745,11475.768021211,3.4439460337162,480.723217353225,39.2009350955486,0.520725697278976,58.8223056048155,865.675681650639,1889.67031960189,157.914746038616,6802.73803727329,4422.71634572744,340.76356112957,0,1.66176801919937,108.40578815341,268.161962226033,1426.47516989708,707.716281071305,89.4934169054031,9.90172252058983,1365.68694260716,0,0,0,0,9.90546818077564,107.471543595195,839.766833364964,0.270469665527344,16.2709416151047,513.367410123348,0.77925580739975,2095.71035349369,12.3356626033783,0,0,0,20.4155863821507,13.9335182607174,0,3.4439460337162,1768.58064255118,23.0872664004564,99.9074267297983,2328.26832635701,749.123863741755,0,0.513794139027596,2232.28525596857,0,0.582484304904938,3.71926227211952,179.634777903557,0,0,0,0,0.301226317882538,0,0,0,1061.72144964337,0,0,39.7375153899193,83.0186013877392,0,0,13.3315150737762,0,0,0,3241.6920569241,5455.00870862603,17.1571139246225,1.01816406846046,0.895255088806152,30.2009589374065,81.0715660601854,1679.04943776131,480.723217353225,23.0872664004564,6520.85820145905,247.116027399898,2024.53870424628,142.505519263446,0,8.14735120534897,95.9432778954506,1555.84575325251,46.4938690364361,64.4063010513783,24.9764954000711,0,0,0,0,2.68978913128376,0,0,0,4.64560467004776,0,0,0,6.36488190293312,0,0.397161602973938,0,0,1.04872730374336,0,802.108084574342,2362.84782911092,1.5795873850584,7.32265432178974,0,193.282720327377,377.790799960494,12.6725488305092,39.2009350955486,99.9074267297983,247.116027399898,13946.3138585836,2002.13941767812,1271.7048054114,0.541298985481262,29.4702267944813,3694.60506476462,52.708217561245,19.3826350569725,3548.27377533913,1.29586526751518,0,0,0,1.35080873966217,19.7024454772472,2.01341727375984,0,2.51360106468201,9.71396999061108,0,0,0,32.7209100872278,0,0.920516610145569,0,0,0,0,6127.20865416527,1209.80164922774,0,0.671577095985413,0.634221076965332,39.3674655109644,36.7975665330887,10.0707462728024,0.520725697278976,2328.26832635701,2024.53870424628,2002.13941767812,10346.2218562812,738.383919328451,0,1.92126598954201,1203.44778431207,0.633629083633423,2.90663421154022,36.6916124075651,109.478043287992,0,0,0,0,3.98423343896866,0,0,0.176119193434715,202.387377887964,0,0,0,25.0297600924969,0,0,0,0,0,0,1811.24738177657,523.650566823781,3.89713604748249,11.2162952795625,2.43225635588169,2761.9783283323,1554.89933367819,26.9951919913292,58.8223056048155,749.123863741755,142.505519263446,1271.7048054114,738.383919328451,8866.4846380949,2.99361383914948,72.1279516220093,4852.60581679642,34.1043172329664,333.355517745018,266.177120536566,18.3325272798538,0,0,0,0.368760108947754,393.555620744824,114.039396166801,0,0,103.04522433877,0,0,0,2867.14969588816,0,0.601259127259254,0,0,0,0,0,44.8547559380531,11595.8767138273,2992.02178667486,549.712330147624,7.37762141227722,441.709603622556,4.3635613322258,865.675681650639,0,0,0.541298985481262,0,2.99361383914948,9195.98099067807,4357.83043994755,2.29133157432079,306.621391490102,12.7031147330999,28.9121571481228,0,0,0.668691009283066,0,25.1336892098188,5.03719103336334,0.688599288463593,0,2.62065869569778,0,0,0,0,0,0,23.0665088891983,0,0,0,0,4.50051927566528,141.142932876945,2015.67308744788,2447.58381831646,3472.36104744673,1995.45141971111,2632.88000816852,86.1353636234999,1889.67031960189,0.513794139027596,8.14735120534897,29.4702267944813,1.92126598954201,72.1279516220093,4357.83043994755,14403.91086445,92.7953581362963,578.395911410451,688.00146573782,159.997715905309,0,0.277827471494675,2.64911943674088,8.37441247701645,586.504366442561,261.214011497796,132.939645692706,1.25549173355103,26.0934946388006,0,0,0.253745317459106,0,4.65179148316383,5.84656099975109,609.005049884319,0,2.19479671120644,29.4422035962343,0,468.443136587739,766.109193362296,11.4778076559305,37.1367484033108,3.20132604241371,358.841748267412,2560.77536100149,8.89801922440529,157.914746038616,2232.28525596857,95.9432778954506,3694.60506476462,1203.44778431207,4852.60581679642,2.29133157432079,92.7953581362963,9135.70784145594,84.5265982672572,85.2781103253365,1413.43292607367,4.61893919110298,0,0,0,3.15929132699966,41.17696210742,28.0967626720667,0,0,55.3228832483292,0,0,0,290.117898479104,0,7.49561140686274,0,0,0,0,33.6815335601568,4523.90662486851,1726.33053530753,311.709333494306,361.714007616043,85.138920918107,1686.55800028145,2222.85985741019,6802.73803727329,0,1555.84575325251,52.708217561245,0.633629083633423,34.1043172329664,306.621391490102,578.395911410451,84.5265982672572,2876.96952925622,674.653411090374,246.850918069482,0,0,5.43223866820335,1.61645528674126,58.5630797743797,13.9331772476435,2.92224836349487,0.678849816322327,7.05406492948532,0,0,0,0,3.60065388679504,2.21711131930351,76.6189848855138,0,1.96960711479187,20.2423909902573,0,164.842789828777,292.672327026725,27.1118102073669,86.9440122097731,12.8797551393509,1331.11954686791,1308.97793528438,974.673639684916,4422.71634572744,0.582484304904938,46.4938690364361,19.3826350569725,2.90663421154022,333.355517745018,12.7031147330999,688.00146573782,85.2781103253365,674.653411090374,2154.57021309435,358.553000554442,5.36689335107803,0.342333294451237,0,5.61375427246094,4.08395738899708,1068.56962926686,62.3804691582918,88.0226335376501,383.611450254917,0,0,1.63189075887203,0,21.6004691421986,0,98.5296382680535,1.17951643466949,0.495109260082245,3954.31006893516,18.1099869161844,61.9691088795662,2490.42657414079,43.8801310807467,110.997306093574,11.6951577663422,267.648695722222,4845.8763409555,81.6569635942578,340.76356112957,3.71926227211952,64.4063010513783,3548.27377533913,36.6916124075651,266.177120536566,28.9121571481228,159.997715905309,1413.43292607367,246.850918069482,358.553000554442,6269.40136259794,0,0,0.12995234131813,1.41742157936096,1.55973106622696,56.5396825969219,6.51851192116737,0,3.44107894599438,0,0,0,0,8.28806436061859,0,37.8938309177756,0,0,2.25959944725037,0,1527.96584135294,0,0,0,0,0.502884030342102,0,0,0,179.634777903557,24.9764954000711,1.29586526751518,109.478043287992,18.3325272798538,0,0,4.61893919110298,0,5.36689335107803,0,14128.5488388687,943.729067713022,1.19938477873802,6.42386782169342,0.259490221738815,181.833690792322,138.190725125372,986.548853337765,46.6547787934542,3955.94096077979,3445.57187372446,1029.79920063913,7696.77739422768,3062.51004233956,0,12.6955277919769,630.293117932975,164.088820457458,31.0622006207705,117.683087781072,0,0,0,0,0.501428186893463,3.92859257757664,0,0,1.66176801919937,0,0,0,0,0,0,0.277827471494675,0,0,0.342333294451237,0,943.729067713022,33769.4477095008,750.152934938669,29.5225670188665,2.03735581040382,126.330243311822,835.274489447474,5635.61185006797,570.605514034629,3.32796482741833,4779.81103928387,3068.48690835387,518.0255279392,276.189181476831,4.62950986623764,55.6614627316594,349.629296347499,4132.17700769007,224.846077099442,2835.6465396136,0,0,1.34418492019176,1.48894572257996,68.9554838240147,0.732910811901093,0.258581012487411,0,108.40578815341,0,0,0,0,0,0.668691009283066,2.64911943674088,0,5.43223866820335,0,0.12995234131813,1.19938477873802,750.152934938669,10191.6293302327,757.532556578517,1308.37814503908,9.13802832365036,2371.24495512247,209.508033931255,3630.37546157837,0,30.2298479378223,2.52020806074142,0.223076224327087,7.47500306367874,8354.02758254856,1856.0574695915,5.11424101889133,1246.19309250265,13.3198657482862,22.0411250889301,0,0,4.43324172496796,13.820893779397,117.747116908431,6.47130654752254,6.27756005525589,0,268.161962226033,0,0,0,0,0,0,8.37441247701645,0,1.61645528674126,5.61375427246094,1.41742157936096,6.42386782169342,29.5225670188665,757.532556578517,2020.01062132418,497.263470470905,84.5074506998062,2499.61309607327,38.0911066830158,1368.98246197402,0.121956720948219,0.912335395812988,25.9556935578585,1.08060523867607,24.9020130559802,1440.46654136479,2556.56973230094,48.7536378502846,346.939568340778,93.4199358150363,214.916938021779,0,5.74051471054554,39.2608203142881,162.97708414495,949.967816069722,55.0454411804676,80.9235547930002,0,1426.47516989708,0,0,1.35080873966217,0,0.368760108947754,25.1336892098188,586.504366442561,3.15929132699966,58.5630797743797,4.08395738899708,1.55973106622696,0.259490221738815,2.03735581040382,1308.37814503908,497.263470470905,2080.63027600944,914.064623564482,167.860827058554,3.72711281478405,3472.10639277101,0,0,0.781103253364563,0,9.73329463601112,1078.85863533616,2912.37818340212,0,108.820225179195,49.609863832593,6.7930560708046,21.3864750862122,36.3989157825708,4.03143867850304,42.3636135011911,206.688383564353,1576.63599742204,422.315802589059,17.239901304245,707.716281071305,0.301226317882538,2.68978913128376,19.7024454772472,3.98423343896866,393.555620744824,5.03719103336334,261.214011497796,41.17696210742,13.9331772476435,1068.56962926686,56.5396825969219,181.833690792322,126.330243311822,9.13802832365036,84.5074506998062,914.064623564482,4429.03848003596,2428.09906064719,1390.15762576461,950.958852022886,26.9786730408669,14.5108162909746,233.470114380121,24.7447941154242,2379.27343281358,2.34753428399563,1136.66302119941,244.936556257308,89.2231499552727,904.998680904508,251.30533324182,0.469583809375763,8.04732605814934,0,5.69363036751747,16.4969744235277,535.641603760421,1402.71471516788,6.60256487131119,89.4934169054031,0,0,2.01341727375984,0,114.039396166801,0.688599288463593,132.939645692706,28.0967626720667,2.92224836349487,62.3804691582918,6.51851192116737,138.190725125372,835.274489447474,2371.24495512247,2499.61309607327,167.860827058554,2428.09906064719,20241.2098859325,440.900974303484,3589.05170701444,9.20997574925423,21.5022176653147,869.929194711149,55.5498059764504,1691.68572884798,168.661631584167,2318.07010240108,2189.0905148387,1857.85988925397,1613.18211666495,4363.64342328161,0,0,0,0,0.748942196369171,11.5788572132587,2.48760604858398,5.35587930679321,9.90172252058983,0,0,0,0,0,0,1.25549173355103,0,0.678849816322327,88.0226335376501,0,986.548853337765,5635.61185006797,209.508033931255,38.0911066830158,3.72711281478405,1390.15762576461,440.900974303484,3890.03166311979,3489.20472547412,0,2621.7497805953,20.1051872223616,6.69671019911766,349.146768376231,0.87349870800972,114.132614605129,31.5202441066504,1680.07507269084,979.142021909356,203.546932831407,0,2.80943310260773,11.8511882126331,18.4550298750401,451.515972435474,238.498404309154,21.1176483482122,6.53398451209068,1365.68694260716,0,0,2.51360106468201,0.176119193434715,0,2.62065869569778,26.0934946388006,0,7.05406492948532,383.611450254917,3.44107894599438,46.6547787934542,570.605514034629,3630.37546157837,1368.98246197402,3472.10639277101,950.958852022886,3589.05170701444,3489.20472547412,10558.1551587433,1.43562614917755,91.1378421783447,132.585348844528,10.8058285862207,153.800593182445,1329.97827932239,2341.26134732366,180.89289394021,5166.10885022581,4552.81707254797,501.633860141039,822.896723970771,0,0,0,0,0,0,0,0,1061.72144964337,4.64560467004776,9.71396999061108,202.387377887964,103.04522433877,0,0,55.3228832483292,0,0,0,3955.94096077979,3.32796482741833,0,0.121956720948219,0,26.9786730408669,9.20997574925423,0,1.43562614917755,2876.21582636237,75.3274088352919,37.5699698030949,1554.51058161259,841.883304834366,0,0.143117681145668,1296.65438048542,0,0.495137289166451,1.96079537272453,0,0,0,0,0,0.636521995067596,0,0,0,0,0,0,0,0,0,0,0,0,0,0,3445.57187372446,4779.81103928387,30.2298479378223,0.912335395812988,0,14.5108162909746,21.5022176653147,2621.7497805953,91.1378421783447,75.3274088352919,5060.87847468257,127.051275208592,1652.92043499649,187.403383046389,0,3.02619250118732,26.6476843804121,367.370493769646,11.1438837647438,29.252083465457,0,0,0.147691637277603,0,0,11.9576382040977,0,0,0,0,0,0,0,0,0,0.253745317459106,0,0,1.63189075887203,0,1029.79920063913,3068.48690835387,2.52020806074142,25.9556935578585,0.781103253364563,233.470114380121,869.929194711149,20.1051872223616,132.585348844528,37.5699698030949,127.051275208592,13512.0955018252,2045.97536538541,2171.57692465186,0.441101610660553,27.6435341313481,5203.81175037473,117.992858231068,52.4206277877092,2513.32134476304,5.3492251932621,0,0,0,0,0.638295292854309,0.219774931669235,0,0,39.7375153899193,0,0,0,0,0,0,0,0,0,0,7696.77739422768,518.0255279392,0.223076224327087,1.08060523867607,0,24.7447941154242,55.5498059764504,6.69671019911766,10.8058285862207,1554.51058161259,1652.92043499649,2045.97536538541,9697.94953665137,1560.66647323966,0,2.94663528352976,1093.08387200534,21.2406416237354,3.56794875860214,53.6278825998306,28.863970130682,16.0530131161213,0,0,0.200280532240868,165.069891288877,42.5788419023156,0,9.90546818077564,83.0186013877392,6.36488190293312,32.7209100872278,25.0297600924969,2867.14969588816,0,4.65179148316383,290.117898479104,3.60065388679504,21.6004691421986,8.28806436061859,3062.51004233956,276.189181476831,7.47500306367874,24.9020130559802,9.73329463601112,2379.27343281358,1691.68572884798,349.146768376231,153.800593182445,841.883304834366,187.403383046389,2171.57692465186,1560.66647323966,8184.2004365474,1.70439922809601,38.8800283372402,7689.16865807772,62.9884810894728,112.302760154009,374.130984663963,0,0,1.84645348787308,0.570965990424156,40.2804166227579,0.740028321743011,0.889878213405609,0,107.471543595195,0,0,0,0,0,0,5.84656099975109,0,2.21711131930351,0,0,0,4.62950986623764,8354.02758254856,1440.46654136479,1078.85863533616,2.34753428399563,168.661631584167,0.87349870800972,1329.97827932239,0,0,0.441101610660553,0,1.70439922809601,9920.30603963137,5114.31167387217,0.997219443321228,252.176506057382,9.58040297031403,4.38851770758629,0,22.0213440433145,45.7428039386868,343.800625473261,784.421274796128,189.719404801726,307.244393058121,17.7276412397623,839.766833364964,0,0.397161602973938,0.920516610145569,0,0.601259127259254,23.0665088891983,609.005049884319,7.49561140686274,76.6189848855138,98.5296382680535,37.8938309177756,12.6955277919769,55.6614627316594,1856.0574695915,2556.56973230094,2912.37818340212,1136.66302119941,2318.07010240108,114.132614605129,2341.26134732366,0.143117681145668,3.02619250118732,27.6435341313481,2.94663528352976,38.8800283372402,5114.31167387217,12525.2970307469,54.0620833784342,274.313734970987,510.176600269973,94.4355958551168,0,0,0,0,0,26.5966701358557,0,0,0.270469665527344,13.3315150737762,0,0,0,0,0,0,0,0,1.17951643466949,0,630.293117932975,349.629296347499,5.11424101889133,48.7536378502846,0,244.936556257308,2189.0905148387,31.5202441066504,180.89289394021,1296.65438048542,26.6476843804121,5203.81175037473,1093.08387200534,7689.16865807772,0.997219443321228,54.0620833784342,9852.45986693352,92.9379833936691,98.4997333735228,765.438371688128,0,0,0,2.45220901072025,14.9438279569149,3.01545129716396,1.11395418643951,0,16.2709416151047,0,0,0,0,0,0,2.19479671120644,0,1.96960711479187,0.495109260082245,0,164.088820457458,4132.17700769007,1246.19309250265,346.939568340778,108.820225179195,89.2231499552727,1857.85988925397,1680.07507269084,5166.10885022581,0,367.370493769646,117.992858231068,21.2406416237354,62.9884810894728,252.176506057382,274.313734970987,92.9379833936691,1806.3383192569,618.041581943631,576.482363373041,0,4.41441082954407,0.373319417238235,5.05895429849625,1.35609793663025,78.058678239584,21.7421402782202,132.251975387335,513.367410123348,0,1.04872730374336,0,0,0,0,29.4422035962343,0,20.2423909902573,3954.31006893516,2.25959944725037,31.0622006207705,224.846077099442,13.3198657482862,93.4199358150363,49.609863832593,904.998680904508,1613.18211666495,979.142021909356,4552.81707254797,0.495137289166451,11.1438837647438,52.4206277877092,3.56794875860214,112.302760154009,9.58040297031403,510.176600269973,98.4997333735228,618.041581943631,2694.88078317046,405.319915629923,0,0,0,0,0.488355964422226,17.4736039936543,0,0,0.77925580739975,0,0,0,0,0,0,0,0,0,18.1099869161844,0,117.683087781072,2835.6465396136,22.0411250889301,214.916938021779,6.7930560708046,251.30533324182,4363.64342328161,203.546932831407,501.633860141039,1.96079537272453,29.252083465457,2513.32134476304,53.6278825998306,374.130984663963,4.38851770758629,94.4355958551168,765.438371688128,576.482363373041,405.319915629923,5552.03345622122
