8495.1148840338,369.755889728665,0,0.529946029186249,0,368.441334441304,20.7643001526594,701.113789260387,2.72828789055347,2201.7769099772,1360.59433735907,1528.22948515415,5925.52395059168,2579.23922100663,0,8.38239918649197,827.753641605377,8.00965115427971,176.51566272974,12.2153821587563,1490.8271817863,0,0,0,0,0,0,0,0,705.262044966221,0,0,0,0,0,0,0,0,0,0.744783937931061,369.755889728665,34939.9720397964,1175.75510765612,150.111849397421,11.291490867734,600.673885688186,1571.86228282005,3036.64411087334,1178.2324032113,4.68741564452648,4990.09213300049,2157.9107575044,691.91881723702,360.851552963257,14.7144794762135,254.540449202061,325.495904177427,5127.55812127888,181.833167731762,4714.57875168324,0,0.531859531998634,0.342938616871834,6.49444772303104,3.24071126431227,14.6461522579193,6.36838355660439,1.603875041008,9.47334712743759,0.445588141679764,0,1.01670683920383,0.862371683120728,0,0.534706398844719,17.8605627268553,1.66356754302979,0.814228773117065,3.25579391419888,4.52693771570921,0,1175.75510765612,14891.0853497908,616.158892810345,3552.050296776,5.06949432194233,2874.66214175522,410.71255043149,5949.52649800479,0,143.677173674107,0.999197870492935,0,0.235172659158707,10386.6321609169,2419.32481971383,6.08413656055927,2386.157694906,38.6458660364151,40.2939256131649,0,1.86674325168133,170.24607322365,93.1566462740302,224.97282974422,6.11202988028526,33.8218458369374,1.60249677300453,160.584079869092,0,0,0.0941116586327553,0.606751978397369,0,64.1926921233535,131.779576852918,0.501580461859703,19.4607839286327,3.49130379408598,1.51980422437191,0.529946029186249,150.111849397421,616.158892810345,4146.96858596802,179.991846457124,74.3390665799379,3338.56462691724,218.840507268906,787.335900954902,0,10.7138912826777,12.1986699253321,0.16199092566967,0.753852427005768,2518.96812823415,2813.74873743206,62.1071670949459,396.238818526268,254.000401511788,148.035473227501,0.18540158867836,1.2574954777956,21.3963639065623,110.545288927853,96.1092681586742,22.8683872446418,50.1233407407999,6.02178594470024,75.3246005624533,0,0,0.28236922621727,0,0.541310727596283,19.0957110002637,230.246117524803,2.75664769113064,17.5628883391619,66.2606586664915,2.49267790466547,0,11.291490867734,3552.050296776,179.991846457124,2239.1619348228,581.30899554491,157.630319550633,8.72042316198349,1821.10919162631,0,0.209094777703285,1.21207070350647,0,0,1155.49931056798,3706.42008376122,4.4118850082159,276.082626760006,15.8404724448919,11.4835655838251,0.587501704692841,0.785089865326881,51.55610473454,74.5131695121527,261.780551642179,21.2134121358395,32.2400573194027,2.09675908088684,115.847987547517,0,0,0.340226650238037,0,0,17.7004397362471,147.796922937036,0,7.55218984186649,20.8692684620619,0.615006029605865,368.441334441304,600.673885688186,5.06949432194233,74.3390665799379,581.30899554491,3260.23411624134,2579.96059905738,849.22524958849,664.615439862013,9.31230522692204,160.269691213965,537.171784862876,33.3536166250706,1897.76686245203,2.0635891109705,2999.27537113428,1187.21594536304,79.4096861481667,1096.60986088216,340.316134408116,0.349807441234589,7.00931915640831,0.275894045829773,7.43050374090672,7.81364375352859,102.849526360631,78.388627782464,0,14.0316229611635,0,0,7.3761990070343,0,2.1916651725769,0,108.209137000144,3.76939988136292,3.22512756288052,23.5911026149988,11.8254868984222,20.7643001526594,1571.86228282005,2874.66214175522,3338.56462691724,157.630319550633,2579.96059905738,25995.8423856124,274.613710582256,1700.13813289255,6.69761300086975,100.2602115646,519.996929816902,13.2775921374559,680.612910456955,187.482692651451,3823.95066457987,6815.5849917084,1572.12932340801,456.517074242234,4969.56228684634,0,6.21114958822727,11.6869465112686,68.8623115047812,61.3306659162045,114.776106610894,429.130668617785,2.30127058923244,83.2279694676399,0,0.199437275528908,2.92084033787251,0,0.33067262172699,9.86104807257652,341.058434873819,5.65877771377563,20.4401732087135,85.7009712457657,6.10869042575359,701.113789260387,3036.64411087334,410.71255043149,218.840507268906,8.72042316198349,849.22524958849,274.613710582256,5170.22848054767,2819.56784638762,0.278224766254425,2757.53002992272,51.6115220636129,37.9682356715202,155.329272910953,4.67722953855991,303.272307693958,37.227821752429,1784.67841623724,1183.93466311693,52.7169647067785,0.375537693500519,0,0,1.40509851276875,7.67410784959793,8.69577208161354,15.7602371275425,10.1820697784424,18.8999530822039,0,0,0.604024469852448,0,0,0.349350392818451,26.0024394243956,0,0,36.1725514233112,1.22611916065216,2.72828789055347,1178.2324032113,5949.52649800479,787.335900954902,1821.10919162631,664.615439862013,1700.13813289255,2819.56784638762,10610.6610473767,0,404.858051493764,25.6232408732176,4.40986087918282,22.8704169392586,260.808117613196,2273.14865146577,86.1371327936649,5219.58643884957,2968.87455278635,225.854572027922,0.882261037826538,20.6149602532387,70.4253357201815,84.9753917828202,756.144968681037,167.316270560026,248.180877029896,14.0828015208244,1329.84192280471,0,3.64241360127926,8.24325104057789,1.74484130740166,4.57955555617809,14.7830566763878,329.536761023104,10.6677172780037,28.3317407816648,360.361366182566,29.1282382681966,2201.7769099772,4.68741564452648,0,0,0,9.31230522692204,6.69761300086975,0.278224766254425,0,1578.07533118129,23.975714713335,98.4333322793245,1879.2652451247,882.779652610421,0,0.405309066176414,2227.596152246,0,0,1.25358414649963,223.334822714329,0,0,0,0,0,0,0,0,1610.74982169271,1.84389734268188,0,26.6833787560463,3.86787140369415,0,0,1.72610747814178,0,0,0,1360.59433735907,4990.09213300049,143.677173674107,10.7138912826777,0.209094777703285,160.269691213965,100.2602115646,2757.53002992272,404.858051493764,23.975714713335,3335.59222180396,589.898500218987,2632.95738609135,470.873153880239,0.54056790471077,24.8542707338929,141.48788164556,849.53790821135,104.167100474238,65.12906691432,7.34748636186123,0,0,0,0,0.194037914276123,0,0,1.81043934822083,1.71516335010529,0,0,0,0,0.320123970508575,2.09537026286125,0,0.198838800191879,1.4634040594101,0,1528.22948515415,2157.9107575044,0.999197870492935,12.1986699253321,1.21207070350647,537.171784862876,519.996929816902,51.6115220636129,25.6232408732176,98.4333322793245,589.898500218987,10517.8735089302,1936.50616796315,1253.97777874768,0.801384747028351,71.5445574298501,2232.78104694188,186.503935530782,11.2036247551441,2270.95652166754,6.88680025935173,0.421148061752319,0,0.357394702732563,0.5921895429492,7.72650238871574,0.631078600883484,0,0.259719282388687,7.65326979756355,0,0,0,0,0,3.46373254060745,0,0,0.119390301406384,2.79760360717773,5925.52395059168,691.91881723702,0,0.16199092566967,0,33.3536166250706,13.2775921374559,37.9682356715202,4.40986087918282,1879.2652451247,2632.95738609135,1936.50616796315,7689.82288968563,594.595120161772,0,1.4422055631876,1191.81598699093,7.1120113581419,5.91250264644623,9.9928106367588,130.525949075818,0,0,0,0,0,0,0,0,106.812985554338,0,0,0,0,0,0,0,0,0,0,2579.23922100663,360.851552963257,0.235172659158707,0.753852427005768,0,1897.76686245203,680.612910456955,155.329272910953,22.8704169392586,882.779652610421,470.873153880239,1253.97777874768,594.595120161772,8395.29637421668,0,64.6383368521929,6989.05695053935,37.6929427683353,61.5721168369055,178.431330040097,87.355614349246,0,0,0,0,4.18297608196735,0,0,0,216.549906119704,0,0,0,32.7602641582489,0,1.2077516913414,0,0,0.328779399394989,0,0,14.7144794762135,10386.6321609169,2518.96812823415,1155.49931056798,2.0635891109705,187.482692651451,4.67722953855991,260.808117613196,0,0.54056790471077,0.801384747028351,0,0,9625.31384441257,5192.83752076328,7.00495083630085,233.876186914742,3.82260642945766,19.6395726799965,0,1.37455447018147,32.8421368524432,55.9868382811546,83.6000722944736,2.09998206794262,12.5350882560015,0.207093015313148,25.4338705539703,0,0.240516811609268,0.337799191474915,0,0.606314301490784,27.3773187249899,77.3783438205719,0.177820727229118,8.36226640641689,1.81556828320026,1.07758516073227,8.38239918649197,254.540449202061,2419.32481971383,2813.74873743206,3706.42008376122,2999.27537113428,3823.95066457987,303.272307693958,2273.14865146577,0.405309066176414,24.8542707338929,71.5445574298501,1.4422055631876,64.6383368521929,5192.83752076328,14293.7980445623,201.50629477948,581.88412014395,444.610981374979,295.111116155982,0.20620208978653,17.9303690120578,45.5582585409284,162.599310047925,248.524312131107,287.254641242325,192.840763837099,31.8263628929853,234.619024150074,0.211424931883812,0.600396186113358,1.10201631486416,0,4.60496291518211,34.0368543118238,844.871019504964,5.80406980216503,53.9121408388019,216.651231959462,17.8407663553953,827.753641605377,325.495904177427,6.08413656055927,62.1071670949459,4.4118850082159,1187.21594536304,6815.5849917084,37.227821752429,86.1371327936649,2227.596152246,141.48788164556,2232.78104694188,1191.81598699093,6989.05695053935,7.00495083630085,201.50629477948,6287.61235715449,130.85924385488,26.6675215065479,479.231103524566,15.6035715043545,0.226807296276093,1.15966004133224,1.91571837663651,0.406117185950279,5.18312954902649,1.4945527613163,0,4.23035226017237,174.934125036001,0,0.156494572758675,0,2.56169843673706,0.307565659284592,7.81875978410244,0,0.289366334676743,2.09261432290077,3.12756979465485,8.00965115427971,5127.55812127888,2386.157694906,396.238818526268,276.082626760006,79.4096861481667,1572.12932340801,1784.67841623724,5219.58643884957,0,849.53790821135,186.503935530782,7.1120113581419,37.6929427683353,233.876186914742,581.88412014395,130.85924385488,3250.44278737903,190.546858347952,510.49998216331,0,0.22426076233387,3.07880941033363,31.8346047103405,43.8981707394123,15.4454311728477,32.0594825819135,1.2526800185442,35.4346386343241,0,0.190564408898354,0.488202318549156,0,0.278571158647537,5.08673056960106,76.9116860106587,0.842941254377365,4.16842047125101,22.678749024868,2.58584868907928,176.51566272974,181.833167731762,38.6458660364151,254.000401511788,15.8404724448919,1096.60986088216,456.517074242234,1183.93466311693,2968.87455278635,0,104.167100474238,11.2036247551441,5.91250264644623,61.5721168369055,3.82260642945766,444.610981374979,26.6675215065479,190.546858347952,1118.78877197206,60.790021032095,7.7277597784996,7.7542570233345,65.0542382150888,4.76356036961079,8.67498162388802,64.7125407159328,22.5326354801655,95.8114455342293,270.27041746676,0,2.69304999709129,2.77280667424202,2.99405580759048,0,0.775693356990814,83.6939322352409,0,7.99588923156261,3445.26093013585,1.47514092922211,12.2153821587563,4714.57875168324,40.2939256131649,148.035473227501,11.4835655838251,340.316134408116,4969.56228684634,52.7169647067785,225.854572027922,1.25358414649963,65.12906691432,2270.95652166754,9.9928106367588,178.431330040097,19.6395726799965,295.111116155982,479.231103524566,510.49998216331,60.790021032095,7059.492874071,0,0,0.82132551074028,8.4311605244875,5.91490350663662,20.8994709849358,8.95725450664759,1.31632514297962,6.21459718048573,0,0,0,0,0,1.29488468170166,35.4028563275933,1.10711991786957,2.34115359187126,11.4903296083212,1.13152354955673,1490.8271817863,0,0,0.18540158867836,0.587501704692841,0.349807441234589,0,0.375537693500519,0.882261037826538,223.334822714329,7.34748636186123,6.88680025935173,130.525949075818,87.355614349246,0,0.20620208978653,15.6035715043545,0,7.7277597784996,0,12903.5879362077,289.198777005076,0.13248148560524,8.00631126761436,0,654.652104064822,118.580584138632,824.970489889383,22.8978210538626,3204.16724310815,2375.30676522851,1916.15202796459,5647.26595835388,3077.0407384783,0.990091279149055,14.4045645445585,576.965583398938,13.3949780613184,83.7285714149475,54.9171490967274,0,0.531859531998634,1.86674325168133,1.2574954777956,0.785089865326881,7.00931915640831,6.21114958822727,0,20.6149602532387,0,0,0.421148061752319,0,0,1.37455447018147,17.9303690120578,0.226807296276093,0.22426076233387,7.7542570233345,0,289.198777005076,29305.6965244636,805.595683917403,99.8805550187826,9.25593504309654,427.9256856516,1014.34896872193,4350.46759678423,909.170802734792,1.17818567156792,4351.54359088838,2056.67035458982,673.941510289907,254.648372098804,15.2845715135336,300.628982119262,448.721562437713,3548.12673088908,375.528734348714,3050.35136735439,0,0.342938616871834,170.24607322365,21.3963639065623,51.55610473454,0.275894045829773,11.6869465112686,0,70.4253357201815,0,0,0,0,0,32.8421368524432,45.5582585409284,1.15966004133224,3.07880941033363,65.0542382150888,0.82132551074028,0.13248148560524,805.595683917403,12653.7616710961,538.024512395263,2415.65852160752,2.38442382216454,3361.60354931653,410.157111734152,6507.22690574825,0,45.6182601004839,6.83151888847351,0,1.98207621276379,9015.39159011841,2220.39573008567,9.77367849647999,2502.95239506662,171.98958684504,38.3816567957401,0,6.49444772303104,93.1566462740302,110.545288927853,74.5131695121527,7.43050374090672,68.8623115047812,1.40509851276875,84.9753917828202,0,0,0.357394702732563,0,0,55.9868382811546,162.599310047925,1.91571837663651,31.8346047103405,4.76356036961079,8.4311605244875,8.00631126761436,99.8805550187826,538.024512395263,3688.31521822512,294.222401343286,44.2951643019915,3525.01264093816,195.695692628622,1116.9630683139,0,4.6552749723196,23.8208927959204,2.62594582140446,11.818453207612,1712.72127187252,2172.01228962839,24.0962699651718,324.649840280414,268.385944962502,254.648537188768,0,3.24071126431227,224.97282974422,96.1092681586742,261.780551642179,7.81364375352859,61.3306659162045,7.67410784959793,756.144968681037,0,0,0.5921895429492,0,0,83.6000722944736,248.524312131107,0.406117185950279,43.8981707394123,8.67498162388802,5.91490350663662,0,9.25593504309654,2415.65852160752,294.222401343286,1876.52092603594,545.51409715414,250.609363138676,44.9155066311359,2739.98306360841,0,0.187608301639557,2.60964739322662,0,0.660330191254616,1388.18031021953,3469.05299541354,3.13865894079208,154.671654976904,149.674928627908,26.0465196818113,0,14.6461522579193,6.11202988028526,22.8683872446418,21.2134121358395,102.849526360631,114.776106610894,8.69577208161354,167.316270560026,0,0.194037914276123,7.72650238871574,0,4.18297608196735,2.09998206794262,287.254641242325,5.18312954902649,15.4454311728477,64.7125407159328,20.8994709849358,654.652104064822,427.9256856516,2.38442382216454,44.2951643019915,545.51409715414,2874.4094734937,1782.02074554563,1347.45115152001,409.84657651931,0.252686977386475,87.6542120575905,622.528285801411,80.6303338259459,2882.32738219202,7.07139559090137,2122.68689765781,571.502639040351,77.4221343398094,434.589428305626,508.693228751421,0,6.36838355660439,33.8218458369374,50.1233407407999,32.2400573194027,78.388627782464,429.130668617785,15.7602371275425,248.180877029896,0,0,0.631078600883484,0,0,12.5350882560015,192.840763837099,1.4945527613163,32.0594825819135,22.5326354801655,8.95725450664759,118.580584138632,1014.34896872193,3361.60354931653,3525.01264093816,250.609363138676,1782.02074554563,19205.7109579816,290.231250301003,1489.86782478541,2.1999464482069,51.646926485002,771.68095549196,36.8578005060554,1645.40894648433,478.358535170555,2526.3490069434,4138.84536728263,1455.71422049403,757.348842814565,6499.65381087363,0,1.603875041008,1.60249677300453,6.02178594470024,2.09675908088684,0,2.30127058923244,10.1820697784424,14.0828015208244,0,0,0,0,0,0.207093015313148,31.8263628929853,0,1.2526800185442,95.8114455342293,1.31632514297962,824.970489889383,4350.46759678423,410.157111734152,195.695692628622,44.9155066311359,1347.45115152001,290.231250301003,7408.25988715887,2684.45439261198,0,3734.43010988832,97.5988179445267,138.686433792114,63.6083387732506,17.0836752206087,326.091236934066,33.2089842408895,1321.28808483481,1675.69377799332,90.5301572084427,0,9.47334712743759,160.584079869092,75.3246005624533,115.847987547517,14.0316229611635,83.2279694676399,18.8999530822039,1329.84192280471,0,1.81043934822083,0.259719282388687,0,0,25.4338705539703,234.619024150074,4.23035226017237,35.4346386343241,270.27041746676,6.21459718048573,22.8978210538626,909.170802734792,6507.22690574825,1116.9630683139,2739.98306360841,409.84657651931,1489.86782478541,2684.45439261198,9025.18293467909,0,217.869723469019,79.3979494124651,13.4402892440557,49.4676651209593,672.560318768024,2028.21518409997,71.5101724267006,4183.60406303406,3583.56206374615,330.543337076902,705.262044966221,0.445588141679764,0,0,0,0,0,0,0,1610.74982169271,1.71516335010529,7.65326979756355,106.812985554338,216.549906119704,0,0.211424931883812,174.934125036001,0,0,0,3204.16724310815,1.17818567156792,0,0,0,0.252686977386475,2.1999464482069,0,0,2083.64082941413,75.1275771856308,55.2705914080143,1316.88029582798,1533.71629428864,0,0,776.689202159643,0,0,0,0,0,0,0,0,0,0.199437275528908,0,3.64241360127926,1.84389734268188,0,0,0,0,0.240516811609268,0.600396186113358,0,0.190564408898354,2.69304999709129,0,2375.30676522851,4351.54359088838,45.6182601004839,4.6552749723196,0.187608301639557,87.6542120575905,51.646926485002,3734.43010988832,217.869723469019,75.1275771856308,4003.37539036572,474.362880006433,3433.76232746243,187.12070967257,1.76634876430035,12.6931327730417,106.95688906312,263.172077983618,49.1379487812519,45.394889190793,0,1.01670683920383,0.0941116586327553,0.28236922621727,0.340226650238037,7.3761990070343,2.92084033787251,0.604024469852448,8.24325104057789,0,0,0,0,0,0.337799191474915,1.10201631486416,0.156494572758675,0.488202318549156,2.77280667424202,0,1916.15202796459,2056.67035458982,6.83151888847351,23.8208927959204,2.60964739322662,622.528285801411,771.68095549196,97.5988179445267,79.3979494124651,55.2705914080143,474.362880006433,10066.8648013771,1595.80446393788,1355.53880339861,2.2872496843338,113.434075944126,2938.54443100095,88.9566290378571,19.6361454725266,2667.50786809623,0,0.862371683120728,0.606751978397369,0,0,0,0,0,1.74484130740166,26.6833787560463,0,0,0,0,0,0,0,0,2.99405580759048,0,5647.26595835388,673.941510289907,0,2.62594582140446,0,80.6303338259459,36.8578005060554,138.686433792114,13.4402892440557,1316.88029582798,3433.76232746243,1595.80446393788,7163.77652731538,1165.59885779023,0,7.54755136370659,876.770730122924,18.7641049325466,8.25167915225029,37.0232902690768,0,0,0,0.541310727596283,0,2.1916651725769,0.33067262172699,0,4.57955555617809,3.86787140369415,0,0,0,32.7602641582489,0.606314301490784,4.60496291518211,2.56169843673706,0.278571158647537,0,0,3077.0407384783,254.648372098804,1.98207621276379,11.818453207612,0.660330191254616,2882.32738219202,1645.40894648433,63.6083387732506,49.4676651209593,1533.71629428864,187.12070967257,1355.53880339861,1165.59885779023,7660.94960056245,2.91589938104153,104.847004659474,4362.25894497335,42.0785472542048,15.9996025562286,197.57102894783,0,0.534706398844719,64.1926921233535,19.0957110002637,17.7004397362471,0,9.86104807257652,0.349350392818451,14.7830566763878,0,0.320123970508575,0,0,0,27.3773187249899,34.0368543118238,0.307565659284592,5.08673056960106,0.775693356990814,1.29488468170166,0.990091279149055,15.2845715135336,9015.39159011841,1712.72127187252,1388.18031021953,7.07139559090137,478.358535170555,17.0836752206087,672.560318768024,0,1.76634876430035,2.2872496843338,0,2.91589938104153,8716.01061834395,5974.69931905717,6.43849211931229,366.519472762942,56.4471769928932,21.3534224480391,0,17.8605627268553,131.779576852918,230.246117524803,147.796922937036,108.209137000144,341.058434873819,26.0024394243956,329.536761023104,0,2.09537026286125,3.46373254060745,0,1.2077516913414,77.3783438205719,844.871019504964,7.81875978410244,76.9116860106587,83.6939322352409,35.4028563275933,14.4045645445585,300.628982119262,2220.39573008567,2172.01228962839,3469.05299541354,2122.68689765781,2526.3490069434,326.091236934066,2028.21518409997,0,12.6931327730417,113.434075944126,7.54755136370659,104.847004659474,5974.69931905717,12190.9604760036,76.5278241559863,578.872684031725,874.588555447757,348.93026625365,0,1.66356754302979,0.501580461859703,2.75664769113064,0,3.76939988136292,5.65877771377563,0,10.6677172780037,1.72610747814178,0,0,0,0,0.177820727229118,5.80406980216503,0,0.842941254377365,0,1.10711991786957,576.965583398938,448.721562437713,9.77367849647999,24.0962699651718,3.13865894079208,571.502639040351,4138.84536728263,33.2089842408895,71.5101724267006,776.689202159643,106.95688906312,2938.54443100095,876.770730122924,4362.25894497335,6.43849211931229,76.5278241559863,6373.38007692993,74.8349963277578,24.109251216054,569.809231027961,0,0.814228773117065,19.4607839286327,17.5628883391619,7.55218984186649,3.22512756288052,20.4401732087135,0,28.3317407816648,0,0.198838800191879,0,0,0,8.36226640641689,53.9121408388019,0.289366334676743,4.16842047125101,7.99588923156261,2.34115359187126,13.3949780613184,3548.12673088908,2502.95239506662,324.649840280414,154.671654976904,77.4221343398094,1455.71422049403,1321.28808483481,4183.60406303406,0,263.172077983618,88.9566290378571,18.7641049325466,42.0785472542048,366.519472762942,578.872684031725,74.8349963277578,2853.25923614204,495.955406457186,393.098997473717,0,3.25579391419888,3.49130379408598,66.2606586664915,20.8692684620619,23.5911026149988,85.7009712457657,36.1725514233112,360.361366182566,0,1.4634040594101,0.119390301406384,0,0.328779399394989,1.81556828320026,216.651231959462,2.09261432290077,22.678749024868,3445.26093013585,11.4903296083212,83.7285714149475,375.528734348714,171.98958684504,268.385944962502,149.674928627908,434.589428305626,757.348842814565,1675.69377799332,3583.56206374615,0,49.1379487812519,19.6361454725266,8.25167915225029,15.9996025562286,56.4471769928932,874.588555447757,24.109251216054,495.955406457186,1813.40675483644,220.149597145617,0.744783937931061,4.52693771570921,1.51980422437191,2.49267790466547,0.615006029605865,11.8254868984222,6.10869042575359,1.22611916065216,29.1282382681966,0,0,2.79760360717773,0,0,1.07758516073227,17.8407663553953,3.12756979465485,2.58584868907928,1.47514092922211,1.13152354955673,54.9171490967274,3050.35136735439,38.3816567957401,254.648537188768,26.0465196818113,508.693228751421,6499.65381087363,90.5301572084427,330.543337076902,0,45.394889190793,2667.50786809623,37.0232902690768,197.57102894783,21.3534224480391,348.93026625365,569.809231027961,393.098997473717,220.149597145617,4132.26196499169
