10144.6122551411,584.660029709339,0,0.700332462787628,0,354.839530810714,73.6561542749405,994.779749453068,1.58600443601608,3014.04943661392,2718.20384988189,1542.25197201967,9660.235393852,2068.1405287832,0,0.18994727730751,941.201858267188,16.6336415708065,98.0267454683781,45.367039680481,1487.76777601242,0,0,0,0,0,0,0,0.286327391862869,543.381445527077,1.28110349178314,0,29.0405740141869,0,0,1.49569225311279,0.549656927585602,0,0,0,584.660029709339,36139.8365268856,808.509087830782,235.331555575132,18.2230192571878,515.998009897768,6186.15324874967,3013.58366464078,1643.28510091454,9.20869024097919,7375.42107771337,4411.07173565775,1138.59436862916,587.185814738274,64.6970451623201,355.766986578703,199.95181966573,5556.02904221416,234.653408244252,4023.18784157187,1.3269918859005,0.155902624130249,3.29131488502026,7.09447751939297,7.07493789494038,5.79491457343102,16.6581085026264,8.4645271897316,21.3495668023825,0,0,0,0,0,1.43256011605263,34.7197901904583,0,1.57872438430786,14.8830384165049,1.39268743991852,0,808.509087830782,19973.4596879929,1240.22455917299,2527.67085255682,3.64249071478844,949.310983344913,24.4250697493553,6728.15359278768,0,2.24005168676376,0.913835465908051,0.185394540429115,0,7855.28557500243,1759.69798478484,0,2920.16799515486,8.83899012207985,3.56636846065521,0,4.52050060033798,190.511078044772,29.5721634477377,352.004202902317,2.68106572329998,4.52094410359859,0.732012152671814,103.290995612741,0,0,0,0,0,105.818801671267,188.554576434195,0,22.2850998193026,3.67208752036095,1.11865890026093,0.700332462787628,235.331555575132,1240.22455917299,2299.65065333247,89.195411965251,44.8612343221903,2062.20328065753,92.9543770253658,1094.41089140624,0,4.10080087184906,11.9718691110611,0.266996741294861,1.11059403419495,1726.14447943866,1746.41501858085,7.15376962721348,397.066354677081,125.41191445291,63.1186408996582,0,3.88546727597713,60.7389827221632,62.4516669213772,117.319855973125,33.3838246911764,35.9523374140263,19.5161565095186,132.718601919711,0,0,0,0.871827125549316,0.254429072141647,42.1928280740976,231.853729777038,0,19.3888361603022,38.797157227993,1.98298282921314,0,18.2230192571878,2527.67085255682,89.195411965251,2449.50136457384,1403.39413230121,37.9352782219648,10.794581130147,1223.79389935732,0,0,0,0,0,1352.63370023668,3532.35424238443,3.12808418273926,181.949281826615,9.95725031197071,0,0,3.6687206029892,108.336328223348,26.9917031228542,373.162059932947,19.0687538385391,10.6692284792662,2.60635797679424,105.339638151228,0,0,0,0,0,74.0509987175465,324.253037087619,0,12.414789378643,6.39009433984756,0,354.839530810714,515.998009897768,3.64249071478844,44.8612343221903,1403.39413230121,5138.26459684968,3435.04983437806,491.235821992159,635.298599183559,1.5590545386076,78.3506494835019,412.925058305264,36.8824996501207,1692.79833007604,0.259576052427292,994.032877832651,850.631595283747,42.0250347405672,329.002448394895,239.598094806075,0.236701995134354,1.98478212207556,0.127045407891273,9.51215288043022,27.8566972017288,127.284606702626,66.8568214178085,10.6616212576628,36.8258372843266,0,0,0,0,1.86161428689957,5.47105586528778,185.652317911386,0.228361904621124,1.20395538955927,33.2535579651594,10.4942655712366,73.6561542749405,6186.15324874967,949.310983344913,2062.20328065753,37.9352782219648,3435.04983437806,21755.2218823507,394.081837072968,2352.23304605484,9.5820045620203,104.600549280643,496.023127116263,20.4264036715031,889.715434618294,115.161615967751,2759.05119226873,4026.84755080938,2032.23518262058,1658.21690876782,7145.95517085493,0,5.19505716860294,11.6387520283461,22.7375692278147,19.9000362604856,115.746254503727,298.811812065542,30.8886049762368,118.031758509576,0,0.949882388114929,4.62825477868319,0,4.68887610733509,8.79044422507286,342.632891952991,9.8847758769989,11.4341178387403,124.167293734848,43.9569420367479,994.779749453068,3013.58366464078,24.4250697493553,92.9543770253658,10.794581130147,491.235821992159,394.081837072968,3750.19011974335,2508.87212953717,0,1348.80038127303,38.1878133714199,53.3224591314793,141.926763176918,10.76840031147,278.543194033206,6.57270693778992,1685.25288853049,1258.95077574253,50.7453234493732,1.04335474967957,0,0.443707183003426,1.49009367823601,7.06272704899311,66.0017703697085,15.9045083373785,129.065152674913,49.3800569400191,0,0,0,0,0,0.653525650501251,60.8810399323702,0,4.99652321636677,321.798490092158,1.16599583625793,1.58600443601608,1643.28510091454,6728.15359278768,1094.41089140624,1223.79389935732,635.298599183559,2352.23304605484,2508.87212953717,11351.7455866635,0,205.13067497313,9.59500280022621,1.66928899288177,10.419832855463,826.037427887321,2367.08851086348,87.8828511834145,5633.01386439055,5009.28333102167,142.792745381594,0,10.0031278580427,449.318873181939,127.449691995978,899.71744261682,134.987934283912,210.787270762026,151.328940182924,1093.34542685002,0,0,0.405679017305374,0,0,90.0528992712498,616.292066134512,3.11153829097748,47.7612245827913,363.558977738023,19.7483879625797,3014.04943661392,9.20869024097919,0,0,0,1.5590545386076,9.5820045620203,0,0,876.977764934301,17.7697980254889,131.101716250181,2272.41273312271,913.098123461008,0,0,1136.50487861037,0,0,0.352157771587372,318.243654385209,0,0,0,0,0,0,0,0,129.415755599737,0,0,13.288041561842,0.398263245820999,0,0,3.21816861629486,0,0,0,2718.20384988189,7375.42107771337,2.24005168676376,4.10080087184906,0,78.3506494835019,104.600549280643,1348.80038127303,205.13067497313,17.7697980254889,7632.02585579455,409.051320910454,2394.49246478081,150.487037204206,0.328240305185318,9.28314463049173,58.4838848263025,1267.85887418687,23.8346394300461,42.3230244368315,9.81444229185581,0,0,0,0,0,0,1.4158843755722,0,2.05816057324409,0,0,0,0,0,0.214252412319183,0,0,0,0,1542.25197201967,4411.07173565775,0.913835465908051,11.9718691110611,0,412.925058305264,496.023127116263,38.1878133714199,9.59500280022621,131.101716250181,409.051320910454,10426.9315924346,1490.35107728094,1699.4683431536,0.235574439167976,6.2346208691597,1678.61231520772,236.252709522843,21.3414587378502,2016.80235101283,1.62121164798737,0,0,0,0,2.34659445285797,8.19094833731651,0,0,1.06122159957886,0,0,0,0.362942308187485,0,4.20006939768791,0,0,0,0,9660.235393852,1138.59436862916,0.185394540429115,0.266996741294861,0,36.8824996501207,20.4264036715031,53.3224591314793,1.66928899288177,2272.41273312271,2394.49246478081,1490.35107728094,9404.53128750622,347.965031594038,0,0.112588539719582,1047.9106130302,11.9091451019049,1.79309666156769,21.4404105246067,375.13549426198,0,0,0,0,0,0,0,0.122118286788464,137.247362524271,0,0,0,0,0,0.152549564838409,0,0,0,0,2068.1405287832,587.185814738274,0,1.11059403419495,0,1692.79833007604,889.715434618294,141.926763176918,10.419832855463,913.098123461008,150.487037204206,1699.4683431536,347.965031594038,9176.31481696665,0,10.015029527247,5540.00760555267,40.8743371367455,17.1456283926964,106.726314023137,23.3804535269737,0,0,0,0,0.991584450006485,5.48256303369999,0,0,20.7022357881069,0,0,0,0,0,4.97822093218565,0,0,0,0,0,64.6970451623201,7855.28557500243,1726.14447943866,1352.63370023668,0.259576052427292,115.161615967751,10.76840031147,826.037427887321,0,0.328240305185318,0.235574439167976,0,0,10132.1237835437,6602.44617987424,0,811.241862148046,0.198905691504478,0,0,3.67214308679104,129.627774491906,14.4876094758511,301.467170238495,2.77513666450977,3.71091160178185,0,26.3019050061703,0,0,0,0,0,112.784695804119,185.045152895153,0,20.9334340542555,3.17220640182495,0.279295295476913,0.18994727730751,355.766986578703,1759.69798478484,1746.41501858085,3532.35424238443,994.032877832651,2759.05119226873,278.543194033206,2367.08851086348,0,9.28314463049173,6.2346208691597,0.112588539719582,10.015029527247,6602.44617987424,11490.256732367,12.3397011160851,683.133446864784,580.083160802722,53.8261243924499,0,11.0529866144061,201.838877514005,127.345706030726,715.087634518743,261.304924450815,138.287518247962,82.4312657341361,333.453121431172,0,0.122670002281666,1.74841699004173,0,4.80217954516411,153.132508710027,1016.07005030662,7.79471548646688,53.2661424279213,123.68322558701,16.1078723594546,941.201858267188,199.95181966573,0,7.15376962721348,3.12808418273926,850.631595283747,4026.84755080938,6.57270693778992,87.8828511834145,1136.50487861037,58.4838848263025,1678.61231520772,1047.9106130302,5540.00760555267,0,12.3397011160851,4065.40939985216,21.9210430830717,70.4943987429142,436.919940784574,7.50184828042984,0,0,0.707214117050171,0,5.71710625290871,17.4184371232986,0,5.35849389433861,26.6199785768986,0,0,0,0,0,11.0162096247077,0,0,0,0,16.6336415708065,5556.02904221416,2920.16799515486,397.066354677081,181.949281826615,42.0250347405672,2032.23518262058,1685.25288853049,5633.01386439055,0,1267.85887418687,236.252709522843,11.9091451019049,40.8743371367455,811.241862148046,683.133446864784,21.9210430830717,2852.49419824779,238.315771594644,385.887617826462,0,0.438865631818771,42.196280375123,13.2366249263287,69.6899651288986,2.91749723255634,15.3960189372301,0.576549082994461,32.9761407524347,0,0,0.234848722815514,0,0,23.9736543148756,90.812420964241,0.78682005405426,8.30087408423424,11.054629996419,0,98.0267454683781,234.653408244252,8.83899012207985,125.41191445291,9.95725031197071,329.002448394895,1658.21690876782,1258.95077574253,5009.28333102167,0,23.8346394300461,21.3414587378502,1.79309666156769,17.1456283926964,0.198905691504478,580.083160802722,70.4943987429142,238.315771594644,2548.53054118156,158.258111163974,0,2.39132109284401,2.52602135390043,12.5990615263581,2.02965804934502,342.002487748861,147.975375428796,353.016198456287,466.768834397197,0,0.186970084905624,2.25063046813011,0,2.49761539697647,1.45952469110489,148.471611134708,4.01767238974571,4.91940723359585,5490.3210279718,44.4113984405994,45.367039680481,4023.18784157187,3.56636846065521,63.1186408996582,0,239.598094806075,7145.95517085493,50.7453234493732,142.792745381594,0.352157771587372,42.3230244368315,2016.80235101283,21.4404105246067,106.726314023137,0,53.8261243924499,436.919940784574,385.887617826462,158.258111163974,4065.03732550144,0,0,0,0.316888749599457,0.579649850726128,8.09218738973141,23.0181873887777,0.261002659797668,14.1010913848877,0,0,0,0,0,1.10594454407692,11.0541872009635,0,0,5.72364093363285,3.67190194129944,1487.76777601242,1.3269918859005,0,0,0,0.236701995134354,0,1.04335474967957,0,318.243654385209,9.81444229185581,1.62121164798737,375.13549426198,23.3804535269737,0,0,7.50184828042984,0,0,0,14642.439335376,170.694819435477,0,1.84865997731686,0,296.329658955336,32.6222107857466,1011.62120077014,8.72787058353424,2649.64642328024,2879.32663172483,804.600811004639,6818.09384980798,2154.22662162781,0,3.72550908476114,274.675769254565,91.360033005476,28.4854070842266,26.9275194108486,0,0.155902624130249,4.52050060033798,3.88546727597713,3.6687206029892,1.98478212207556,5.19505716860294,0,10.0031278580427,0,0,0,0,0,3.67214308679104,11.0529866144061,0,0.438865631818771,2.39132109284401,0,170.694819435477,26877.5451479703,528.451028466225,127.556518279016,4.3480214625597,136.36103463918,2008.5179009214,6051.04959079623,710.751599110663,1.76930078864098,5750.51824088395,3001.76049651206,675.475405812263,391.370883598924,66.3018698096275,170.042211674154,361.715089783072,4117.27381123602,137.083731196821,2122.71403433383,0,3.29131488502026,190.511078044772,60.7389827221632,108.336328223348,0.127045407891273,11.6387520283461,0.443707183003426,449.318873181939,0,0,0,0,0,129.627774491906,201.838877514005,0,42.196280375123,2.52602135390043,0,0,528.451028466225,16096.1749194562,894.250546664,2534.58683021367,13.1611486822367,1395.26613965631,295.9756642133,7231.05482377112,0,9.36618563532829,0.227253571152687,0.225410521030426,0.189330041408539,8696.79520440102,2577.27571059018,1.83912278711796,1826.29797771573,19.961507499218,27.0097901672125,0,7.09447751939297,29.5721634477377,62.4516669213772,26.9917031228542,9.51215288043022,22.7375692278147,1.49009367823601,127.449691995978,0,0,0,0,0,14.4876094758511,127.345706030726,0.707214117050171,13.2366249263287,12.5990615263581,0.316888749599457,1.84865997731686,127.556518279016,894.250546664,3216.15415360034,88.175056502223,34.4455590471625,1881.59047978371,72.5621971040964,868.643541991711,0,1.67573444545269,23.6616262197495,4.06433954834938,10.5319458246231,1468.3422319293,1838.16104935855,43.8581124693155,553.579052053392,99.5145900472999,346.097744055092,0,7.07493789494038,352.004202902317,117.319855973125,373.162059932947,27.8566972017288,19.9000362604856,7.06272704899311,899.71744261682,0,0,0,0,0,301.467170238495,715.087634518743,0,69.6899651288986,2.02965804934502,0.579649850726128,0,4.3480214625597,2534.58683021367,88.175056502223,3572.01165321469,693.989754393697,51.6140556484461,2.52313794195652,1951.27088534832,0,0,0,0,20.0924797952175,1666.09834368527,3545.36997707188,0,107.291938513517,12.463383898139,4.21635340154171,0,5.79491457343102,2.68106572329998,33.3838246911764,19.0687538385391,127.284606702626,115.746254503727,66.0017703697085,134.987934283912,0,0,2.34659445285797,0,0.991584450006485,2.77513666450977,261.304924450815,5.71710625290871,2.91749723255634,342.002487748861,8.09218738973141,296.329658955336,136.36103463918,13.1611486822367,34.4455590471625,693.989754393697,6072.64910364151,3268.45360384136,1104.65298529714,714.987459883094,32.0198455154896,111.998596951365,181.789609096944,54.0941943228245,3519.34925686568,0.565596640110016,1153.16242164373,735.087558507919,138.133531063795,506.545656688511,275.542502768338,0,16.6581085026264,4.52094410359859,35.9523374140263,10.6692284792662,66.8568214178085,298.811812065542,15.9045083373785,210.787270762026,0,0,8.19094833731651,0,5.48256303369999,3.71091160178185,138.287518247962,17.4184371232986,15.3960189372301,147.975375428796,23.0181873887777,32.6222107857466,2008.5179009214,1395.26613965631,1881.59047978371,51.6140556484461,3268.45360384136,17969.7567548528,513.186913974583,2216.23332431167,2.46635922789574,62.8879882916808,393.997567534447,40.9773185104132,1506.61789321899,183.567600995302,1513.28378008679,3285.82808919996,2294.95125477016,1325.78487882763,6592.91450903565,0,8.4645271897316,0.732012152671814,19.5161565095186,2.60635797679424,10.6616212576628,30.8886049762368,129.065152674913,151.328940182924,0,1.4158843755722,0,0,0,0,82.4312657341361,0,0.576549082994461,353.016198456287,0.261002659797668,1011.62120077014,6051.04959079623,295.9756642133,72.5621971040964,2.52313794195652,1104.65298529714,513.186913974583,6274.39341449738,2895.26217287779,0,2117.86983036995,20.9205503463745,32.3675655722618,123.023993656039,2.92686277627945,281.260843597353,38.8436957448721,2359.5130488053,2031.51088757813,119.839864552021,0.286327391862869,21.3495668023825,103.290995612741,132.718601919711,105.339638151228,36.8258372843266,118.031758509576,49.3800569400191,1093.34542685002,0,0,0,0.122118286788464,0,26.3019050061703,333.453121431172,5.35849389433861,32.9761407524347,466.768834397197,14.1010913848877,8.72787058353424,710.751599110663,7231.05482377112,868.643541991711,1951.27088534832,714.987459883094,2216.23332431167,2895.26217287779,10088.4262207896,0,133.011210799217,43.8950075805187,4.29858820140362,71.8936188966036,1611.09257420152,2434.39067625999,66.5788858085871,3913.14869707078,4462.75383475423,213.757513463497,543.381445527077,0,0,0,0,0,0,0,0,129.415755599737,2.05816057324409,1.06122159957886,137.247362524271,20.7022357881069,0,0,26.6199785768986,0,0,0,2649.64642328024,1.76930078864098,0,0,0,32.0198455154896,2.46635922789574,0,0,1393.7962448895,27.8358819484711,23.4800435602665,1633.36286008358,1330.54443359375,0,0.267750710248947,447.34556274116,3.09228897094727,0.842346906661987,0.699425160884857,1.28110349178314,0,0,0,0,0,0.949882388114929,0,0,0,0,0,0,0,0,0.122670002281666,0,0,0.186970084905624,0,2879.32663172483,5750.51824088395,9.36618563532829,1.67573444545269,0,111.998596951365,62.8879882916808,2117.86983036995,133.011210799217,27.8358819484711,7138.85316190124,206.56055444479,2866.56075854599,243.57456985116,0,14.8606981784105,89.0266019850969,607.841518700123,33.0042354017496,64.4643737375736,0,0,0,0,0,0,4.62825477868319,0,0.405679017305374,0,0,0,0,0,0,1.74841699004173,0,0.234848722815514,2.25063046813011,0,804.600811004639,3001.76049651206,0.227253571152687,23.6616262197495,0,181.789609096944,393.997567534447,20.9205503463745,43.8950075805187,23.4800435602665,206.56055444479,8025.34665718675,1562.42382404208,1379.86789047718,0.99375507235527,23.765020519495,2971.64391224086,583.448283135891,30.5049263089895,3391.57859705389,29.0405740141869,0,0,0.871827125549316,0,0,0,0,0,13.288041561842,0,0,0,0,0,0,0,0,0,0,6818.09384980798,675.475405812263,0.225410521030426,4.06433954834938,0,54.0941943228245,40.9773185104132,32.3675655722618,4.29858820140362,1633.36286008358,2866.56075854599,1562.42382404208,8183.67385059595,1237.3933454603,0,7.66803211718798,1447.30443176627,84.0362951904535,7.1258674710989,26.0346255749464,0,0,0,0.254429072141647,0,1.86161428689957,4.68887610733509,0,0,0.398263245820999,0,0.362942308187485,0,0,0,4.80217954516411,0,0,2.49761539697647,0,2154.22662162781,391.370883598924,0.189330041408539,10.5319458246231,20.0924797952175,3519.34925686568,1506.61789321899,123.023993656039,71.8936188966036,1330.54443359375,243.57456985116,1379.86789047718,1237.3933454603,11805.6490468681,0.147146001458168,45.5665304511786,4757.73001201451,212.097568914294,14.0381294637918,377.222920641303,0,1.43256011605263,105.818801671267,42.1928280740976,74.0509987175465,5.47105586528778,8.79044422507286,0.653525650501251,90.0528992712498,0,0,0,0,0,112.784695804119,153.132508710027,0,23.9736543148756,1.45952469110489,1.10594454407692,0,66.3018698096275,8696.79520440102,1468.3422319293,1666.09834368527,0.565596640110016,183.567600995302,2.92686277627945,1611.09257420152,0,0,0.99375507235527,0,0.147146001458168,8181.69941283762,7031.94436968118,0,725.119625389576,5.28983399271965,17.4785262793303,1.49569225311279,34.7197901904583,188.554576434195,231.853729777038,324.253037087619,185.652317911386,342.632891952991,60.8810399323702,616.292066134512,0,0.214252412319183,4.20006939768791,0.152549564838409,4.97822093218565,185.045152895153,1016.07005030662,11.0162096247077,90.812420964241,148.471611134708,11.0541872009635,3.72550908476114,170.042211674154,2577.27571059018,1838.16104935855,3545.36997707188,1153.16242164373,1513.28378008679,281.260843597353,2434.39067625999,0.267750710248947,14.8606981784105,23.765020519495,7.66803211718798,45.5665304511786,7031.94436968118,11940.8462394699,49.9690052941442,591.927027568221,833.20206663385,155.267965905368,0.549656927585602,0,0,0,0,0.228361904621124,9.8847758769989,0,3.11153829097748,3.21816861629486,0,0,0,0,0,7.79471548646688,0,0.78682005405426,4.01767238974571,0,274.675769254565,361.715089783072,1.83912278711796,43.8581124693155,0,735.087558507919,3285.82808919996,38.8436957448721,66.5788858085871,447.34556274116,89.0266019850969,2971.64391224086,1447.30443176627,4757.73001201451,0,49.9690052941442,3921.96480019391,163.204459354281,35.2575233280659,779.034133851528,0,1.57872438430786,22.2850998193026,19.3888361603022,12.414789378643,1.20395538955927,11.4341178387403,4.99652321636677,47.7612245827913,0,0,0,0,0,20.9334340542555,53.2661424279213,0,8.30087408423424,4.91940723359585,0,91.360033005476,4117.27381123602,1826.29797771573,553.579052053392,107.291938513517,138.133531063795,2294.95125477016,2359.5130488053,3913.14869707078,3.09228897094727,607.841518700123,583.448283135891,84.0362951904535,212.097568914294,725.119625389576,591.927027568221,163.204459354281,2004.00898066163,569.736965328455,909.917873457074,0,14.8830384165049,3.67208752036095,38.797157227993,6.39009433984756,33.2535579651594,124.167293734848,321.798490092158,363.558977738023,0,0,0,0,0,3.17220640182495,123.68322558701,0,11.054629996419,5490.3210279718,5.72364093363285,28.4854070842266,137.083731196821,19.961507499218,99.5145900472999,12.463383898139,506.545656688511,1325.78487882763,2031.51088757813,4462.75383475423,0.842346906661987,33.0042354017496,30.5049263089895,7.1258674710989,14.0381294637918,5.28983399271965,833.20206663385,35.2575233280659,569.736965328455,3777.40393085033,133.606358379126,0,1.39268743991852,1.11865890026093,1.98298282921314,0,10.4942655712366,43.9569420367479,1.16599583625793,19.7483879625797,0,0,0,0,0,0.279295295476913,16.1078723594546,0,0,44.4113984405994,3.67190194129944,26.9275194108486,2122.71403433383,27.0097901672125,346.097744055092,4.21635340154171,275.542502768338,6592.91450903565,119.839864552021,213.757513463497,0.699425160884857,64.4643737375736,3391.57859705389,26.0346255749464,377.222920641303,17.4785262793303,155.267965905368,779.034133851528,909.917873457074,133.606358379126,5740.54470130801
