9396.33060565591,162.00537763536,0,0,0,778.597989037633,39.8967145979404,186.994864940643,3.8591203391552,1849.29317298532,2710.31399695575,1144.90748116374,7882.85036852956,3010.43939720094,0,1.22229433059692,856.034874543548,4.29398766160011,327.926755920053,15.5602419674397,1071.0067370981,0,0,0,0,0.241351172327995,0,0,0,372.636469841003,0,0,0,0,0,0,0,0,24.4759859740734,0,162.00537763536,32764.0535700321,1945.33951099217,71.5740372166038,9.00566637516022,620.773763097823,3556.2811723873,1978.01718889922,733.734559990466,1.43605720996857,8807.47611764818,3615.47308775783,1274.72181493044,149.502582170069,15.9847945570946,4.0902653336525,479.227038815618,4015.6452274099,32.500143930316,4027.19762389362,0,0,0,0,0,0.765128582715988,0,0,0,0,0,0,0,0,0,0,0,0,0,0,0,1945.33951099217,18021.5176956803,1186.37680380791,2478.96792909503,31.647947281599,954.552813008428,359.264303162694,5971.1073165983,0,14.0186542272568,0,0,0,8184.31017006934,1730.36015182734,0,4497.69403254986,22.9540760964155,0,0,0,155.997110038996,0,14.7864073514938,0,0,0,20.2641345262527,0,0,0,0,0,0,0,0,0,0,0,0,71.5740372166038,1186.37680380791,1770.44191431254,168.835548654199,132.832927659154,1072.45976539701,158.452297948301,640.488873004913,0,16.1531195789576,0,0,0,1077.34849914163,546.156264431775,0,925.529420807958,26.099024027586,1.09031312167645,0,0,0,0,0.647245526313782,0,0.873107701539993,0,0,0,0,0,0,0,0,4.42365953326225,0,0,0,0,0,9.00566637516022,2478.96792909503,168.835548654199,2991.28502044827,750.835466459394,17.9331286996603,19.6003160476685,2911.62868060172,0,0,0,0,0,1023.62357503176,3379.47974281013,0,336.903256565332,62.2021809965372,0,0,0,27.9611905813217,0,320.040836617351,77.1500841677189,0.364517569541931,0,17.0067422986031,0,0,0,0,0,0,13.5364040136337,0,0,0,0,778.597989037633,620.773763097823,31.647947281599,132.832927659154,750.835466459394,5021.03251554072,4773.66271106154,207.691774621606,1372.67172632366,8.74867165088654,116.084943674505,210.400471270084,5.57376827299595,3095.59375560284,19.3785175010562,3895.77055684477,743.080809265375,212.844492271543,546.553708866239,200.227870419621,0,0,0,0,50.5661217272282,1193.96575590968,724.655349209905,0,0,0,0,0,0,159.014393001795,0,290.433319658041,0,0,7.15923666954041,0,39.8967145979404,3556.2811723873,954.552813008428,1072.45976539701,17.9331286996603,4773.66271106154,12479.3215487301,93.4993291497231,1317.43505143374,3.62219740450382,149.982572764158,83.4251897335052,2.08033649623394,1442.64688637853,43.2268202602863,1591.6419993788,2590.92906029522,4782.0544128418,784.379827439785,1922.49534337223,0,0,0,0,0,532.503437757492,1478.41338071227,0,0,0,0,0,0,201.718032091856,0,290.932645648718,0,0,0,0,186.994864940643,1978.01718889922,359.264303162694,158.452297948301,19.6003160476685,207.691774621606,93.4993291497231,6149.59637984633,4559.3908521682,0,2893.54477826506,0.605682402849197,3.81149986386299,8.00287288427353,8.65895177423954,7.06723274290562,0,2718.31941278279,146.905210703611,0,0,0,5.37281900644302,0,0,0,0,5.12320947647095,0,0,0,0,0,0,0,0,0,0,0,0,3.8591203391552,733.734559990466,5971.1073165983,640.488873004913,2911.62868060172,1372.67172632366,1317.43505143374,4559.3908521682,5146.79250818491,0,338.644935771823,10.8641334474087,0,67.3487741351128,489.390085443854,602.976293101907,154.851379513741,5646.20333832502,1266.09309673309,55.7103083282709,0,1.17734456062317,237.02606099844,0,185.532596588135,19.4124272167683,9.58269768953323,0.950388163328171,156.033488512039,0,0,0,0,1.22605335712433,0,1.32136908173561,0,3.31060981750488,0,0,1849.29317298532,1.43605720996857,0,0,0,8.74867165088654,3.62219740450382,0,0,803.554585754871,3.09246405959129,106.557306423783,662.596732065082,821.077793166041,0,0,1348.47857311368,0,0,0,15.0446614027023,0,0,0,0,0,0,0,0,261.281880795956,0,0,0,0,0,0,0,0,0,0,2710.31399695575,8807.47611764818,14.0186542272568,16.1531195789576,0,116.084943674505,149.982572764158,2893.54477826506,338.644935771823,3.09246405959129,8139.72988809645,176.981689542532,4224.85905134678,25.1306023001671,0,2.30088153481483,60.1274181380868,774.843193590641,22.7306034043431,101.216093085706,14.4444045871496,0,0,0,0,0,0,0,0,0,0,0,0,0,0,0,0,0,0,0,1144.90748116374,3615.47308775783,0,0,0,210.400471270084,83.4251897335052,0.605682402849197,10.8641334474087,106.557306423783,176.981689542532,6135.67858600616,1986.2879614234,1781.75509732962,0,0,1854.60307365656,51.2243187725544,0.285918861627579,1073.57880862057,0,0,0,0,0,0.305902719497681,0,0,0,0,0,0,0,0.306621611118317,0,0,0,0,0,0,7882.85036852956,1274.72181493044,0,0,0,5.57376827299595,2.08033649623394,3.81149986386299,0,662.596732065082,4224.85905134678,1986.2879614234,6271.83437098563,180.494556114078,0,0,519.615264475346,0,0,0,152.49604357779,0,0,0,0,0,0,0,0,49.5791986584663,0,0,0,0,0,0,0,0,0,0,3010.43939720094,149.502582170069,0,0,0,3095.59375560284,1442.64688637853,8.00287288427353,67.3487741351128,821.077793166041,25.1306023001671,1781.75509732962,180.494556114078,8910.71779231727,0,15.4260410964489,4978.57885204256,12.9119978845119,13.8259914219379,72.7498394548893,0.730959534645081,0,0,0,0,96.2687631696463,191.575473561883,0,0,0.834436774253845,0,0,0,260.542744666338,0,0.530019879341125,0,0,0.439616739749908,0,0,15.9847945570946,8184.31017006934,1077.34849914163,1023.62357503176,19.3785175010562,43.2268202602863,8.65895177423954,489.390085443854,0,0,0,0,0,5958.20590628684,3062.05063351244,0,352.957120269537,0,0,0,0,0,0,1.7710790336132,1.69875526428223,0,0,0,0,0,0,0,0,0,0,0,0,0,0,1.22229433059692,4.0902653336525,1730.36015182734,546.156264431775,3379.47974281013,3895.77055684477,1591.6419993788,7.06723274290562,602.976293101907,0,2.30088153481483,0,0,15.4260410964489,3062.05063351244,15486.7218689024,3.82387238740921,106.440092146397,84.6533360332251,0,0,0,0,0,62.2267469018698,422.851548731327,635.458173155785,0,0,0,0,0,0,2.75615262985229,0,1191.55862224102,0,0,0,0,856.034874543548,479.227038815618,0,0,0,743.080809265375,2590.92906029522,0,154.851379513741,1348.47857311368,60.1274181380868,1854.60307365656,519.615264475346,4978.57885204256,0,3.82387238740921,5475.70231986046,126.608255147934,6.40920579433441,465.653767615557,2.29112738370895,0,0,0,0,9.69987869262695,8.32291916012764,0,0,60.7916787266731,0,0,0,19.7288254201412,0,0,0,0,0,0,4.29398766160011,4015.6452274099,4497.69403254986,925.529420807958,336.903256565332,212.844492271543,4782.0544128418,2718.31941278279,5646.20333832502,0,774.843193590641,51.2243187725544,0,12.9119978845119,352.957120269537,106.440092146397,126.608255147934,6591.52181780338,312.473042562604,414.771250188351,0,0,4.98421269655228,0,0.395880401134491,2.22978147864342,1.44100201129913,0,3.16607511043549,0,0,0,0,0,0,0,0,0,0,0,327.926755920053,32.500143930316,22.9540760964155,26.099024027586,62.2021809965372,546.553708866239,784.379827439785,146.905210703611,1266.09309673309,0,22.7306034043431,0.285918861627579,0,13.8259914219379,0,84.6533360332251,6.40920579433441,312.473042562604,223.626163780689,0.622414290904999,0,2.62803435325623,75.3358735442162,0,0,6.17103824019432,2.79092779755592,18.7362214922905,175.662193000317,0,0,0,0,0,0,2.10231971740723,0,0.524855554103851,296.645644515753,0,15.5602419674397,4027.19762389362,0,1.09031312167645,0,200.227870419621,1922.49534337223,0,55.7103083282709,0,101.216093085706,1073.57880862057,0,72.7498394548893,0,0,465.653767615557,414.771250188351,0.622414290904999,4344.86606514454,0,0,0,0,0,1.70940816402435,0,0,0,0,0,0,0,0,0,0,0,0,0,0,1071.0067370981,0,0,0,0,0,0,0,0,15.0446614027023,14.4444045871496,0,152.49604357779,0.730959534645081,0,0,2.29112738370895,0,0,0,14032.9460611045,533.478725910187,1.03853678703308,5.49429461359978,0.203091874718666,1367.96794837713,200.206527300179,910.715122595429,64.3096725046635,1885.71774584055,4676.97269146889,1626.51622289419,7619.93993061036,3338.07940225303,0,0.501261547207832,623.43640999496,471.334481194615,181.23582585156,330.830508038402,0,0,0,0,0,0,0,0,1.17734456062317,0,0,0,0,0,0,0,0,0,2.62803435325623,0,533.478725910187,32681.5149671957,3512.21668108553,75.4524774923921,25.1697620898485,72.7988886088133,3518.58748951554,5926.13941966742,1248.66492594033,0,7317.53829403222,2875.62805712223,452.902094751596,9.62878082692623,53.9598688185215,48.8490283712745,29.6774826943874,5381.27942610532,115.272662557662,3839.5282857269,0,0,155.997110038996,0,27.9611905813217,0,0,5.37281900644302,237.02606099844,0,0,0,0,0,0,0,0,4.98421269655228,75.3358735442162,0,1.03853678703308,3512.21668108553,23187.0280698836,461.045761607587,2364.50187884271,11.4489693492651,675.001992449164,1412.49558866769,6014.6806929335,0,21.9155899137259,0,0,0.610315680503845,11468.1034339517,2430.64696981758,0,3740.5134492442,8.93730559945107,0.342765271663666,0,0,0,0,0,0,0,0,0,0,0,0,0,0,0,0,0,0,0,0,5.49429461359978,75.4524774923921,461.045761607587,1658.74113351107,130.138599328697,59.4953844249249,2011.54071229696,98.4308929443359,803.701632976532,0,33.6506302133203,0,0.344400554895401,1.65534336864948,962.349365904927,893.023112110794,0,676.10380011797,54.8521597087383,11.3999627381563,0,0,14.7864073514938,0.647245526313782,320.040836617351,50.5661217272282,0,0,185.532596588135,0,0,0,0,0,1.7710790336132,62.2267469018698,0,0.395880401134491,0,0,0.203091874718666,25.1697620898485,2364.50187884271,130.138599328697,1134.9333801046,72.8473567217588,39.380054295063,1.46084028482437,1927.45544618368,0,0.712467327713966,0,0,1.08138203620911,871.471350431442,4111.18180344999,0,266.131457850337,25.9639426916838,0,0.241351172327995,0.765128582715988,0,0,77.1500841677189,1193.96575590968,532.503437757492,0,19.4124272167683,0,0,0.305902719497681,0,96.2687631696463,1.69875526428223,422.851548731327,9.69987869262695,2.22978147864342,6.17103824019432,1.70940816402435,1367.96794837713,72.7988886088133,11.4489693492651,59.4953844249249,72.8473567217588,3863.18764285743,5121.9395166561,861.135848298669,1062.73840227723,63.8179419487715,136.466324359179,151.869715809822,50.6420628428459,3609.0165970102,2.36724981665611,1541.4083365202,398.484471827745,236.477905422449,1283.7147077024,54.1101492643356,0,0,0,0.873107701539993,0.364517569541931,724.655349209905,1478.41338071227,0,9.58269768953323,0,0,0,0,191.575473561883,0,635.458173155785,8.32291916012764,1.44100201129913,2.79092779755592,0,200.206527300179,3518.58748951554,675.001992449164,2011.54071229696,39.380054295063,5121.9395166561,14334.4933689982,476.676237285137,1488.29244618118,20.3579218387604,191.321282684803,28.6589357629418,12.1424804851413,1771.30772691965,75.6954043209553,1323.03378292918,2892.26562803239,3210.12655378133,1240.19033181667,2507.08560074866,0,0,0,0,0,0,0,5.12320947647095,0.950388163328171,0,0,0,0,0,0,0,0,0,18.7362214922905,0,910.715122595429,5926.13941966742,1412.49558866769,98.4308929443359,1.46084028482437,861.135848298669,476.676237285137,11537.4800725728,2998.66559797525,0,3787.34540368617,29.8973619937897,2.40718081593513,29.0346769094467,2.52537865936756,25.9880910664797,3.58253240585327,1667.52008388937,54.2687526643276,97.884436711669,0,0,20.2641345262527,0,17.0067422986031,0,0,0,156.033488512039,0,0,0,0,0,0,0,0,3.16607511043549,175.662193000317,0,64.3096725046635,1248.66492594033,6014.6806929335,803.701632976532,1927.45544618368,1062.73840227723,1488.29244618118,2998.66559797525,2960.85626605153,1.37923437356949,246.76191509515,5.14535453915596,2.52603571116924,123.935534000397,736.476498574018,2617.02078944445,558.621177405119,3094.79340781271,728.49900649488,365.556627526879,372.636469841003,0,0,0,0,0,0,0,0,261.281880795956,0,0,49.5791986584663,0.834436774253845,0,0,60.7916787266731,0,0,0,1885.71774584055,0,0,0,0,63.8179419487715,20.3579218387604,0,1.37923437356949,996.077209740877,15.5326476842165,22.9007330685854,682.892348840833,1907.40411880612,0,0,527.973006367683,0,0,0,0,0,0,0,0,0,0,0,0,0,0,0,0,0,0,0,0,0,0,0,4676.97269146889,7317.53829403222,21.9155899137259,33.6506302133203,0.712467327713966,136.466324359179,191.321282684803,3787.34540368617,246.76191509515,15.5326476842165,9612.33181162179,82.0476927757263,2787.18893511593,134.329176038504,3.73785933107138,5.78993698954582,21.4578735083342,310.85523892194,30.7438679859042,36.6845118626952,0,0,0,0,0,0,0,0,0,0,0,0,0,0,0,0,0,0,0,0,1626.51622289419,2875.62805712223,0,0,0,151.869715809822,28.6589357629418,29.8973619937897,5.14535453915596,22.9007330685854,82.0476927757263,6908.62200568616,859.31822322309,1295.45790967345,0,0,4094.0809995681,23.6335864067078,6.24671971797943,916.587054491043,0,0,0,0,0,0,0,0,0,0,0,0,0,0,0,0,0,0,0,0,7619.93993061036,452.902094751596,0,0.344400554895401,0,50.6420628428459,12.1424804851413,2.40718081593513,2.52603571116924,682.892348840833,2787.18893511593,859.31822322309,5813.10315155983,692.963792949915,0,0,612.292056411505,3.49231262505054,2.39580297470093,0.343260735273361,0,0,0,0,0,159.014393001795,201.718032091856,0,1.22605335712433,0,0,0.306621611118317,0,260.542744666338,0,2.75615262985229,19.7288254201412,0,0,0,3338.07940225303,9.62878082692623,0.610315680503845,1.65534336864948,1.08138203620911,3609.0165970102,1771.30772691965,29.0346769094467,123.935534000397,1907.40411880612,134.329176038504,1295.45790967345,692.963792949915,9962.68751129508,0,6.78908108174801,4256.44297963381,12.8983097672462,50.2872615903616,15.8157322406769,0,0,0,0,0,0,0,0,0,0,0,0,0,0,0,0,0,0,0,0,0,53.9598688185215,11468.1034339517,962.349365904927,871.471350431442,2.36724981665611,75.6954043209553,2.52537865936756,736.476498574018,0,3.73785933107138,0,0,0,7612.48272050172,2829.63557939231,0,735.789268940687,2.26578804850578,0,0,0,0,4.42365953326225,13.5364040136337,290.433319658041,290.932645648718,0,1.32136908173561,0,0,0,0,0.530019879341125,0,1191.55862224102,0,0,2.10231971740723,0,0.501261547207832,48.8490283712745,2430.64696981758,893.023112110794,4111.18180344999,1541.4083365202,1323.03378292918,25.9880910664797,2617.02078944445,0,5.78993698954582,0,0,6.78908108174801,2829.63557939231,9743.20098160207,1.28712618350983,614.346981585026,231.457259759307,0.535697668790817,0,0,0,0,0,0,0,0,0,0,0,0,0,0,0,0,0,0,0,0,623.43640999496,29.6774826943874,0,0,0,398.484471827745,2892.26562803239,3.58253240585327,558.621177405119,527.973006367683,21.4578735083342,4094.0809995681,612.292056411505,4256.44297963381,0,1.28712618350983,5364.96165417135,84.1194676756859,54.1180014014244,526.149727761745,0,0,0,0,0,0,0,0,3.31060981750488,0,0,0,0,0,0,0,0,0,0.524855554103851,0,471.334481194615,5381.27942610532,3740.5134492442,676.10380011797,266.131457850337,236.477905422449,3210.12655378133,1667.52008388937,3094.79340781271,0,310.85523892194,23.6335864067078,3.49231262505054,12.8983097672462,735.789268940687,614.346981585026,84.1194676756859,4454.39736241102,177.946835681796,964.53326651454,24.4759859740734,0,0,0,0,7.15923666954041,0,0,0,0,0,0,0,0.439616739749908,0,0,0,0,296.645644515753,0,181.23582585156,115.272662557662,8.93730559945107,54.8521597087383,25.9639426916838,1283.7147077024,1240.19033181667,54.2687526643276,728.49900649488,0,30.7438679859042,6.24671971797943,2.39580297470093,50.2872615903616,2.26578804850578,231.457259759307,54.1180014014244,177.946835681796,1020.94363424182,95.6680796146393,0,0,0,0,0,0,0,0,0,0,0,0,0,0,0,0,0,0,0,0,330.830508038402,3839.5282857269,0.342765271663666,11.3999627381563,0,54.1101492643356,2507.08560074866,97.884436711669,365.556627526879,0,36.6845118626952,916.587054491043,0.343260735273361,15.8157322406769,0,0.535697668790817,526.149727761745,964.53326651454,95.6680796146393,4972.45345523953
