6556.693110466,699.852876156569,0,0,0,886.332154363394,3.45099663734436,437.287877291441,0,1416.65454301238,2396.28409980237,392.511211708188,5720.23203064501,1060.28687566519,0,0.914708971977234,558.280334502459,7.22045457363129,85.3923510611057,53.2299109697342,135.867430895567,0,0,0,0,0,0,0,0,16.284392118454,2.57015436887741,0,0,0,0,0,0,0,0,0,699.852876156569,38771.9664300159,515.78811237216,14.4742495119572,0,136.430544108152,635.383447729051,1890.97356940806,1077.08891887963,3.34672164916992,4312.0070130378,3432.67973219603,830.385183155537,452.699617005885,0.388620167970657,15.4995437338948,294.160378910601,4260.6137765497,88.5587244778872,2943.19578728825,0,0,0,0,0,3.45253732800484,3.9748108536005,0,0,0,0,0,0,0,0,0.630466341972351,1.23523247241974,0,2.07683196663857,0,0,515.78811237216,7444.23599138856,1060.97665116191,1879.65872043371,0.734134674072266,1479.71815225482,290.421702265739,2683.66763671488,0,37.6774858087301,0,0,0.139952301979065,6588.33544014394,1592.53059978783,0,2068.98021239042,1.83553002774715,8.9883798211813,0,0,6.49869568645954,9.72632205486298,15.2682839334011,0.235797375440598,2.91070999205112,0,3.23321145772934,0,0,0,0,0,5.86830216646194,5.33454257249832,0,1.58831933140755,0,0,0,14.4742495119572,1060.97665116191,3701.87685874104,301.356391236186,55.9980273544788,2376.15148171037,3.90731090307236,497.954702779651,0,0.229289025068283,2.36538988351822,0,2.49287182092667,2305.68339020014,3536.03173886985,16.1422906965017,610.598074615002,49.3955679237843,111.898439474404,0,0,62.2366092503071,71.6450481712818,149.368924260139,31.1442350745201,46.7996596246958,0,23.5899582654238,0,0,0.252665430307388,0,0,72.8996337354183,99.5295526832342,0,14.2923958301544,3.50907880067825,1.93427781760693,0,0,1879.65872043371,301.356391236186,939.462856441736,116.707936197519,34.6902004182339,0,1849.11348646879,0,0,0,0,0,1396.19132681191,1727.27202813327,0.17010509967804,46.181779101491,0.934125930070877,0.25521057844162,0,0,60.316840082407,86.9540767967701,470.842122003436,12.4595168828964,52.2118238061666,0,257.159791857004,0,0,0,0,0,48.5684990286827,174.005709916353,0,27.9053276032209,1.40608642995358,0.57269161939621,886.332154363394,136.430544108152,0.734134674072266,55.9980273544788,116.707936197519,2449.22045764327,2169.41291960329,73.5997871160507,270.24202619493,0.331567972898483,13.3969942331314,113.454522259533,8.92407162487507,1788.73804315925,0.929030761122704,1590.43432220817,422.305577397346,36.7666547298431,479.994323402643,397.188298784196,0,0.478812456130981,0.501371026039124,2.1558039188385,8.72891807556152,545.960074514151,310.805122807622,7.23514851927757,114.484192967415,0,0,5.50888438522816,0.222562104463577,3.59978187084198,0,106.952044785023,17.7999802231789,2.62908607721329,40.8695224523544,42.5773977488279,3.45099663734436,635.383447729051,1479.71815225482,2376.15148171037,34.6902004182339,2169.41291960329,25654.3825294673,41.814472541213,2111.85239313543,0,13.4072605520487,368.526892907917,5.79937091469765,2335.4911037609,172.863103985786,4844.80988149345,2213.20723842829,3055.34292918444,516.453358717263,7531.23723302037,0,0.378755956888199,4.91392217576504,8.78969403356314,39.0357709974051,288.756769165397,241.332839667797,0.947036862373352,43.9732119366527,0,0,0,0.187009498476982,2.86233079433441,5.29234997928143,172.091024816036,5.7217839807272,3.91353222727776,45.3650052696466,7.4541357755661,437.287877291441,1890.97356940806,290.421702265739,3.90731090307236,0,73.5997871160507,41.814472541213,4189.14057102799,1521.34510616958,0,1901.82697692513,0,0,4.21069240570068,0,6.76302362978458,0,1529.13225094974,601.731051668525,5.7878634929657,4.86392760276794,0,0,0,0,0.325939208269119,0,0,0,0,0,0,0,0,0,0,0,0,90.9350903779268,0,0,1077.08891887963,2683.66763671488,497.954702779651,1849.11348646879,270.24202619493,2111.85239313543,1521.34510616958,8594.97691834718,0,461.178223758936,7.56204545497894,0,11.4244756698608,712.58494246006,1389.8815176785,27.6638837009668,6532.09609667957,2873.95888511837,240.771242164075,0,0,6.30661459267139,6.41054105758667,93.2751966565847,99.4674379974604,74.7774425894022,0,442.148551613092,0,0,0.304741516709328,0,0,1.12984085083008,126.060141116381,0,2.13682428002357,36.4920568466187,4.27003262937069,1416.65454301238,3.34672164916992,0,0,0,0.331567972898483,0,0,0,998.015535652637,5.01558692753315,183.723479002714,1585.50925852358,812.1925598979,0,0,1451.2468084693,0,0,1.23885256052017,104.210596889257,0,0,0,0,0,0,0,0,78.7422848939896,1.39691662788391,0,17.9964156448841,0,0,0,3.2603964805603,0,0,0,2396.28409980237,4312.0070130378,37.6774858087301,0.229289025068283,0,13.3969942331314,13.4072605520487,1901.82697692513,461.178223758936,5.01558692753315,5980.08770342171,113.125755369663,751.628991737962,39.2470431923866,0,0.854588180780411,18.6736582815647,1189.10159488022,17.7158283889294,28.2410423904657,2.46403223276138,0,0,0,0,0,0,0,0,0,0,0,0,0,0,0,0,0,0,0,392.511211708188,3432.67973219603,0,2.36538988351822,0,113.454522259533,368.526892907917,0,7.56204545497894,183.723479002714,113.125755369663,12608.349175714,2451.29441389441,3584.88741404563,0,7.00138705223799,2861.08940973133,13.6850370168686,3.61847276985645,2840.47226401418,0,0,0,0,0,0.246870964765549,0,0,0,0.887656629085541,0,0,0,0,0,0.383102715015411,0,0,0,0,5720.23203064501,830.385183155537,0,0,0,8.92407162487507,5.79937091469765,0,0,1585.50925852358,751.628991737962,2451.29441389441,9025.76863346994,602.855628505349,0,0.119133740663528,2152.19731377065,1.32747578620911,0,36.2283373624086,0,0,0,0,0,0,0,0,0,128.375224947929,0,0,0,0,0,0,0,0,0,0,1060.28687566519,452.699617005885,0.139952301979065,2.49287182092667,0,1788.73804315925,2335.4911037609,4.21069240570068,11.4244756698608,812.1925598979,39.2470431923866,3584.88741404563,602.855628505349,7915.68046083301,0,37.7832231000066,7454.03579908609,10.5662428885698,17.2637694478035,383.357585646212,0,0,0,0,0,0,2.29095517098904,0,0,0,0,0,0,0,0,0.47656437754631,0,0,0,0,0,0.388620167970657,6588.33544014394,2305.68339020014,1396.19132681191,0.929030761122704,172.863103985786,0,712.58494246006,0,0,0,0,0,8029.36575144529,7454.17943683267,0.261155545711517,101.122347056866,0.522198051214218,1.12313421070576,0,0,17.6254025399685,6.99046894907951,21.9615636318922,2.09129470586777,3.10202124714851,0,2.03130508959293,0,0,0,0,0,8.25924479961395,19.6950965970755,0,2.92403501272202,0,0,0.914708971977234,15.4995437338948,1592.53059978783,3536.03173886985,1727.27202813327,1590.43432220817,4844.80988149345,6.76302362978458,1389.8815176785,0,0.854588180780411,7.00138705223799,0.119133740663528,37.7832231000066,7454.17943683267,15070.9498448968,37.0902768969536,908.754883803427,328.955667175353,167.210085652769,0.5824294090271,0,34.7975270524621,75.8316695392132,158.011134237051,309.576270833611,239.679239436984,1.26753582060337,70.4475083053112,0,0,0,0,3.24633997678757,32.5506371408701,355.594811916351,2.07885037362576,22.0367527753115,35.570264801383,8.12751287966967,558.280334502459,294.160378910601,0,16.1422906965017,0.17010509967804,422.305577397346,2213.20723842829,0,27.6638837009668,1451.2468084693,18.6736582815647,2861.08940973133,2152.19731377065,7454.03579908609,0.261155545711517,37.0902768969536,9108.41953678429,62.4307164400816,12.6705551743507,1468.3020504564,0,0,0,0.510612964630127,0,8.81117948889732,13.8535639196634,0,8.41468346118927,37.0959843993187,0,0,0,0,0.167649149894714,0.962708115577698,0,0,0.454374074935913,5.4455418586731,7.22045457363129,4260.6137765497,2068.98021239042,610.598074615002,46.181779101491,36.7666547298431,3055.34292918444,1529.13225094974,6532.09609667957,0,1189.10159488022,13.6850370168686,1.32747578620911,10.5662428885698,101.122347056866,908.754883803427,62.4307164400816,2994.79802536964,1087.9300801754,769.089084796607,0,0,4.99478437751532,10.7969367355108,25.1076829135418,23.0151316672564,14.3530351221561,0,11.5413479357958,0,0,0,0,0,0.287864536046982,37.4841687679291,0,1.61804091930389,8.02256006002426,2.67825146019459,85.3923510611057,88.5587244778872,1.83553002774715,49.3955679237843,0.934125930070877,479.994323402643,516.453358717263,601.731051668525,2873.95888511837,0,17.7158283889294,3.61847276985645,0,17.2637694478035,0.522198051214218,328.955667175353,12.6705551743507,1087.9300801754,3962.65592849255,41.4875767081976,0,0,0,6.65015831589699,0,147.728682383895,94.2400798425078,55.4642063975334,80.89576369524,0,0,1.98059386014938,0,1.43714910745621,0.223469719290733,52.703533500433,0,6.21126845479012,2371.82736390829,5.93336853384972,53.2299109697342,2943.19578728825,8.9883798211813,111.898439474404,0.25521057844162,397.188298784196,7531.23723302037,5.7878634929657,240.771242164075,1.23885256052017,28.2410423904657,2840.47226401418,36.2283373624086,383.357585646212,1.12313421070576,167.210085652769,1468.3020504564,769.089084796607,41.4875767081976,9326.69524767995,2.32109761238098,0,0,0,0,23.7368692159653,49.7798048257828,0,25.1852402240038,0,0,3.35923504829407,0,1.90406155586243,0,9.63570818305016,0,3.65636512637138,4.05981905758381,2.61783516407013,135.867430895567,0,0,0,0,0,0,4.86392760276794,0,104.210596889257,2.46403223276138,0,0,0,0,0.5824294090271,0,0,0,2.32109761238098,11852.4012312889,617.615614026785,0.186770707368851,0,0,532.748349457979,46.2933255285025,858.984079435468,79.37210932374,2995.18702632189,3163.43977892399,1338.75812531263,6547.23352466524,1988.9285466224,0,3.93904511630535,276.389836221933,190.945366308093,47.0586089193821,235.816936463118,0,0,0,0,0,0.478812456130981,0.378755956888199,0,0,0,0,0,0,0,0,0,0,0,0,0,617.615614026785,17893.1125725955,895.623137578368,5.34509399533272,0,63.4036985933781,513.688016876578,4535.62975499034,1210.29836282134,0,3485.6772095263,2778.47389645129,518.916630871594,140.884589746594,0,12.0372282788157,181.789290949702,5287.51144532114,349.379934296012,3596.59618980438,0,0,6.49869568645954,62.2366092503071,60.316840082407,0.501371026039124,4.91392217576504,0,6.30661459267139,0,0,0,0,0,17.6254025399685,34.7975270524621,0,4.99478437751532,0,0,0.186770707368851,895.623137578368,8645.61886771023,1083.90744453669,2641.85043839365,13.0084083080292,1201.65912224352,682.951846256852,2920.0685858801,0,16.5739972740412,0.345278829336166,0,0,5186.2142842263,2303.5868761763,2.56492333114147,1253.30721783638,43.9764009863138,19.4360350072384,0,0,9.72632205486298,71.6450481712818,86.9540767967701,2.1558039188385,8.78969403356314,0,6.41054105758667,0,0,0,0,0,6.99046894907951,75.8316695392132,0.510612964630127,10.7969367355108,6.65015831589699,0,0,5.34509399533272,1083.90744453669,2756.01604673266,475.114587269723,92.8147483170033,2480.22081103176,5.04173517227173,728.495527178049,0,0.195523217320442,10.2508702427149,0.545623242855072,4.96521060168743,1339.90456811339,3118.63221300393,40.4804455935955,636.56014457345,97.7859019860625,231.360681831837,0,0,15.2682839334011,149.368924260139,470.842122003436,8.72891807556152,39.0357709974051,0,93.2751966565847,0,0,0,0,0,21.9615636318922,158.011134237051,0,25.1076829135418,0,0,0,0,2641.85043839365,475.114587269723,3667.28390397131,370.49751059711,173.92495290935,0.433145493268967,2400.65431769192,0,0,0,0,1.48581197857857,713.231388404965,2812.77992203832,0,304.495430961251,41.2125001549721,2.37919192016125,0,3.45253732800484,0.235797375440598,31.1442350745201,12.4595168828964,545.960074514151,288.756769165397,0.325939208269119,99.4674379974604,0,0,0.246870964765549,0,0,2.09129470586777,309.576270833611,8.81117948889732,23.0151316672564,147.728682383895,23.7368692159653,532.748349457979,63.4036985933781,13.0084083080292,92.8147483170033,370.49751059711,2535.70490854979,3188.30947673321,780.983396545053,889.30749989301,0.965536177158356,3.87311089038849,201.592380866408,21.7350589036942,2588.9218942076,7.29265747964382,1703.35837755352,450.482359781861,102.424414671957,1151.17246583104,269.914907976985,0,3.9748108536005,2.91070999205112,46.7996596246958,52.2118238061666,310.805122807622,241.332839667797,0,74.7774425894022,0,0,0,0,2.29095517098904,3.10202124714851,239.679239436984,13.8535639196634,14.3530351221561,94.2400798425078,49.7798048257828,46.2933255285025,513.688016876578,1201.65912224352,2480.22081103176,173.92495290935,3188.30947673321,23711.3856853917,61.7499175518751,2221.50055966526,0.935614794492722,3.17132544517517,425.860478706658,11.7834923267365,1788.71678610891,154.482141301036,4724.39242576808,3920.46017046273,1528.21539404243,1809.79352995753,5915.35302828997,0,0,0,0,0,7.23514851927757,0.947036862373352,0,0,0,0,0,0,0,0,1.26753582060337,0,0,55.4642063975334,0,858.984079435468,4535.62975499034,682.951846256852,5.04173517227173,0.433145493268967,780.983396545053,61.7499175518751,8577.8482042551,3178.67095696926,0,2227.02712062001,18.0162364393473,23.1438475549221,41.3348403722048,0,17.52804030478,11.141748458147,1556.00170908868,884.911372691393,127.328100204468,0,0,3.23321145772934,23.5899582654238,257.159791857004,114.484192967415,43.9732119366527,0,442.148551613092,0,0,0,0,0,2.03130508959293,70.4475083053112,8.41468346118927,11.5413479357958,80.89576369524,25.1852402240038,79.37210932374,1210.29836282134,2920.0685858801,728.495527178049,2400.65431769192,889.30749989301,2221.50055966526,3178.67095696926,10205.2159833461,0.345692783594131,419.623031467199,112.985597699881,11.8892810493708,91.9337971806526,164.499542377889,1649.17281512916,199.810632973909,3570.07574436069,4087.54747640342,727.254294715822,16.284392118454,0,0,0,0,0,0,0,0,78.7422848939896,0,0.887656629085541,128.375224947929,0,0,0,37.0959843993187,0,0,0,2995.18702632189,0,0,0,0,0.965536177158356,0.935614794492722,0,0.345692783594131,2692.25917348266,10.7593477666378,119.996289640665,1922.82771496475,1047.30481243134,0,0,972.503360420465,0,0,0.343809396028519,2.57015436887741,0,0,0,0,0,0,0,0,1.39691662788391,0,0,0,0,0,0,0,0,0,0,3163.43977892399,3485.6772095263,16.5739972740412,0.195523217320442,0,3.87311089038849,3.17132544517517,2227.02712062001,419.623031467199,10.7593477666378,3529.7651579082,117.687865644693,1339.20048743486,75.4797883778811,0,0.539281666278839,20.1567847132683,563.740241125226,51.8248109221458,17.7751886099577,0,0,0,0.252665430307388,0,5.50888438522816,0,0,0.304741516709328,0,0,0,0,0,0,0,0,0,1.98059386014938,3.35923504829407,1338.75812531263,2778.47389645129,0.345278829336166,10.2508702427149,0,201.592380866408,425.860478706658,18.0162364393473,112.985597699881,119.996289640665,117.687865644693,10300.9915489331,1759.95621965826,3095.72749996185,0.189684450626373,19.9103148058057,4219.18078737706,220.627866357565,39.3403320759535,4183.11157108098,0,0,0,0,0,0.222562104463577,0.187009498476982,0,0,17.9964156448841,0,0,0,0,0,0,0,0,0,0,6547.23352466524,518.916630871594,0,0.545623242855072,0,21.7350589036942,11.7834923267365,23.1438475549221,11.8892810493708,1922.82771496475,1339.20048743486,1759.95621965826,5898.97617422044,2218.1384152472,0,0.529879003763199,607.826280206442,27.8931168913841,4.87878961861134,44.2051075324416,0,0,0,0,0,3.59978187084198,2.86233079433441,0,0,0,0,0,0,0,0,3.24633997678757,0,0,1.43714910745621,1.90406155586243,1988.9285466224,140.884589746594,0,4.96521060168743,1.48581197857857,2588.9218942076,1788.71678610891,41.3348403722048,91.9337971806526,1047.30481243134,75.4797883778811,3095.72749996185,2218.1384152472,12859.3387523443,0,46.4789520576596,7019.00755286217,51.9547761231661,42.4375682026148,249.235613375902,0,0,5.86830216646194,72.8996337354183,48.5684990286827,0,5.29234997928143,0,1.12984085083008,0,0,0,0,0,8.25924479961395,32.5506371408701,0.167649149894714,0.287864536046982,0.223469719290733,0,0,0,5186.2142842263,1339.90456811339,713.231388404965,7.29265747964382,154.482141301036,0,164.499542377889,0,0,0.189684450626373,0,0,7273.92061898112,4770.03822270781,0.638949155807495,575.893629491329,3.86565940082073,2.40965400636196,0,0.630466341972351,5.33454257249832,99.5295526832342,174.005709916353,106.952044785023,172.091024816036,0,126.060141116381,0,0,0.383102715015411,0,0.47656437754631,19.6950965970755,355.594811916351,0.962708115577698,37.4841687679291,52.703533500433,9.63570818305016,3.93904511630535,12.0372282788157,2303.5868761763,3118.63221300393,2812.77992203832,1703.35837755352,4724.39242576808,17.52804030478,1649.17281512916,0,0.539281666278839,19.9103148058057,0.529879003763199,46.4789520576596,4770.03822270781,19805.1406682655,82.0376603230834,595.841940820217,751.25729162991,235.222413495183,0,1.23523247241974,0,0,0,17.7999802231789,5.7217839807272,0,0,3.2603964805603,0,0,0,0,0,2.07885037362576,0,0,0,0,276.389836221933,181.789290949702,2.56492333114147,40.4804455935955,0,450.482359781861,3920.46017046273,11.141748458147,199.810632973909,972.503360420465,20.1567847132683,4219.18078737706,607.826280206442,7019.00755286217,0.638949155807495,82.0376603230834,12133.9267995059,164.875548616052,99.3812947869301,685.883165299892,0,0,1.58831933140755,14.2923958301544,27.9053276032209,2.62908607721329,3.91353222727776,0,2.13682428002357,0,0,0,0,0,2.92403501272202,22.0367527753115,0,1.61804091930389,6.21126845479012,3.65636512637138,190.945366308093,5287.51144532114,1253.30721783638,636.56014457345,304.495430961251,102.424414671957,1528.21539404243,1556.00170908868,3570.07574436069,0,563.740241125226,220.627866357565,27.8931168913841,51.9547761231661,575.893629491329,595.841940820217,164.875548616052,1269.71251432598,1035.93773971498,1019.49991098046,0,2.07683196663857,0,3.50907880067825,1.40608642995358,40.8695224523544,45.3650052696466,90.9350903779268,36.4920568466187,0,0,0,0,0,0,35.570264801383,0.454374074935913,8.02256006002426,2371.82736390829,4.05981905758381,47.0586089193821,349.379934296012,43.9764009863138,97.7859019860625,41.2125001549721,1151.17246583104,1809.79352995753,884.911372691393,4087.54747640342,0,51.8248109221458,39.3403320759535,4.87878961861134,42.4375682026148,3.86565940082073,751.25729162991,99.3812947869301,1035.93773971498,6043.28247408569,472.358235992491,0,0,0,1.93427781760693,0.57269161939621,42.5773977488279,7.4541357755661,0,4.27003262937069,0,0,0,0,0,0,8.12751287966967,5.4455418586731,2.67825146019459,5.93336853384972,2.61783516407013,235.816936463118,3596.59618980438,19.4360350072384,231.360681831837,2.37919192016125,269.914907976985,5915.35302828997,127.328100204468,727.254294715822,0.343809396028519,17.7751886099577,4183.11157108098,44.2051075324416,249.235613375902,2.40965400636196,235.222413495183,685.883165299892,1019.49991098046,472.358235992491,6427.15955038369
