11860.1472922564,527.258525177836,0,1.45863953232765,0,1085.74480994046,32.1608042269945,890.692468076944,10.4202388226986,1202.91696581244,2955.68280294538,900.203147903085,4458.47248454392,4264.42862519622,0,4.06755527853966,459.44499476254,47.0857409834862,165.076965138316,21.7819584608078,800.522318005562,0,0,0,0,0.245190367102623,0.206686705350876,32.4370627254248,0,136.519724279642,1.59918686747551,0,0,62.4498302042484,0,0,0,0,0,1.05606257915497,527.258525177836,29339.8474469185,1987.70273530483,36.9016538262367,1.31654518842697,901.928663350642,2007.65974581987,3000.13582725823,1720.02525286376,1.67668190598488,5617.15181437135,3335.30013693869,1008.23953986168,328.197840705514,0,117.734928719699,319.974057510495,6321.97088880837,282.018863841891,3437.9833387062,0,0.709497094154358,0,0,2.98873275518417,53.7824112772942,5.28043499588966,3.94046875834465,2.27564027905464,0,0,1.31029915809631,0,1.71539455652237,0,4.33729827404022,0.3627048432827,2.11354246735573,6.70175667107105,1.65361182391644,0,1987.70273530483,6697.0411298424,1146.55584643781,2012.87567986548,5.05998064577579,910.344035342336,52.9092849045992,3183.60052014887,0,95.9994285702705,1.74404209852219,1.35286808013916,5.12985706329346,7106.77566532791,1966.35178136081,3.13362327218056,3092.39078627527,11.2826942503452,17.7384357452393,0,0,40.0927478447556,22.0857734903693,80.6107863783836,0,0.755904078483582,0,9.11597377061844,0,0,0,0,0,14.2107247337699,40.7960338741541,0,3.84770415723324,0.541707918047905,0,1.45863953232765,36.9016538262367,1146.55584643781,3755.7376780957,567.128091201186,111.694360472262,3845.09143032879,10.6428222060204,917.001080304384,0,13.0592285692692,8.34546011686325,0.786275774240494,32.6509360074997,1660.56523764133,3574.85758890212,42.5726049542427,904.092734605074,121.189974367619,120.947978749871,0,1.27885390818119,27.9237951040268,84.3055574297905,252.947436362505,18.6184576004744,42.9597070217133,2.37583440542221,100.996568836272,0,0,0.154825896024704,0,0,47.6311838999391,300.465779580176,0.348001211881638,32.0190516263247,25.2684370353818,3.29063788056374,0,1.31654518842697,2012.87567986548,567.128091201186,1151.03443235159,51.9719058051705,336.032156430185,6.6986311674118,2161.74456620216,0,1.34349426627159,0.434476137161255,0,2.37230990082026,1512.0130083859,3762.27506814152,3.24255467951298,366.078166663647,60.5421187728643,4.81451797485352,0,2.10130032896996,140.31788380444,173.427984930575,980.763046517968,10.5896106734872,39.5117914229631,2.72435963153839,123.188610129058,0,0,0,0,0,207.228527367115,612.637105852365,0,37.1936517655849,4.15187932550907,1.05161133408546,1085.74480994046,901.928663350642,5.05998064577579,111.694360472262,51.9719058051705,3161.62804598361,2831.17803647369,190.80538700521,1177.32542676479,1.72437760233879,458.401412591338,587.63726143539,90.6995710581541,2393.18877290189,11.0722370296717,3231.3129889518,298.413143724203,135.978484280407,1277.23237040639,817.452810503542,1.49745424091816,23.5925110131502,3.05433074384928,26.6416684314609,6.24331791698933,759.7699983567,129.926902554929,9.96358558535576,69.6348973140121,0,1.96457460522652,10.3111569583416,2.73715192079544,36.2229453474283,3.4128934442997,96.8731991052628,6.84038892388344,21.589712113142,42.7561427950859,29.8163907974958,32.1608042269945,2007.65974581987,910.344035342336,3845.09143032879,336.032156430185,2831.17803647369,16807.4509260952,60.7231278121471,1657.30412365496,0.466982617974281,204.026861771941,404.794517055154,15.7242666631937,1915.73028160632,60.811537861824,4284.05302419513,1783.06553398073,1912.8548245877,1058.012475878,4776.99556770176,0,17.3124638050795,7.80446816980839,29.1356760412455,40.0421984940767,356.098531067371,177.976731292903,18.6031314581633,105.243994578719,0,3.2309405952692,10.1370897740126,0,13.6518154740334,4.16845859587193,195.839492224157,4.60607513785362,31.8766053393483,59.5093245655298,33.9504620879889,890.692468076944,3000.13582725823,52.9092849045992,10.6428222060204,6.6986311674118,190.80538700521,60.7231278121471,2976.84444543719,1176.48330061138,0,3402.62533374131,7.87821838259697,1.51417768001556,8.83288952708244,0.220316141843796,19.4754818379879,4.14128795266151,1118.64591042697,2377.59127134085,12.4134473353624,43.0788368135691,0.150965631008148,0.663540661334991,1.34541574120522,1.05307018756866,8.41239538043737,21.6483686119318,270.583002582192,78.0466080605984,0,7.31887778639793,0,0,0,0,10.1350779309869,0,5.28836305439472,202.166381895542,0,10.4202388226986,1720.02525286376,3183.60052014887,917.001080304384,2161.74456620216,1177.32542676479,1657.30412365496,1176.48330061138,11080.6928769946,0,545.029736801982,30.7358781546354,2.33445650339127,42.7204678058624,637.556072309613,1723.31618349254,39.5645723044872,7060.69389411807,4548.70261222124,215.639097213745,1.35274916887283,5.72436094284058,28.8283783197403,59.8985611051321,85.2680993825197,209.036560550332,120.294429056346,171.554245561361,455.860661737621,0,0,5.46739089488983,0,8.09217683970928,31.0840595439076,208.495291002095,4.78734081983566,44.3412200212479,779.287464186549,18.8478496968746,1202.91696581244,1.67668190598488,0,0,0,1.72437760233879,0.466982617974281,0,0,965.786776959896,6.15513454377651,59.8321477472782,783.511990815401,2457.59611237049,0,0.518533706665039,1213.61521342397,0,0,0.61289669573307,67.2540767788887,0,0,0,0,0,0,0,0,608.356317728758,0,0.732378304004669,0,175.835232645273,0,0,0,0,0,0,2955.68280294538,5617.15181437135,95.9994285702705,13.0592285692692,1.34349426627159,458.401412591338,204.026861771941,3402.62533374131,545.029736801982,6.15513454377651,5514.32027763128,970.073756739497,601.493368789554,430.620607227087,0,37.7217936366796,127.022974520922,1567.62791903317,252.758590042591,364.630744054914,25.0311998128891,0,0,0,0,11.3895200043917,0.763835474848747,17.1738014221191,0,0,4.37521323561668,0,0,0.44867767393589,0,0.655776962637901,0,0,2.41769737005234,1.65970069169998,900.203147903085,3335.30013693869,1.74404209852219,8.34546011686325,0.434476137161255,587.63726143539,404.794517055154,7.87821838259697,30.7358781546354,59.8321477472782,970.073756739497,9896.45763269067,2291.59265822172,2374.82495427132,0,29.1221124008298,3399.78252978623,25.9703996181488,8.68539929389954,1973.0887259841,0,1.53238570690155,0.499217242002487,0.607948064804077,0,20.5413510799408,2.37201373279095,0,0,0,0,0,0,9.40755757689476,0,1.13081109523773,0,0.317958444356918,0,0.712103068828583,4458.47248454392,1008.23953986168,1.35286808013916,0.786275774240494,0,90.6995710581541,15.7242666631937,1.51417768001556,2.33445650339127,783.511990815401,601.493368789554,2291.59265822172,5417.49868279696,1112.84154348075,0,4.06649945676327,1059.62100827694,5.22333663702011,1.2568169310689,17.4609632194042,35.2048942446709,0,0,0,0,0,0,0,0,25.8951962590218,0,0,0,4.16767364740372,0,0,0,0,0,0,4264.42862519622,328.197840705514,5.12985706329346,32.6509360074997,2.37230990082026,2393.18877290189,1915.73028160632,8.83288952708244,42.7204678058624,2457.59611237049,430.620607227087,2374.82495427132,1112.84154348075,9193.24854850769,0.281378477811813,92.5961101129651,5054.23180739582,22.0097357481718,25.9826728701591,341.476056605577,131.894578695297,0.89674299955368,0,0.184899419546127,0.609334051609039,33.3571908771992,1.15766781568527,0,2.58950874209404,149.275324612856,0,0,0,889.564054220915,0,2.30650320649147,0,2.83311343193054,0.74602860212326,0,0,0,7106.77566532791,1660.56523764133,1512.0130083859,11.0722370296717,60.811537861824,0.220316141843796,637.556072309613,0,0,0,0,0.281378477811813,10392.7052045316,5678.89235713333,0.21695813536644,324.648215264082,10.6434934288263,2.04432779550552,0,0,26.0375282987952,20.4353795796633,220.269319236279,0,2.02002330124378,0.162772849202156,6.14799958467484,0,0,0,0,0,37.8404558598995,57.1621144935489,0,5.18253993988037,0.727833330631256,0,4.06755527853966,117.734928719699,1966.35178136081,3574.85758890212,3762.27506814152,3231.3129889518,4284.05302419513,19.4754818379879,1723.31618349254,0.518533706665039,37.7217936366796,29.1221124008298,4.06649945676327,92.5961101129651,5678.89235713333,14536.6981872246,61.5548296868801,747.314857326448,645.640365004539,204.250941611826,0.374371439218521,11.1823987513781,109.272257223725,178.673688724637,799.102377690375,346.816906832159,241.934403896332,19.8738059774041,314.124221757054,0,0.520823612809181,7.27596574276686,1.36010022461414,5.89495351910591,179.203370451927,965.480168022215,8.44633819162846,76.5500193685293,89.4992564469576,26.5003538578749,459.44499476254,319.974057510495,3.13362327218056,42.5726049542427,3.24255467951298,298.413143724203,1783.06553398073,4.14128795266151,39.5645723044872,1213.61521342397,127.022974520922,3399.78252978623,1059.62100827694,5054.23180739582,0.21695813536644,61.5548296868801,4465.4776352793,53.341035977006,11.8761943951249,889.455801464617,1.01520884037018,1.63970619440079,0.170670434832573,1.25376719236374,0,13.1540358811617,2.97121927142143,0,2.88780254125595,30.2259914577007,0,0,0,30.7536464631557,0,4.67764922976494,0,0.949757322669029,0.780206143856049,0.205647319555283,47.0857409834862,6321.97088880837,3092.39078627527,904.092734605074,366.078166663647,135.978484280407,1912.8548245877,1118.64591042697,7060.69389411807,0,1567.62791903317,25.9703996181488,5.22333663702011,22.0097357481718,324.648215264082,747.314857326448,53.341035977006,4276.49957787991,603.56339481473,327.355252638459,0,2.16649106144905,10.3213417977095,23.8987446129322,36.3850860446692,24.5934463143349,16.4267851412296,3.54858216643333,33.6178169026971,0,0,0.356744706630707,0.387301653623581,0,11.8222368061543,78.4965612590313,0,10.3852099329233,11.2152015566826,1.07261557877064,165.076965138316,282.018863841891,11.2826942503452,121.189974367619,60.5421187728643,1277.23237040639,1058.012475878,2377.59127134085,4548.70261222124,0,252.758590042591,8.68539929389954,1.2568169310689,25.9826728701591,10.6434934288263,645.640365004539,11.8761943951249,603.56339481473,3553.72919985652,82.0559092089534,5.60280209779739,2.47027200460434,6.2328949123621,12.2331562042236,6.10340876877308,806.71321977675,152.134557574987,292.839212402701,601.047121398151,0,0,2.29449248313904,0,3.66694462299347,0.353723138570786,82.9108078181744,3.16947162151337,41.0966803878546,4137.35834722221,5.5807296782732,21.7819584608078,3437.9833387062,17.7384357452393,120.947978749871,4.81451797485352,817.452810503542,4776.99556770176,12.4134473353624,215.639097213745,0.61289669573307,364.630744054914,1973.0887259841,17.4609632194042,341.476056605577,2.04432779550552,204.250941611826,889.455801464617,327.355252638459,82.0559092089534,5120.66905814409,0,8.6405378729105,0.14847756922245,2.72929334640503,0.434472411870956,122.2290828228,22.3201015219092,0.134773969650269,13.2261615693569,0,0,2.03990799188614,1.50914764404297,10.7841942459345,0.531882926821709,12.2707002088428,1.6315985918045,2.30557270348072,7.7163613140583,9.0754868388176,800.522318005562,0,0,0,0,1.49745424091816,0,43.0788368135691,1.35274916887283,67.2540767788887,25.0311998128891,0,35.2048942446709,131.894578695297,0,0.374371439218521,1.01520884037018,0,5.60280209779739,0,14061.4900562912,461.372863933444,2.20800200104713,1.28557097911835,0,2086.17655430734,122.172348976135,1146.87416575849,15.217816889286,2659.45138895512,3546.77956715226,1068.41643927991,5772.71281777322,4490.8318195343,0,4.76394987106323,768.204049780965,25.4215399622917,15.5225586891174,53.5596255809069,0,0.709497094154358,0,1.27885390818119,2.10130032896996,23.5925110131502,17.3124638050795,0.150965631008148,5.72436094284058,0,0,1.53238570690155,0,0.89674299955368,0,11.1823987513781,1.63970619440079,2.16649106144905,2.47027200460434,8.6405378729105,461.372863933444,26027.5150686949,1735.18264320493,25.629000544548,5.31490728259087,983.287462934852,2672.7069170475,4239.56551033258,1967.03733317554,0,3866.78739930689,3536.68008410931,271.871903195977,294.226031735539,5.31334635615349,63.9888863489032,224.478887572885,5917.43575690687,510.783586144447,2641.62121021748,0,0,40.0927478447556,27.9237951040268,140.31788380444,3.05433074384928,7.80446816980839,0.663540661334991,28.8283783197403,0,0,0.499217242002487,0,0,26.0375282987952,109.272257223725,0.170670434832573,10.3213417977095,6.2328949123621,0.14847756922245,2.20800200104713,1735.18264320493,7730.56612164527,1019.41826157272,2021.90239772201,31.264912635088,2678.60675321519,167.526825964451,4241.62241880596,0,47.2235080897808,28.9985745251179,0.750849068164825,13.8960658460855,6458.80115292966,2216.84966222197,18.5926275998354,3928.86192417145,32.6437027901411,68.3600865900517,0,0,22.0857734903693,84.3055574297905,173.427984930575,26.6416684314609,29.1356760412455,1.34541574120522,59.8985611051321,0,0,0.607948064804077,0,0.184899419546127,20.4353795796633,178.673688724637,1.25376719236374,23.8987446129322,12.2331562042236,2.72929334640503,1.28557097911835,25.629000544548,1019.41826157272,2409.81032007933,408.959582135081,54.0155711844563,1659.4818720445,29.075683683157,857.134035214782,0,2.48273484408855,19.6529112607241,0.498122304677963,9.08458516001701,1645.55844328552,3776.19588236511,4.93422903120518,725.419626817107,63.6785847023129,84.1368020772934,0,2.98873275518417,80.6107863783836,252.947436362505,980.763046517968,6.24331791698933,40.0421984940767,1.05307018756866,85.2680993825197,0,0,0,0,0.609334051609039,220.269319236279,799.102377690375,0,36.3850860446692,6.10340876877308,0.434472411870956,0,5.31490728259087,2021.90239772201,408.959582135081,2228.11897371709,328.325395688415,136.350020386279,3.76680414378643,1211.2270205617,0,0.585060968995094,1.37897525727749,0,9.83897852897644,1798.31579981744,3942.24122472852,5.59477832913399,160.898627303541,39.1941322684288,8.517508238554,0.245190367102623,53.7824112772942,0,18.6184576004744,10.5896106734872,759.7699983567,356.098531067371,8.41239538043737,209.036560550332,0,11.3895200043917,20.5413510799408,0,33.3571908771992,0,346.816906832159,13.1540358811617,24.5934463143349,806.71321977675,122.2290828228,2086.17655430734,983.287462934852,31.264912635088,54.0155711844563,328.325395688415,3909.28027512133,2978.32392141223,786.395788475871,1251.07385669649,4.84969615936279,407.915619030595,799.688184551895,150.094916194677,2876.48254526407,4.90520298480988,1290.10965628922,580.901245862246,175.979238018394,821.920864388347,1011.43263107538,0.206686705350876,5.28043499588966,0.755904078483582,42.9597070217133,39.5117914229631,129.926902554929,177.976731292903,21.6483686119318,120.294429056346,0,0.763835474848747,2.37201373279095,0,1.15766781568527,2.02002330124378,241.934403896332,2.97121927142143,16.4267851412296,152.134557574987,22.3201015219092,122.172348976135,2672.7069170475,2678.60675321519,1659.4818720445,136.350020386279,2978.32392141223,14748.8301391602,413.644030936062,1353.94118362665,2.05682009458542,60.3188994005322,972.22714741528,39.3640841990709,2044.76618959755,143.947752095759,2842.6640111506,2091.23269869387,1370.48417685181,1554.51602502912,4932.98766035587,32.4370627254248,3.94046875834465,0,2.37583440542221,2.72435963153839,9.96358558535576,18.6031314581633,270.583002582192,171.554245561361,0,17.1738014221191,0,0,0,0.162772849202156,19.8738059774041,0,3.54858216643333,292.839212402701,0.134773969650269,1146.87416575849,4239.56551033258,167.526825964451,29.075683683157,3.76680414378643,786.395788475871,413.644030936062,3146.96091113985,1333.9152316153,0,4187.20515980572,44.9663924723864,11.2731130719185,68.2157425135374,3.6138813495636,92.1801460310817,14.4462754130363,1299.53249900043,2060.86911287159,81.8061829209328,0,2.27564027905464,9.11597377061844,100.996568836272,123.188610129058,69.6348973140121,105.243994578719,78.0466080605984,455.860661737621,0,0,0,0,2.58950874209404,6.14799958467484,314.124221757054,2.88780254125595,33.6178169026971,601.047121398151,13.2261615693569,15.217816889286,1967.03733317554,4241.62241880596,857.134035214782,1211.2270205617,1251.07385669649,1353.94118362665,1333.9152316153,10637.6567611992,0,134.057094290853,48.1382310539484,1.28407397866249,24.7291780561209,1022.52587611228,1893.58608145267,23.4384845197201,5286.94014747441,4419.09202440828,124.583073876798,136.519724279642,0,0,0,0,0,0,0,0,608.356317728758,0,0,25.8951962590218,149.275324612856,0,0,30.2259914577007,0,0,0,2659.45138895512,0,0,0,0,4.84969615936279,2.05682009458542,0,0,1346.50367078185,16.100971698761,116.635867536068,1015.77660056949,2272.68963389099,0,0,1158.98570151627,0,0,0.251598417758942,1.59918686747551,0,0,0,0,1.96457460522652,3.2309405952692,7.31887778639793,0,0,4.37521323561668,0,0,0,0,0.520823612809181,0,0,0,0,3546.77956715226,3866.78739930689,47.2235080897808,2.48273484408855,0.585060968995094,407.915619030595,60.3188994005322,4187.20515980572,134.057094290853,16.100971698761,3980.3041690439,198.725534245372,956.959768116474,299.183623924851,0.587332129478455,2.60551872849464,47.8967839181423,310.145720243454,19.7470657080412,32.4541594535112,0,1.31029915809631,0,0.154825896024704,0,10.3111569583416,10.1370897740126,0,5.46739089488983,0.732378304004669,0,0,0,0,0,7.27596574276686,0,0.356744706630707,2.29449248313904,2.03990799188614,1068.41643927991,3536.68008410931,28.9985745251179,19.6529112607241,1.37897525727749,799.688184551895,972.22714741528,44.9663924723864,48.1382310539484,116.635867536068,198.725534245372,9470.45072218776,1997.23774975538,2671.71204249561,2.06247875094414,34.5028388500214,4757.34137713909,138.96497027576,64.0599725097418,3181.27949376404,0,0,0,0,0,2.73715192079544,0,0,0,0,0,0,0,0,0,1.36010022461414,0,0.387301653623581,0,1.50914764404297,5772.71281777322,271.871903195977,0.750849068164825,0.498122304677963,0,150.094916194677,39.3640841990709,11.2731130719185,1.28407397866249,1015.77660056949,956.959768116474,1997.23774975538,4641.53590732813,1474.85812999308,0.405857980251312,4.16012464463711,1053.28260459006,11.4506213665009,3.34264543652534,12.8049047589302,62.4498302042484,1.71539455652237,0,0,0,36.2229453474283,13.6518154740334,0,8.09217683970928,175.835232645273,0.44867767393589,9.40755757689476,4.16767364740372,889.564054220915,0,5.89495351910591,30.7536464631557,0,3.66694462299347,10.7841942459345,4490.8318195343,294.226031735539,13.8960658460855,9.08458516001701,9.83897852897644,2876.48254526407,2044.76618959755,68.2157425135374,24.7291780561209,2272.68963389099,299.183623924851,2671.71204249561,1474.85812999308,10281.4506533295,0,44.6755435913801,5949.46931916475,11.2082141935825,27.0712110847235,276.584259673953,0,0,14.2107247337699,47.6311838999391,207.228527367115,3.4128934442997,4.16845859587193,0,31.0840595439076,0,0,0,0,0,37.8404558598995,179.203370451927,0,11.8222368061543,0.353723138570786,0.531882926821709,0,5.31334635615349,6458.80115292966,1645.55844328552,1798.31579981744,4.90520298480988,143.947752095759,3.6138813495636,1022.52587611228,0,0.587332129478455,2.06247875094414,0.405857980251312,0,11818.4541103542,7668.99665118009,0.334587037563324,846.812337547541,5.64415481686592,9.51438724994659,0,4.33729827404022,40.7960338741541,300.465779580176,612.637105852365,96.8731991052628,195.839492224157,10.1350779309869,208.495291002095,0,0.655776962637901,1.13081109523773,0,2.30650320649147,57.1621144935489,965.480168022215,4.67764922976494,78.4965612590313,82.9108078181744,12.2707002088428,4.76394987106323,63.9888863489032,2216.84966222197,3776.19588236511,3942.24122472852,1290.10965628922,2842.6640111506,92.1801460310817,1893.58608145267,0,2.60551872849464,34.5028388500214,4.16012464463711,44.6755435913801,7668.99665118009,16491.4805171266,26.4071250408888,694.775520712137,363.417234137654,86.405032299459,0,0.3627048432827,0,0.348001211881638,0,6.84038892388344,4.60607513785362,0,4.78734081983566,0,0,0,0,0,0,8.44633819162846,0,0,3.16947162151337,1.6315985918045,768.204049780965,224.478887572885,18.5926275998354,4.93422903120518,5.59477832913399,580.901245862246,2091.23269869387,14.4462754130363,23.4384845197201,1158.98570151627,47.8967839181423,4757.34137713909,1053.28260459006,5949.46931916475,0.334587037563324,26.4071250408888,5325.59521257877,23.4807294756174,39.9163558334112,849.041999354959,0,2.11354246735573,3.84770415723324,32.0190516263247,37.1936517655849,21.589712113142,31.8766053393483,5.28836305439472,44.3412200212479,0,0,0.317958444356918,0,2.83311343193054,5.18253993988037,76.5500193685293,0.949757322669029,10.3852099329233,41.0966803878546,2.30557270348072,25.4215399622917,5917.43575690687,3928.86192417145,725.419626817107,160.898627303541,175.979238018394,1370.48417685181,1299.53249900043,5286.94014747441,0,310.145720243454,138.96497027576,11.4506213665009,11.2082141935825,846.812337547541,694.775520712137,23.4807294756174,5247.54326564074,760.215783655643,419.913950487971,0,6.70175667107105,0.541707918047905,25.2684370353818,4.15187932550907,42.7561427950859,59.5093245655298,202.166381895542,779.287464186549,0,2.41769737005234,0,0,0.74602860212326,0.727833330631256,89.4992564469576,0.780206143856049,11.2152015566826,4137.35834722221,7.7163613140583,15.5225586891174,510.783586144447,32.6437027901411,63.6785847023129,39.1941322684288,821.920864388347,1554.51602502912,2060.86911287159,4419.09202440828,0,19.7470657080412,64.0599725097418,3.34264543652534,27.0712110847235,5.64415481686592,363.417234137654,39.9163558334112,760.215783655643,3830.5826164782,137.084811098874,1.05606257915497,1.65361182391644,0,3.29063788056374,1.05161133408546,29.8163907974958,33.9504620879889,0,18.8478496968746,0,1.65970069169998,0.712103068828583,0,0,0,26.5003538578749,0.205647319555283,1.07261557877064,5.5807296782732,9.0754868388176,53.5596255809069,2641.62121021748,68.3600865900517,84.1368020772934,8.517508238554,1011.43263107538,4932.98766035587,81.8061829209328,124.583073876798,0.251598417758942,32.4541594535112,3181.27949376404,12.8049047589302,276.584259673953,9.51438724994659,86.405032299459,849.041999354959,419.913950487971,137.084811098874,5138.10076801479
