7664.35692565143,884.936669379473,0,0,0,594.326966375113,0,825.491086982191,0,2085.59354788065,1842.42015603185,542.836549714208,4106.54388129711,2993.08195029199,0,0,851.75104919076,0.967244833707809,376.708852782845,0,777.352526992559,0,0,0,0,4.08581191301346,0,2.4050632417202,0,480.121134653687,1.64371782541275,0,0,8.40811476111412,0,0,0,0,16.2950952351093,0,884.936669379473,27733.5837909132,863.710961401463,8.68217673897743,0.357242971658707,276.637046977878,1573.47372220457,2520.75522218645,1970.79905326664,0,5031.38774433732,2010.06872144341,542.731258809566,306.607722908258,0,15.0193345546722,91.7699203193188,5294.5581253022,41.7616191208363,1050.62205201387,0,0,0,0,0,2.81267613172531,0,0,0.901464730501175,0,0,0,0,0,0,0.246747389435768,0,0,0.362106591463089,0,0,863.710961401463,7005.29006555676,540.322382360697,1214.90407943726,2.14716556668282,421.635573506355,91.5664062649012,2453.31192016602,0,74.41858035326,0,0,0,5548.01094006747,370.010666742921,1.34111702442169,760.154781892896,1.43434637784958,0,0,0,17.4316477775574,0,7.73457214236259,0.523686468601227,0,0,1.20415575802326,0,0,0,0,0,0,1.33642780780792,0,0,0,0,0,8.68217673897743,540.322382360697,3936.64340993762,863.554290682077,142.716662317514,2986.59703053534,0.176467031240463,406.123071581125,0,1.51133573055267,0.971588090062141,0,0.289432615041733,2173.48722346127,3339.91085526347,15.149798065424,400.879387557507,39.4895794689655,19.0506797283888,0,0,1.82974337786436,6.65681077539921,98.7623183429241,16.3006908148527,2.18459004163742,0,42.8597771003842,0,0,0,0,0,6.34952269494534,51.9455207288265,0,6.30966118723154,0,0,0,0.357242971658707,1214.90407943726,863.554290682077,4296.8722550571,152.271744295955,53.1923938393593,0,2026.3550581038,0,0,0,0,0,2071.96978008747,4421.92642939091,0,125.77092653513,3.15013074874878,0.740542575716972,0,0,22.4751013070345,71.6603353172541,861.809510469437,66.5744840204716,6.15026339888573,0,292.115398272872,0,0,0,0,0,37.8631330728531,271.279117748141,0,37.1001430898905,0,0.174871683120728,594.326966375113,276.637046977878,2.14716556668282,142.716662317514,152.271744295955,5573.66548454762,1849.2936411649,259.266653209925,1267.21202115715,0,13.2069409787655,431.733120754361,0,3326.49810229242,13.5485432967544,2220.59639354795,611.069517448545,218.491072043777,545.071877151728,368.592557184398,0,0.927666544914246,0.779473155736923,20.7989453822374,49.5813096612692,1328.13991734385,122.894349232316,74.5540595650673,305.170513987541,0,0,1.24333739280701,0,27.2467296719551,1.3737620562315,121.92467187345,3.82587176561356,14.409081697464,653.104613378644,8.76943317055702,0,1573.47372220457,421.635573506355,2986.59703053534,53.1923938393593,1849.2936411649,18754.8042563424,5.37896168231964,1366.32861727476,0,1.37097969651222,199.069218710065,0,787.408031389117,20.0685816556215,2565.35528167337,2619.10562811047,1662.08752111346,475.701343223453,2356.9707332924,0,0,0,2.57032066583633,3.74745158851147,184.082128196955,256.681596547365,0,32.0598927587271,0,0,0,0,57.5166199505329,1.8409141600132,22.6964112073183,0,0,4.29540367424488,0.923930644989014,825.491086982191,2520.75522218645,91.5664062649012,0.176467031240463,0,259.266653209925,5.37896168231964,4595.18786397576,1379.02122950554,0,2652.12188401818,3.66013073921204,0.473071098327637,2.37102806568146,0,1.93779581785202,0,969.60726711154,1127.283624053,0,0.328730091452599,0,0,0,0,0,0,13.0823290348053,0,0,0,0,0,0,0,0,0,0,3.39802607893944,0,0,1970.79905326664,2453.31192016602,406.123071581125,2026.3550581038,1267.21202115715,1366.32861727476,1379.02122950554,10871.2539452165,0,467.211752042174,13.2463197112083,0,21.5791521519423,438.884875848889,785.498705483973,96.1031755506992,6753.47309803963,4554.11517454684,192.20498277247,0,0,0,12.4684341996908,22.1070535629988,599.861762389541,20.1571611985564,5.73358392715454,248.345030918717,0,0,0,0,0.163163721561432,0.38325372338295,83.1985862478614,1.98018676042557,3.32085594534874,47.0025049522519,1.04366075992584,2085.59354788065,0,0,0,0,0,0,0,0,759.940725669265,4.76382169127464,49.1932472288609,570.225391402841,924.285245373845,0,0,1692.18244703114,0,0,0,106.975552886724,0,0,0,0,0,0,0,0,638.318838343024,0,0.330969870090485,29.6315724253654,59.1845111697912,0,0,0.426590144634247,0,0,0,1842.42015603185,5031.38774433732,74.41858035326,1.51133573055267,0,13.2069409787655,1.37097969651222,2652.12188401818,467.211752042174,4.76382169127464,4903.22736699879,168.071002840996,700.348136082292,178.798881337047,0,0.16459783911705,14.6983348727226,864.978396505117,7.68742345273495,32.0150561183691,4.67953869700432,0.193429440259933,0,0,0,0.570939719676971,0,0.264921069145203,0,0,0.116432778537273,0,0,0,0,0,0,0,0,0,542.836549714208,2010.06872144341,0,0.971588090062141,0,431.733120754361,199.069218710065,3.66013073921204,13.2463197112083,49.1932472288609,168.071002840996,7798.09900456667,1483.52978551388,2450.14148928225,0,2.39666537195444,2961.22779226303,67.9956271648407,1.08041429519653,2164.16321070492,0,0,0,0,0,0.292742729187012,0.373069763183594,0,0,1.02441191673279,0,0,0,0.606477737426758,0,0,0,0,0,0,4106.54388129711,542.731258809566,0,0,0,0,0,0.473071098327637,0,570.225391402841,700.348136082292,1483.52978551388,4968.86185902357,524.645719245076,0,0,1570.99016217887,0,0,0,15.8896776437759,0,0,0,0,0,0,0,0,154.161883980036,0,0,0,2.84856341779232,0,0,0,0,0,0,2993.08195029199,306.607722908258,0,0.289432615041733,0,3326.49810229242,787.408031389117,2.37102806568146,21.5791521519423,924.285245373845,178.798881337047,2450.14148928225,524.645719245076,9471.52307923138,0,4.56536999344826,4915.38184475899,16.7585095912218,24.2490835785866,112.868928357959,67.5370887964964,0,0,0,0,6.53388555347919,22.5940731167793,0,0,52.3988501429558,0,0,0,240.478582218289,0,0.214026421308517,0,0,0,0,0,0,5548.01094006747,2173.48722346127,2071.96978008747,13.5485432967544,20.0685816556215,0,438.884875848889,0,0,0,0,0,9766.28380910307,4862.99534063786,0,53.5373018682003,0.188388705253601,0.507310211658478,0,0,0.622215673327446,0,15.44769821316,1.32365988194942,0,0,4.00280053913593,0,0,0,0,0,0.173646166920662,4.949941650033,0,0.673490852117538,0,0,0,15.0193345546722,370.010666742921,3339.91085526347,4421.92642939091,2220.59639354795,2565.35528167337,1.93779581785202,785.498705483973,0,0.16459783911705,2.39666537195444,0,4.56536999344826,4862.99534063786,13645.4350117818,25.9333852007985,433.649773277342,116.078225806355,48.4018829017878,0,0,7.39266075193882,20.0718242377043,118.472914263606,158.77680785954,34.8287507593632,0.21509113907814,77.8127507418394,0,0,0,0,0.212504863739014,9.48449678719044,141.451354444027,0.315104961395264,12.0325336009264,6.40638598799706,1.13882507383823,851.75104919076,91.7699203193188,1.34111702442169,15.149798065424,0,611.069517448545,2619.10562811047,0,96.1031755506992,1692.18244703114,14.6983348727226,2961.22779226303,1570.99016217887,4915.38184475899,0,25.9333852007985,4710.2074753195,280.543783977628,9.94028799235821,1149.12417598069,4.44020143151283,0,0,0,0,3.19856218993664,6.50248885154724,0,1.40035945177078,270.045686855912,0,0,0,38.6273816525936,0,0,0,0.160046875476837,0,0,0.967244833707809,5294.5581253022,760.154781892896,400.879387557507,125.77092653513,218.491072043777,1662.08752111346,969.60726711154,6753.47309803963,0,864.978396505117,67.9956271648407,0,16.7585095912218,53.5373018682003,433.649773277342,280.543783977628,3070.41037218273,794.461607113481,813.574800923467,0,0,0.376460045576096,4.60712146759033,3.63469162583351,65.4112930521369,6.31450103223324,0,44.6621181368828,0,0,0,0,0.172582224011421,0,27.8377225697041,0.210739716887474,1.8826350569725,9.00679308176041,0,376.708852782845,41.7616191208363,1.43434637784958,39.4895794689655,3.15013074874878,545.071877151728,475.701343223453,1127.283624053,4554.11517454684,0,7.68742345273495,1.08041429519653,0,24.2490835785866,0.188388705253601,116.078225806355,9.94028799235821,794.461607113481,5191.89136659354,10.9937032312155,0,2.2553539276123,0,0.272366851568222,0,109.6544495821,25.3373512774706,245.843704551458,97.4140900149941,0,0,0,0,2.85664868354797,0,13.1276606842875,1.16983842849731,2.51111179590225,3386.62285398692,0,0,1050.62205201387,0,19.0506797283888,0.740542575716972,368.592557184398,2356.9707332924,0,192.20498277247,0,32.0150561183691,2164.16321070492,0,112.868928357959,0.507310211658478,48.4018829017878,1149.12417598069,813.574800923467,10.9937032312155,4631.67540372908,0,0,0,0.139995202422142,1.34330034255981,6.72708666324615,0.440809637308121,0,0.502090752124786,0,0,0,0,0,0,0.597088158130646,0,0,1.30900502204895,0,777.352526992559,0,0,0,0,0,0,0.328730091452599,0,106.975552886724,4.67953869700432,0,15.8896776437759,67.5370887964964,0,0,4.44020143151283,0,0,0,11907.3545067012,859.209255054593,0,0,0,952.982991695404,1.91420784592628,984.368985131383,44.3080688714981,3080.20556010306,1670.20839906484,1274.27330189943,5413.87597386539,2402.15734194219,0,0,534.940807491541,82.8983891904354,106.606420189142,54.7914174050093,0,0,0,0,0,0.927666544914246,0,0,0,0,0.193429440259933,0,0,0,0,0,0,0,2.2553539276123,0,859.209255054593,25203.5212625563,1258.22500327229,0.427391931414604,0,37.1231050863862,898.416083753109,4227.52381323278,1493.21058738232,0,3378.58858387172,2476.24959307909,456.382220074534,219.553924441338,0,3.75060498714447,82.7562572211027,4290.83353438973,393.228287890553,2259.73351125419,0,0,17.4316477775574,1.82974337786436,22.4751013070345,0.779473155736923,0,0,0,0,0,0,0,0,0.622215673327446,7.39266075193882,0,0.376460045576096,0,0,0,1258.22500327229,8292.17977063358,417.951998129487,997.580470398068,9.18167103827,618.515041902661,246.886881619692,2608.45912322402,0,26.1291213035583,0,0,0.302614331245422,5907.82738134265,740.298980727792,1.17418269813061,769.087737366557,9.96968223154545,0.306897789239883,0,0,0,6.65681077539921,71.6603353172541,20.7989453822374,2.57032066583633,0,12.4684341996908,0,0,0,0,0,0,20.0718242377043,0,4.60712146759033,0.272366851568222,0.139995202422142,0,0.427391931414604,417.951998129487,2266.06235484779,196.3124435395,168.280755802989,2625.68914404511,1.68078163266182,1007.00082342327,0,0,6.39015845954418,0,7.29034680128098,972.54782256484,2383.19846028835,20.5007972419262,498.424764171243,78.0971128717065,105.489639699459,0,0,7.73457214236259,98.7623183429241,861.809510469437,49.5813096612692,3.74745158851147,0,22.1070535629988,0,0,0,0,0,15.44769821316,118.472914263606,0,3.63469162583351,0,1.34330034255981,0,0,997.580470398068,196.3124435395,3396.5076841712,227.32795843482,18.9639590829611,0,2748.301135391,0,0,0.401883482933044,0,0.910700291395187,1514.79173640907,4064.51804639399,0.182733729481697,300.6953420192,10.5518470555544,1.28935794532299,4.08581191301346,2.81267613172531,0.523686468601227,16.3006908148527,66.5744840204716,1328.13991734385,184.082128196955,0,599.861762389541,0,0.570939719676971,0.292742729187012,0,6.53388555347919,1.32365988194942,158.77680785954,3.19856218993664,65.4112930521369,109.6544495821,6.72708666324615,952.982991695404,37.1231050863862,9.18167103827,168.280755802989,227.32795843482,4480.61391099542,2748.97982122004,874.296593107283,2153.98899133503,15.4327340424061,4.06996147334576,145.278540700674,1.02434897422791,3731.9654738605,7.47444036602974,2124.08095660806,262.122662469745,137.585479386151,897.739461608231,278.99086676538,0,0,0,2.18459004163742,6.15026339888573,122.894349232316,256.681596547365,0,20.1571611985564,0,0,0.373069763183594,0,22.5940731167793,0,34.8287507593632,6.50248885154724,6.31450103223324,25.3373512774706,0.440809637308121,1.91420784592628,898.416083753109,618.515041902661,2625.68914404511,18.9639590829611,2748.97982122004,11649.0343514755,25.7911178171635,2340.46750753373,0,1.03772723674774,97.3070888519287,0.259286820888519,1091.16154922545,37.6558471024036,2087.39769054949,1483.67430070788,970.845705851912,690.255509547889,2485.74087767303,2.4050632417202,0,0,0,0,74.5540595650673,0,13.0823290348053,5.73358392715454,0,0.264921069145203,0,0,0,0,0.21509113907814,0,0,245.843704551458,0,984.368985131383,4227.52381323278,246.886881619692,1.68078163266182,0,874.296593107283,25.7911178171635,6445.9272146672,2378.19396013021,0,3190.4883492738,36.3031123280525,6.07693839073181,66.5986919403076,0.26232773065567,12.2879560291767,5.90852756798267,1243.14718931913,922.841337859631,85.5190077722073,0,0.901464730501175,1.20415575802326,42.8597771003842,292.115398272872,305.170513987541,32.0598927587271,0,248.345030918717,0,0,0,0,0,4.00280053913593,77.8127507418394,1.40035945177078,44.6621181368828,97.4140900149941,0.502090752124786,44.3080688714981,1493.21058738232,2608.45912322402,1007.00082342327,2748.301135391,2153.98899133503,2340.46750753373,2378.19396013021,8807.39638292044,0,169.581500321627,210.087481796741,1.36329217255116,421.443301156163,865.328856229782,1691.74614369124,510.689354494214,6480.25279874355,5225.82582128793,555.558358177543,480.121134653687,0,0,0,0,0,0,0,0,638.318838343024,0,1.02441191673279,154.161883980036,52.3988501429558,0,0,270.045686855912,0,0,0,3080.20556010306,0,0,0,0,15.4327340424061,0,0,0,2374.66245868802,8.00413951277733,86.5632335543633,535.397019267082,955.136831000447,0,0,1573.63662841916,0,0,0,1.64371782541275,0,0,0,0,0,0,0,0,0,0.116432778537273,0,0,0,0,0,0,0,0,0,1670.20839906484,3378.58858387172,26.1291213035583,0,0,4.06996147334576,1.03772723674774,3190.4883492738,169.581500321627,8.00413951277733,3067.69313717633,17.0728947669268,810.958376407623,27.8541058003902,0,0,16.594021499157,142.407871007919,7.46546578407288,6.61200056970119,0,0,0,0,0,1.24333739280701,0,0,0,0.330969870090485,0,0,0,0,0,0,0,0,0,0,1274.27330189943,2476.24959307909,0,6.39015845954418,0.401883482933044,145.278540700674,97.3070888519287,36.3031123280525,210.087481796741,86.5632335543633,17.0728947669268,8884.6815802902,1511.65795388818,2532.60876899958,0,3.08001555502415,3319.09186385572,159.460972160101,1.32982654869556,1918.1173671484,0,0,0,0,0,0,0,0,0,29.6315724253654,0,0,0,0,0,0,0,0,0,0,5413.87597386539,456.382220074534,0,0,0,1.02434897422791,0.259286820888519,6.07693839073181,1.36329217255116,535.397019267082,810.958376407623,1511.65795388818,6983.78063173592,900.927643492818,0,0,1391.20549483597,1.52630162239075,0,1.77452170848846,8.40811476111412,0,0,0,0,27.2467296719551,57.5166199505329,0,0.163163721561432,59.1845111697912,0,0.606477737426758,2.84856341779232,240.478582218289,0,0.212504863739014,38.6273816525936,0.172582224011421,2.85664868354797,0,2402.15734194219,219.553924441338,0.302614331245422,7.29034680128098,0.910700291395187,3731.9654738605,1091.16154922545,66.5986919403076,421.443301156163,955.136831000447,27.8541058003902,2532.60876899958,900.927643492818,8558.63006407022,0,23.0142273306847,5026.12382489443,126.241721630096,107.734913632274,566.200076654553,0,0,0,6.34952269494534,37.8631330728531,1.3737620562315,1.8409141600132,0,0.38325372338295,0,0,0,0,0,0.173646166920662,9.48449678719044,0,0,0,0,0,0,5907.82738134265,972.54782256484,1514.79173640907,7.47444036602974,37.6558471024036,0.26232773065567,865.328856229782,0,0,0,0,0,10258.7763593346,5175.07341165096,0,458.675185367465,4.44963455200195,0,0,0.246747389435768,1.33642780780792,51.9455207288265,271.279117748141,121.92467187345,22.6964112073183,0,83.1985862478614,0,0,0,0,0.214026421308517,4.949941650033,141.451354444027,0,27.8377225697041,13.1276606842875,0.597088158130646,0,3.75060498714447,740.298980727792,2383.19846028835,4064.51804639399,2124.08095660806,2087.39769054949,12.2879560291767,1691.74614369124,0,0,3.08001555502415,0,23.0142273306847,5175.07341165096,11999.2144979537,18.1168790906668,394.347855575383,331.111941769719,23.80366615206,0,0,0,0,0,3.82587176561356,0,0,1.98018676042557,0.426590144634247,0,0,0,0,0,0.315104961395264,0,0.210739716887474,1.16983842849731,0,534.940807491541,82.7562572211027,1.17418269813061,20.5007972419262,0.182733729481697,262.122662469745,1483.67430070788,5.90852756798267,510.689354494214,1573.63662841916,16.594021499157,3319.09186385572,1391.20549483597,5026.12382489443,0,18.1168790906668,5477.72525592148,75.2496131658554,37.4011335372925,1279.48775608838,0,0,0,6.30966118723154,37.1001430898905,14.409081697464,0,0,3.32085594534874,0,0,0,0,0,0.673490852117538,12.0325336009264,0.160046875476837,1.8826350569725,2.51111179590225,0,82.8983891904354,4290.83353438973,769.087737366557,498.424764171243,300.6953420192,137.585479386151,970.845705851912,1243.14718931913,6480.25279874355,0,142.407871007919,159.460972160101,1.52630162239075,126.241721630096,458.675185367465,394.347855575383,75.2496131658554,2464.29049935937,2331.21298590302,268.257081568241,16.2950952351093,0.362106591463089,0,0,0,653.104613378644,4.29540367424488,3.39802607893944,47.0025049522519,0,0,0,0,0,0,6.40638598799706,0,9.00679308176041,3386.62285398692,1.30900502204895,106.606420189142,393.228287890553,9.96968223154545,78.0971128717065,10.5518470555544,897.739461608231,690.255509547889,922.841337859631,5225.82582128793,0,7.46546578407288,1.32982654869556,0,107.734913632274,4.44963455200195,331.111941769719,37.4011335372925,2331.21298590302,4929.66005105525,42.5327391177416,0,0,0,0,0.174871683120728,8.76943317055702,0.923930644989014,0,1.04366075992584,0,0,0,0,0,0,1.13882507383823,0,0,0,0,54.7914174050093,2259.73351125419,0.306897789239883,105.489639699459,1.28935794532299,278.99086676538,2485.74087767303,85.5190077722073,555.558358177543,0,6.61200056970119,1918.1173671484,1.77452170848846,566.200076654553,0,23.80366615206,1279.48775608838,268.257081568241,42.5327391177416,3479.91515547037
