6520.73514360189,371.012127138674,0,0,0,326.19745580852,91.7006532400846,674.867163032293,10.4343023002148,1114.54921966791,2594.31576396525,1099.87879537046,7230.5707796663,1955.67242288589,0,14.2426781356335,593.906741470098,63.6110299229622,23.6894588619471,23.0022909939289,1842.08523452282,0,0,0,0,0.81226435303688,0,3.95256862044334,0,803.309127122164,3.65646201372147,0,0,26.9514264762402,0,0,0,0,0,0,371.012127138674,31541.3715259209,1917.18732206523,5.21975201368332,0,425.070594884455,1219.13643693924,2080.12210395932,1848.57584343851,7.78332997858524,3645.5383380577,2566.87205979228,547.859646856785,742.205084040761,0,144.031523987651,493.964002802968,6686.89475732297,363.024071402848,2585.45556408167,4.43775498867035,0,0,0,0,13.9769944697618,2.43638791143894,0,0,5.05899387598038,0,0,0,2.46607216447592,0,3.24301203340292,0,0,1.8704885840416,0,0,1917.18732206523,12288.6097332686,1066.90707668662,2085.26634649932,67.3190343976021,2393.62783111632,205.981954008341,5398.17991615832,0,82.3024688959122,0,0,0,7280.12858457863,2682.4363039881,0.890334278345108,1563.97834981978,12.1334606856108,9.30864648520947,0,0.662652969360352,115.52005957067,264.867071062326,405.574319154024,35.2352899312973,84.0890541225672,3.51121239364147,272.044565290213,0,0,0.843533530831337,0,1.80160513520241,24.4670778810978,295.994555994868,1.13459785282612,10.1848040670156,14.3236045986414,10.7450892776251,0,5.21975201368332,1066.90707668662,2933.96265754104,188.188917040825,102.00492054224,4080.03262000531,8.0156843662262,950.896970659494,0,1.8437677025795,0.549665510654449,0,0,2013.80672625452,2938.22447042167,1.73260396718979,331.689120620489,90.9023101776838,27.8536006510258,0,4.91325348615646,34.3960520625114,168.80055552721,155.270444393158,87.1358574926853,133.228814721107,5.64116683602333,132.051371082664,0,0,0.368634670972824,0,2.03803251683712,19.7586069107056,380.103935979307,4.81882709264755,12.201811850071,39.6632771641016,7.08012497425079,0,0,2085.26634649932,188.188917040825,2623.21343970299,300.783665046096,47.280385941267,0,1173.15217155218,0,0,0.207025438547134,0,0,1171.87778134644,2511.89911434054,0,49.8658054172993,11.3214817941189,0.504917025566101,0,0,84.4689219295979,188.468352496624,964.894493684173,72.3887359052896,52.2664383202791,0.174062415957451,360.565521031618,0,0,0.416959166526794,0,0,18.7370865046978,233.537611693144,0,15.6791760325432,2.29068775475025,1.41454917192459,326.19745580852,425.070594884455,67.3190343976021,102.00492054224,300.783665046096,3183.76500744373,3157.3377867192,579.148833662271,1029.83193334937,0.615905582904816,109.372502371669,145.063027068973,8.94082689285278,1528.42162876576,25.2708183825016,3219.62432975322,460.813514977694,160.499257013202,1127.93766145408,333.614925980568,0,5.68415653705597,0.585658967494965,14.8155352473259,22.4801040887833,471.863106288016,208.845780946314,12.4339768886566,79.2284387797117,1.39866626262665,0,7.41102695465088,4.50645899772644,10.6674406528473,0,273.482809141278,9.21579223871231,0,77.7344760000706,47.0257695317268,91.7006532400846,1219.13643693924,2393.62783111632,4080.03262000531,47.280385941267,3157.3377867192,22076.0964018255,125.609099060297,3405.45654579997,1.81168557703495,14.3903893530369,370.782934814692,17.8156972080469,1612.22761020809,105.296802744269,4494.19878534973,3847.29455053806,1824.77823652327,2182.64715838432,4134.93385001272,0.193760395050049,5.55497074127197,6.56348156929016,29.7520598322153,13.9196621328592,358.129578277469,144.674151487648,14.9364836961031,59.8152780979872,0.612569153308868,0,0,0,9.06872192025185,2.09393408894539,410.690684445202,1.58903956413269,6.37271681427956,163.192034751177,10.8184811472893,674.867163032293,2080.12210395932,205.981954008341,8.0156843662262,0,579.148833662271,125.609099060297,3029.06060999632,1467.46838796139,2.72808647155762,2147.60421775281,20.5503863543272,44.6262542307377,14.9158255308867,0.333084344863892,70.4378655105829,17.0017669796944,1210.50448030233,1093.26058349013,15.9048382341862,24.6257576644421,0,0,0,0,5.18332704901695,0.271133869886398,3.65239661931992,8.27276465296745,0,5.21072715520859,0,0,0,0,5.95821945369244,0,0,59.4955201894045,0,10.4343023002148,1848.57584343851,5398.17991615832,950.896970659494,1173.15217155218,1029.83193334937,3405.45654579997,1467.46838796139,12960.161184527,0,778.380747795105,33.1710221171379,12.1070872247219,50.2220772951841,401.366285458207,2349.22786469758,145.563548579812,8173.69055525213,4852.07214628905,337.416316062212,0,0.46514704823494,39.6038313806057,64.5464361160994,514.678910672665,285.389884084463,175.007099568844,24.5350648760796,1710.10103991628,0,0,1.99506486952305,0,1.84665608406067,5.43877421319485,408.194821804762,3.85812538862228,9.79852575063705,1039.38153223693,27.1296775341034,1114.54921966791,7.78332997858524,0,0,0,0.615905582904816,1.81168557703495,2.72808647155762,0,826.509238392115,5.3533785790205,91.307025372982,1558.97771184146,486.899964764714,0,0,1292.34645199776,0,0,0,229.214615300298,0,0,0,0,0,0,0,0,728.181187301874,0,0,0,23.9097776412964,0,0,0,0,0,0,2594.31576396525,3645.5383380577,82.3024688959122,1.8437677025795,0,109.372502371669,14.3903893530369,2147.60421775281,778.380747795105,5.3533785790205,5355.18638089299,176.787600547075,1443.246196419,59.8980562984943,0,3.85659635066986,19.0122325718403,1163.83608567715,23.4964375495911,11.3749422729015,28.3703688234091,0,0,0,0,0,0,1.16094568371773,0,3.36984896659851,0.411360859870911,0,0,1.31930910050869,0,0.649440377950668,0,0,0.437495321035385,0,1099.87879537046,2566.87205979228,0,0.549665510654449,0.207025438547134,145.063027068973,370.782934814692,20.5503863543272,33.1710221171379,91.307025372982,176.787600547075,11229.5716781616,1086.29008418322,1327.22495944798,0,20.8046612888575,2823.64997242391,233.793377608061,32.2746215760708,3064.22588786483,13.5087953805923,0,0,0,0,1.51323387026787,0,0,0,36.6133015155792,0,0,0,10.7203279584646,0,0.354370534420013,0,0,0,0,7230.5707796663,547.859646856785,0,0,0,8.94082689285278,17.8156972080469,44.6262542307377,12.1070872247219,1558.97771184146,1443.246196419,1086.29008418322,6066.71526242793,337.668857425451,0,4.52378839254379,1090.15793594718,25.2778695821762,4.67897808551788,8.65709340572357,554.013974577188,0,0,0,0,0,0,0,0,383.571590095758,0,0,0,2.3762844055891,0,0,0,0,0,0,1955.67242288589,742.205084040761,0,0,0,1528.42162876576,1612.22761020809,14.9158255308867,50.2220772951841,486.899964764714,59.8980562984943,1327.22495944798,337.668857425451,9078.37656405568,0,62.4824053049088,6817.20427214354,133.508411109447,93.8389010280371,449.316666409373,244.12757961452,0,0,0,0,9.92568823695183,0.163852468132973,0,0,540.976557642221,0,0,0,1012.80403915048,0,2.0164485424757,0,0,0,0,0,0,7280.12858457863,2013.80672625452,1171.87778134644,25.2708183825016,105.296802744269,0.333084344863892,401.366285458207,0,0,0,0,0,12065.6620340943,6873.04296342283,0,124.574233815074,3.4994997382164,0.183830931782722,0,0.515705764293671,51.1383871585131,128.343489512801,186.796670988202,9.69200558960438,42.5931474268436,0.91066774725914,37.4798668026924,0,0,1.42424060404301,0,0,25.3846569359303,110.20611999929,0,9.07212640345097,1.92903636395931,2.63705517351627,14.2426781356335,144.031523987651,2682.4363039881,2938.22447042167,2511.89911434054,3219.62432975322,4494.19878534973,70.4378655105829,2349.22786469758,0,3.85659635066986,20.8046612888575,4.52378839254379,62.4824053049088,6873.04296342283,15783.3242831603,54.1767751276493,505.324976854026,1278.46710334718,160.004551298916,0,4.41936645656824,91.6526593863964,367.693569332361,735.260387286544,710.074280761182,305.210661672056,6.95474968850613,306.448918528855,0,0.313920617103577,4.56208163499832,2.30387806892395,1.48565328121185,43.4142118543386,1496.98730356991,2.65511660277843,34.4034673273563,239.581044189632,24.5132067799568,593.906741470098,493.964002802968,0.890334278345108,1.73260396718979,0,460.813514977694,3847.29455053806,17.0017669796944,145.563548579812,1292.34645199776,19.0122325718403,2823.64997242391,1090.15793594718,6817.20427214354,0,54.1767751276493,5980.01842825115,199.994739070535,110.191371455789,996.892822399735,41.4063513278961,0,0,0,0,13.8605714887381,0,0,0,265.651373326778,0,0,0,45.5663824081421,0,3.28381611406803,0,0,3.84834480285645,0,63.6110299229622,6686.89475732297,1563.97834981978,331.689120620489,49.8658054172993,160.499257013202,1824.77823652327,1210.50448030233,8173.69055525213,0,1163.83608567715,233.793377608061,25.2778695821762,133.508411109447,124.574233815074,505.324976854026,199.994739070535,2551.26920206845,618.310370489955,359.285074472427,0.554314374923706,1.33810901641846,2.63280433416367,25.1509564518929,14.345080897212,30.714144334197,22.2539656311274,0,21.075140953064,0,0,0,0,0.326039135456085,0.243555977940559,94.5723535493016,0,4.48480316996574,22.1347440183163,0.229206070303917,23.6894588619471,363.024071402848,12.1334606856108,90.9023101776838,11.3214817941189,1127.93766145408,2182.64715838432,1093.26058349013,4852.07214628905,0,23.4964375495911,32.2746215760708,4.67897808551788,93.8389010280371,3.4994997382164,1278.46710334718,110.191371455789,618.310370489955,2983.99221199751,388.037711456418,12.0284994244576,10.0705832093954,0,16.9137013107538,0,646.365743234754,108.560362994671,122.64930640161,387.831688776612,0,7.77390596270561,0,2.47076120972633,10.3314673304558,0,174.389451302588,2.9460506439209,9.39825910329819,4358.56851671636,20.8812136650085,23.0022909939289,2585.45556408167,9.30864648520947,27.8536006510258,0.504917025566101,333.614925980568,4134.93385001272,15.9048382341862,337.416316062212,0,11.3749422729015,3064.22588786483,8.65709340572357,449.316666409373,0.183830931782722,160.004551298916,996.892822399735,359.285074472427,388.037711456418,4958.04993213713,0.300675332546234,0,0,0.287368088960648,0,51.9472166970372,16.2260465621948,0,0.140516623854637,1.1148696243763,0,0,0,3.35453504323959,0,10.6712810620666,0,0,6.11958485841751,6.01560640335083,1842.08523452282,4.43775498867035,0,0,0,0,0.193760395050049,24.6257576644421,0,229.214615300298,28.3703688234091,13.5087953805923,554.013974577188,244.12757961452,0,0,41.4063513278961,0.554314374923706,12.0284994244576,0.300675332546234,9686.65017990768,216.617113381624,0,1.85581457614899,0,1099.65375912189,53.2160243242979,1057.28650128841,0.147610157728195,2333.24369984865,3236.15600508451,754.587630003691,8414.32217824459,2903.71655024588,0,5.93933832645416,489.30419510603,15.4144033193588,39.3108968436718,32.0030212551355,0,0,0.662652969360352,4.91325348615646,0,5.68415653705597,5.55497074127197,0,0.46514704823494,0,0,0,0,0,0.515705764293671,4.41936645656824,0,1.33810901641846,10.0705832093954,0,216.617113381624,30885.2656522095,2805.51355358958,15.2107734531164,2.15124940872192,368.636365115643,2014.0390368402,4088.92888376117,2056.26367463171,1.50054800510406,3365.27295030653,2662.50088828057,376.669498987496,387.593952961266,1.23667806386948,194.43270983547,359.508638650179,5427.66478922963,651.430926918983,2972.93455842137,0,0,115.52005957067,34.3960520625114,84.4689219295979,0.585658967494965,6.56348156929016,0,39.6038313806057,0,0,0,0,0,51.1383871585131,91.6526593863964,0,2.63280433416367,0,0,0,2805.51355358958,12028.8856225312,519.85690407455,1674.48802311718,30.5351700782776,2410.08743214607,1110.45818150043,5223.74694734812,0,136.010196357965,6.39277850091457,0,0.371326446533203,9986.18563695252,1607.25845880806,1.78945299983025,1098.3897767067,29.3306876420975,50.0632109940052,0,0,264.867071062326,168.80055552721,188.468352496624,14.8155352473259,29.7520598322153,0,64.5464361160994,0,0,0,0,0,128.343489512801,367.693569332361,0,25.1509564518929,16.9137013107538,0.287368088960648,1.85581457614899,15.2107734531164,519.85690407455,2699.33583477139,608.679113700986,110.023813635111,3226.85986110568,14.3488166034222,881.065833181143,0,1.12900449335575,8.80197302997112,0,1.74895761907101,1895.02756747603,3211.76349452138,26.791460365057,319.513706505299,155.730389341712,216.968499898911,0,0,405.574319154024,155.270444393158,964.894493684173,22.4801040887833,13.9196621328592,0,514.678910672665,0,0,0,0,0,186.796670988202,735.260387286544,0,14.345080897212,0,0,0,2.15124940872192,1674.48802311718,608.679113700986,2480.8054959476,466.034395605326,214.293303325772,1.65470004081726,3078.4638659358,0,0,0.969762057065964,0,0,1050.73759742081,4304.36234343797,2.76401698589325,103.822753742337,32.5176788121462,17.0461930036545,0.81226435303688,13.9769944697618,35.2352899312973,87.1358574926853,72.3887359052896,471.863106288016,358.129578277469,5.18332704901695,285.389884084463,0,0,1.51323387026787,0,9.92568823695183,9.69200558960438,710.074280761182,13.8605714887381,30.714144334197,646.365743234754,51.9472166970372,1099.65375912189,368.636365115643,30.5351700782776,110.023813635111,466.034395605326,3105.76941490173,2911.62195218354,1126.71723562479,486.35835467279,7.82834562659264,143.767662458122,384.197541035712,306.645355820656,3651.84500409663,2.98739771544933,2849.44520501047,748.954184398055,104.752479195595,960.755891472101,495.80972455442,0,2.43638791143894,84.0890541225672,133.228814721107,52.2664383202791,208.845780946314,144.674151487648,0.271133869886398,175.007099568844,0,0,0,0,0.163852468132973,42.5931474268436,305.210661672056,0,22.2539656311274,108.560362994671,16.2260465621948,53.2160243242979,2014.0390368402,2410.08743214607,3226.85986110568,214.293303325772,2911.62195218354,14388.1919424161,221.340608492494,3160.68902297318,0.15730619430542,32.7337654829025,788.668486304581,94.7968738824129,1260.35121626407,275.423469543457,3505.18367172033,3625.10375549644,1618.73100796342,2895.67049726844,5572.40032286197,3.95256862044334,0,3.51121239364147,5.64116683602333,0.174062415957451,12.4339768886566,14.9364836961031,3.65239661931992,24.5350648760796,0,1.16094568371773,0,0,0,0.91066774725914,6.95474968850613,0,0,122.64930640161,0,1057.28650128841,4088.92888376117,1110.45818150043,14.3488166034222,1.65470004081726,1126.71723562479,221.340608492494,3902.15253944695,3237.54339051247,2.38179218769073,2896.02581526339,36.4472722709179,300.97643686831,111.811659857631,0.638782411813736,99.0044051408768,24.6851300001144,779.675543367863,1138.61203867197,111.443759202957,0,0,272.044565290213,132.051371082664,360.565521031618,79.2284387797117,59.8152780979872,8.27276465296745,1710.10103991628,0,0,0,0,0,37.4798668026924,306.448918528855,0,21.075140953064,387.831688776612,0.140516623854637,0.147610157728195,2056.26367463171,5223.74694734812,881.065833181143,3078.4638659358,486.35835467279,3160.68902297318,3237.54339051247,11618.9485751987,0,393.182121515274,68.2231260091066,14.8556357473135,14.4227014631033,746.850454434752,1920.68792168796,63.8813090920448,7329.47872021794,7118.43166084588,512.813850596547,803.309127122164,5.05899387598038,0,0,0,1.39866626262665,0.612569153308868,0,0,728.181187301874,3.36984896659851,36.6133015155792,383.571590095758,540.976557642221,0,0,265.651373326778,0,0,1.1148696243763,2333.24369984865,1.50054800510406,0,0,0,7.82834562659264,0.15730619430542,2.38179218769073,0,1414.0006712079,5.71537619829178,59.3975295424461,1926.99401803315,1435.84781971574,0,0,731.590362027287,0,0,0,3.65646201372147,0,0,0,0,0,0,5.21072715520859,0,0,0.411360859870911,0,0,0,0,0.313920617103577,0,0,7.77390596270561,0,3236.15600508451,3365.27295030653,136.010196357965,1.12900449335575,0,143.767662458122,32.7337654829025,2896.02581526339,393.182121515274,5.71537619829178,5384.3924395442,92.4153125658631,1453.73886728287,109.033942714334,0,5.52171581983566,40.082770138979,411.115581288934,40.5304497927427,22.2426013797522,0,0,0.843533530831337,0.368634670972824,0.416959166526794,7.41102695465088,0,0,1.99506486952305,0,0,0,0,0,1.42424060404301,4.56208163499832,0,0,0,0,754.587630003691,2662.50088828057,6.39277850091457,8.80197302997112,0.969762057065964,384.197541035712,788.668486304581,36.4472722709179,68.2231260091066,59.3975295424461,92.4153125658631,8702.98313617706,1570.154153198,2069.96181042492,0.383779004216194,79.0343391001225,3395.48956815153,428.901308849454,100.60282163322,1912.2059610486,0,0,0,0,0,4.50645899772644,0,0,0,0,0,0,0,0,0,2.30387806892395,0,0,2.47076120972633,0,8414.32217824459,376.669498987496,0,0,0,306.645355820656,94.7968738824129,300.97643686831,14.8556357473135,1926.99401803315,1453.73886728287,1570.154153198,5143.83616339415,2700.96878618002,0,19.9326523318887,902.027692884207,84.1986753046513,36.8846580982208,56.6164182424545,26.9514264762402,2.46607216447592,1.80160513520241,2.03803251683712,0,10.6674406528473,9.06872192025185,0,1.84665608406067,23.9097776412964,1.31930910050869,10.7203279584646,2.3762844055891,1012.80403915048,0,1.48565328121185,45.5663824081421,0.326039135456085,10.3314673304558,3.35453504323959,2903.71655024588,387.593952961266,0.371326446533203,1.74895761907101,0,3651.84500409663,1260.35121626407,111.811659857631,14.4227014631033,1435.84781971574,109.033942714334,2069.96181042492,2700.96878618002,6384.67605628073,0,109.63970797509,4794.41317114979,77.4272026494145,107.850887551904,259.09223228693,0,0,24.4670778810978,19.7586069107056,18.7370865046978,0,2.09393408894539,0,5.43877421319485,0,0,0,0,0,25.3846569359303,43.4142118543386,0,0.243555977940559,0,0,0,1.23667806386948,9986.18563695252,1895.02756747603,1050.73759742081,2.98739771544933,275.423469543457,0.638782411813736,746.850454434752,0,0,0.383779004216194,0,0,14381.2138075083,7325.15380921215,0.372756510972977,284.770212054253,7.65420162677765,14.3844575583935,0,3.24301203340292,295.994555994868,380.103935979307,233.537611693144,273.482809141278,410.690684445202,5.95821945369244,408.194821804762,0,0.649440377950668,0.354370534420013,0,2.0164485424757,110.20611999929,1496.98730356991,3.28381611406803,94.5723535493016,174.389451302588,10.6712810620666,5.93933832645416,194.43270983547,1607.25845880806,3211.76349452138,4304.36234343797,2849.44520501047,3505.18367172033,99.0044051408768,1920.68792168796,0,5.52171581983566,79.0343391001225,19.9326523318887,109.63970797509,7325.15380921215,13669.2830919027,87.6527266353369,304.913499966264,1650.6420911029,242.096129871905,0,0,1.13459785282612,4.81882709264755,0,9.21579223871231,1.58903956413269,0,3.85812538862228,0,0,0,0,0,0,2.65511660277843,0,0,2.9460506439209,0,489.30419510603,359.508638650179,1.78945299983025,26.791460365057,2.76401698589325,748.954184398055,3625.10375549644,24.6851300001144,63.8813090920448,731.590362027287,40.082770138979,3395.48956815153,902.027692884207,4794.41317114979,0.372756510972977,87.6527266353369,7434.30224178731,96.5475814193487,115.619305737317,523.114562690258,0,0,10.1848040670156,12.201811850071,15.6791760325432,0,6.37271681427956,0,9.79852575063705,0,0,0,0,0,9.07212640345097,34.4034673273563,0,4.48480316996574,9.39825910329819,0,15.4144033193588,5427.66478922963,1098.3897767067,319.513706505299,103.822753742337,104.752479195595,1618.73100796342,779.675543367863,7329.47872021794,0,411.115581288934,428.901308849454,84.1986753046513,77.4272026494145,284.770212054253,304.913499966264,96.5475814193487,2262.41346952319,798.235880509019,661.17141404748,0,1.8704885840416,14.3236045986414,39.6632771641016,2.29068775475025,77.7344760000706,163.192034751177,59.4955201894045,1039.38153223693,0,0.437495321035385,0,0,0,1.92903636395931,239.581044189632,3.84834480285645,22.1347440183163,4358.56851671636,6.11958485841751,39.3108968436718,651.430926918983,29.3306876420975,155.730389341712,32.5176788121462,960.755891472101,2895.67049726844,1138.61203867197,7118.43166084588,0,40.5304497927427,100.60282163322,36.8846580982208,107.850887551904,7.65420162677765,1650.6420911029,115.619305737317,798.235880509019,5150.60206328332,946.338128209114,0,0,10.7450892776251,7.08012497425079,1.41454917192459,47.0257695317268,10.8184811472893,0,27.1296775341034,0,0,0,0,0,2.63705517351627,24.5132067799568,0,0.229206070303917,20.8812136650085,6.01560640335083,32.0030212551355,2972.93455842137,50.0632109940052,216.968499898911,17.0461930036545,495.80972455442,5572.40032286197,111.443759202957,512.813850596547,0,22.2426013797522,1912.2059610486,56.6164182424545,259.09223228693,14.3844575583935,242.096129871905,523.114562690258,661.17141404748,946.338128209114,5436.98923287541
