10103.7679029554,406.194397583604,1.15346883237362,1.69282041490078,2.46344520151615,512.267700225115,165.770416110754,825.69411124289,10.5236862450838,2338.88602505624,4403.39727291465,667.934382587671,8343.22625024617,2870.42739848793,0.244503125548363,29.8024437651038,936.480645254254,7.76254484057426,33.6788773983717,86.2197720110416,1166.00987711549,0,0,0,0,19.0234150290489,0,53.7982724010944,0,119.371897011995,0,0,0,0,0,0.279902614653111,0,0,16.1295343637466,0,406.194397583604,36318.6390411779,2288.23140574247,196.225307039917,89.4608192518353,974.338504940271,5356.87013941258,3363.17581020296,1798.42223070562,2.6361361593008,7222.39554218948,3355.66898106039,862.290519699454,681.7993305251,114.89127343148,578.083193346858,754.188633166254,3033.88551811129,809.741592638195,3416.28197381645,0.819357514381409,7.46966506540775,9.5189511179924,5.08072812855244,23.9843664467335,55.4348962306976,31.5356471091509,10.6845373511314,20.7434664964676,0,0,0,2.62178421020508,3.62567591667175,4.54108275473118,134.903667390347,0,2.11806899309158,52.3699481338263,4.13811446726322,1.15346883237362,2288.23140574247,18041.2059400007,664.386413231492,2434.03075365722,10.0548896342516,2550.02935346216,77.8032544404268,6937.3053632006,0,12.7619527429342,9.43916307389736,0,6.30199402570724,11812.4063735381,2176.19226822257,21.7586873173714,3882.30537219346,104.331197634339,93.796414077282,0,2.56376606225967,114.300058417022,23.6303448081017,558.892967909575,3.45127464830875,12.8879671320319,1.90995317697525,318.706546247005,0,0,0,0,0,42.2210399657488,106.181886561215,0.299216650426388,8.16830191016197,11.406808257103,1.69586738944054,1.69282041490078,196.225307039917,664.386413231492,1726.77400456369,142.173029527068,33.5562416613102,2169.82272963226,53.3215085417032,887.561997443438,0,1.27057810127735,9.00080497562885,2.14588677883148,3.79703645408154,987.095515996218,2243.11774998158,26.7144263088703,414.4664067626,163.785666614771,81.5957799628377,0,4.39377804100513,20.7762469500303,33.9076729565859,71.5810994058847,25.1017394214869,15.7003906816244,3.2689865231514,56.6016502529383,0,0,0,0,0.517482697963715,21.1196192800999,248.12446629256,0,7.67157129943371,38.2708619385958,5.55610147118568,2.46344520151615,89.4608192518353,2434.03075365722,142.173029527068,1746.00533447415,1373.61003445089,200.831925585866,14.5080255419016,1720.21948294342,0,0.20438314974308,5.00912982225418,0,3.09432502090931,596.778633743525,3123.958879143,5.45591053366661,430.235700108111,52.1471324115992,28.54895375669,0,0.80394521355629,143.540301382542,10.6221450865269,787.706346660852,16.1744096875191,7.79511776566505,1.36075580120087,244.630301162601,0,0,0,0,0,27.3387699276209,146.976804159582,0,6.78941372036934,35.7762126028538,4.81358985602856,512.267700225115,974.338504940271,10.0548896342516,33.5562416613102,1373.61003445089,3513.02879470587,2792.3612434715,775.240807265043,380.984494507313,1.11697697639465,214.695351541042,286.694757461548,31.3846899420023,1864.02121163905,4.11943554878235,3364.25317640603,503.141436688602,26.4622911959887,1191.30668215454,318.189932778478,0,4.66934071481228,0,2.6015605032444,17.5420073419809,32.6407832205296,15.815038561821,1.6314155459404,5.50064331293106,0,0,0,0,0,0,42.8594534024596,0,0,40.5432032346725,5.222088098526,165.770416110754,5356.87013941258,2550.02935346216,2169.82272963226,200.831925585866,2792.3612434715,15230.2768632248,323.675739482045,1570.40248017013,6.46371224522591,106.990613877773,518.570241883397,39.8455145955086,2064.04052087665,359.390096709132,2821.99792762846,1679.16951392591,565.430528052151,2278.85473382473,4059.03522508591,0.68639862537384,6.80591970682144,13.7659522742033,24.4988236129284,71.1175002157688,86.1064714491367,56.5995256304741,19.2992983013391,43.8048552125692,0,1.96135061979294,0,0.423242658376694,0,11.7930538654327,512.055512681603,0,4.78118646144867,220.770561620593,5.62273539602757,825.69411124289,3363.17581020296,77.8032544404268,53.3215085417032,14.5080255419016,775.240807265043,323.675739482045,4664.25576525927,3383.8288513124,0.445407927036285,4332.34434619546,36.5703758448362,23.2172425687313,95.5033911317587,6.9604277908802,233.531673647463,39.7858589291573,1774.69209496677,1456.51885738969,78.6088706105947,8.83746373653412,58.0772406607866,1.00486542284489,1.54932689666748,4.03017631173134,391.247048065066,32.797259002924,1063.07688835263,39.9808973222971,0,4.63370788097382,9.57736527919769,3.07144057750702,3.65851390361786,3.44451677799225,63.4210672676563,7.52261024713516,6.69920003414154,906.300884470344,11.0012856721878,10.5236862450838,1798.42223070562,6937.3053632006,887.561997443438,1720.21948294342,380.984494507313,1570.40248017013,3383.8288513124,10497.8232617676,0,171.062444463372,36.2787683457136,12.3398549258709,47.8095514178276,621.961837038398,2489.04084588587,127.59327159822,8032.97061608732,6228.83955278993,297.279088065028,4.76923367381096,104.980401143432,322.206035494804,105.951508715749,809.446089088917,263.025005668402,294.369629755616,39.7501103579998,838.690104305744,0,1.09573462605476,17.7184728980064,9.19487231969833,21.1471091508865,85.4770326316357,764.113161377609,21.4088311493397,38.9083351492882,418.172182634473,57.5200819522142,2338.88602505624,2.6361361593008,0,0,0,1.11697697639465,6.46371224522591,0.445407927036285,0,967.323527872562,54.2281421720982,64.5035077780485,1906.56062276661,537.501776814461,0,0,1139.24904355407,0,0,0,326.784227877855,0,0,0,0,0,0,0,0,119.518833190203,0,0,0,0,0,0,0,0,0,0,4403.39727291465,7222.39554218948,12.7619527429342,1.27057810127735,0.20438314974308,214.695351541042,106.990613877773,4332.34434619546,171.062444463372,54.2281421720982,9436.96367762983,694.881780274212,3679.96916592121,458.385837718844,4.01553794741631,38.4158652201295,125.505240723491,747.362476661801,55.6178912967443,52.2433569580317,31.7156720459461,2.10898675024509,1.0094803571701,0,0,6.23681303858757,1.81392574310303,2.72343879938126,0,0,0,0,0,0,0,2.07334266602993,0,0,0.260566413402557,0,667.934382587671,3355.66898106039,9.43916307389736,9.00080497562885,5.00912982225418,286.694757461548,518.570241883397,36.5703758448362,36.2787683457136,64.5035077780485,694.881780274212,7729.5257101059,1894.04229910672,687.107643529773,0.874699473381042,90.0299161374569,2547.07616047561,22.1018548086286,102.326345279813,2368.58496826887,5.72255179286003,0.289282321929932,0.438692778348923,0.495595157146454,0.191869974136353,5.78499437868595,6.71214261651039,1.05223023891449,0.236656203866005,0,0,0,0,0,0,6.11056784540415,0.917517185211182,0,3.57585877180099,0,8343.22625024617,862.290519699454,0,2.14588677883148,0,31.3846899420023,39.8455145955086,23.2172425687313,12.3398549258709,1906.56062276661,3679.96916592121,1894.04229910672,7527.08206517994,647.783316716552,1.30533075332642,9.23571503907442,1200.99097888172,17.8753918707371,24.4491568207741,21.6206757128239,293.615871652961,1.57219612598419,0,0,0,1.1812379360199,2.677958548069,0,0,121.74471077323,0,0,0,0,0,2.76760637760162,0,0,0.416039198637009,0,2870.42739848793,681.7993305251,6.30199402570724,3.79703645408154,3.09432502090931,1864.02121163905,2064.04052087665,95.5033911317587,47.8095514178276,537.501776814461,458.385837718844,687.107643529773,647.783316716552,8212.96021443605,3.01554149389267,122.636052876711,3461.45960223675,23.4819655716419,108.138097137213,316.867667391896,46.1219145655632,0,0,0,0.243934735655785,13.1235444545746,2.36289072036743,1.55444395542145,0,0,0,0,0,0,0.519339025020599,6.56162086129189,0,0.204223528504372,1.36057341098785,0,0.244503125548363,114.89127343148,11812.4063735381,987.095515996218,596.778633743525,4.11943554878235,359.390096709132,6.9604277908802,621.961837038398,0,4.01553794741631,0.874699473381042,1.30533075332642,3.01554149389267,6856.51437541842,5170.6165945828,17.2638119384646,569.973995923996,13.9948749691248,38.2583515793085,0,0.306832045316696,17.2501916438341,6.55759407579899,62.5743292719126,0,1.54893523454666,0.171663790941238,15.2814249098301,0,0,0,0,0,7.65857365727425,37.3308633565903,0,3.09308230876923,0.857956767082214,0.769714117050171,29.8024437651038,578.083193346858,2176.19226822257,2243.11774998158,3123.958879143,3364.25317640603,2821.99792762846,233.531673647463,2489.04084588587,0,38.4158652201295,90.0299161374569,9.23571503907442,122.636052876711,5170.6165945828,6395.69326634705,195.435083538294,842.503560192883,1693.68064301461,362.368364363909,0.132810771465302,11.6012660935521,79.9285566136241,80.6362534463406,372.066657438874,125.577342100441,60.2938821539283,24.984471231699,140.30517078191,0,0.129319936037064,1.20858496427536,0,0,53.8863864094019,818.595846302807,0.348285436630249,20.5435706079006,252.683835469186,10.7292004600167,936.480645254254,754.188633166254,21.7586873173714,26.7144263088703,5.45591053366661,503.141436688602,1679.16951392591,39.7858589291573,127.59327159822,1139.24904355407,125.505240723491,2547.07616047561,1200.99097888172,3461.45960223675,17.2638119384646,195.435083538294,5474.52843254805,53.1081883907318,204.061358973384,1612.61518567801,49.6258390843868,0.812874913215637,0.452036365866661,0.41545794904232,4.85212481021881,8.25649230182171,5.11304265260696,0.470284014940262,3.20057383179665,30.2614532113075,0,0,0,0,1.27258312702179,12.1820701062679,0,0.326641261577606,7.22093670070171,1.31733107566833,7.76254484057426,3033.88551811129,3882.30537219346,414.4664067626,430.235700108111,26.4622911959887,565.430528052151,1774.69209496677,8032.97061608732,0,747.362476661801,22.1018548086286,17.8753918707371,23.4819655716419,569.973995923996,842.503560192883,53.1081883907318,3723.48777937889,203.842974454165,111.557016536593,0,2.3395944237709,55.035198494792,21.2894497960806,100.012849196792,9.84703230857849,12.8935068845749,4.05744208395481,69.5149448662996,0,0,0,0.227173388004303,0,33.1202284693718,190.351464860141,1.03215125203133,2.87743571400642,15.1527610570192,1.16707049310207,33.6788773983717,809.741592638195,104.331197634339,163.785666614771,52.1471324115992,1191.30668215454,2278.85473382473,1456.51885738969,6228.83955278993,0,55.6178912967443,102.326345279813,24.4491568207741,108.138097137213,13.9948749691248,1693.68064301461,204.061358973384,203.842974454165,3966.84687002003,430.78773753345,8.22217972576618,422.988729700446,26.7345305085182,15.3459011018276,19.4341057389975,356.866833642125,751.079767018557,364.343388423324,658.522373318672,0,13.3379516303539,55.7956683635712,42.3645723164082,36.4433337152004,7.2404767125845,392.528331570327,53.2247463166714,76.6104719638824,3813.15217207372,226.786536321044,86.2197720110416,3416.28197381645,93.796414077282,81.5957799628377,28.54895375669,318.189932778478,4059.03522508591,78.6088706105947,297.279088065028,0,52.2433569580317,2368.58496826887,21.6206757128239,316.867667391896,38.2583515793085,362.368364363909,1612.61518567801,111.557016536593,430.78773753345,5178.70924431086,0,0.163712933659554,3.82886092364788,4.88647627830505,10.3131979107857,16.30644492805,10.9518253654242,6.44704546034336,6.8307373970747,0,0.637193262577057,0,0,0.147621378302574,0.727906078100204,58.4074168726802,0.398670941591263,0,24.9629176706076,1.67986643314362,1166.00987711549,0.819357514381409,0,0,0,0,0.68639862537384,8.83746373653412,4.76923367381096,326.784227877855,31.7156720459461,5.72255179286003,293.615871652961,46.1219145655632,0,0.132810771465302,49.6258390843868,0,8.22217972576618,0,16040.8956246823,616.638671509922,3.59159253537655,2.5683226287365,0.924152165651321,713.784457966685,98.9291690215468,1295.43802693486,16.2682811766863,2895.19850662351,3906.35547284782,579.560189142823,10379.1690717191,2620.74515378475,4.29118894785643,13.218565620482,440.168064400554,28.854112252593,49.1882960796356,104.181943923235,0,7.46966506540775,2.56376606225967,4.39377804100513,0.80394521355629,4.66934071481228,6.80591970682144,58.0772406607866,104.980401143432,0,2.10898675024509,0.289282321929932,1.57219612598419,0,0.306832045316696,11.6012660935521,0.812874913215637,2.3395944237709,422.988729700446,0.163712933659554,616.638671509922,31301.4600076154,1528.23539500684,64.0234160870314,42.7630370259285,634.071884505451,2646.90735640377,8288.97650630027,1209.2531799376,3.19058325886726,5706.8180449307,2481.04455099255,871.362415321171,584.010817758739,94.3771796226501,386.682567551732,555.472761541605,3213.48529873043,897.773053281009,2513.2632484287,0,9.5189511179924,114.300058417022,20.7762469500303,143.540301382542,0,13.7659522742033,1.00486542284489,322.206035494804,0,1.0094803571701,0.438692778348923,0,0,17.2501916438341,79.9285566136241,0.452036365866661,55.035198494792,26.7345305085182,3.82886092364788,3.59159253537655,1528.23539500684,15204.8555816486,712.166631892323,3120.90786916018,40.4624548703432,2073.42265336215,696.763830274343,6805.53471520543,0,124.143359363079,9.06256791949272,0.605163991451263,9.01126810908318,10848.9169357046,2760.37164635211,21.2237847149372,1945.30497816205,122.685340754688,121.908657297492,0,5.08072812855244,23.6303448081017,33.9076729565859,10.6221450865269,2.6015605032444,24.4988236129284,1.54932689666748,105.951508715749,0,0,0.495595157146454,0,0,6.55759407579899,80.6362534463406,0.41545794904232,21.2894497960806,15.3459011018276,4.88647627830505,2.5683226287365,64.0234160870314,712.166631892323,1921.17802114785,246.980994492769,49.3519284427166,1561.98076827079,70.4588203579187,1443.3287627697,0,0.429089784622192,13.0758554935455,5.84046022593975,19.1231843829155,1552.57457856834,2250.84842762351,15.081592336297,102.660435676575,363.858568832278,197.501146778464,0,23.9843664467335,558.892967909575,71.5810994058847,787.706346660852,17.5420073419809,71.1175002157688,4.03017631173134,809.446089088917,0,0,0.191869974136353,0,0.243934735655785,62.5743292719126,372.066657438874,4.85212481021881,100.012849196792,19.4341057389975,10.3131979107857,0.924152165651321,42.7630370259285,3120.90786916018,246.980994492769,3414.2132923156,1583.30917260051,146.051799766719,20.7616592496634,2452.6056573987,0,0.631671473383904,0,0,10.3888350874186,1291.74488317966,2867.56472487748,4.67651446163654,145.856275454164,129.3418661654,22.4911900311708,19.0234150290489,55.4348962306976,3.45127464830875,25.1017394214869,16.1744096875191,32.6407832205296,86.1064714491367,391.247048065066,263.025005668402,0,6.23681303858757,5.78499437868595,1.1812379360199,13.1235444545746,0,125.577342100441,8.25649230182171,9.84703230857849,356.866833642125,16.30644492805,713.784457966685,634.071884505451,40.4624548703432,49.3519284427166,1583.30917260051,4236.24413949251,1843.61909550428,1827.57335111499,303.937058284879,162.023680970073,46.9145182967186,348.241308346391,121.457936316729,2565.86693796515,11.7122310698032,878.424642808735,347.282869502902,103.212724298239,749.112122043967,544.507028929889,0,31.5356471091509,12.8879671320319,15.7003906816244,7.79511776566505,15.815038561821,56.5995256304741,32.797259002924,294.369629755616,0,1.81392574310303,6.71214261651039,2.677958548069,2.36289072036743,1.54893523454666,60.2938821539283,5.11304265260696,12.8935068845749,751.079767018557,10.9518253654242,98.9291690215468,2646.90735640377,2073.42265336215,1561.98076827079,146.051799766719,1843.61909550428,11618.9275648147,521.87655544281,1619.23497641832,4.85599651932716,35.5508712977171,468.901075959206,122.834437265992,1450.456777744,242.154835648835,1748.95027729124,1698.89710982144,1376.7446898669,2402.97067344934,4303.97093710303,53.7982724010944,10.6845373511314,1.90995317697525,3.2689865231514,1.36075580120087,1.6314155459404,19.2992983013391,1063.07688835263,39.7501103579998,0,2.72343879938126,1.05223023891449,0,1.55444395542145,0.171663790941238,24.984471231699,0.470284014940262,4.05744208395481,364.343388423324,6.44704546034336,1295.43802693486,8288.97650630027,696.763830274343,70.4588203579187,20.7616592496634,1827.57335111499,521.87655544281,7082.8493604511,3855.43911883235,0,4207.64772102237,22.1254307180643,47.9699168354273,103.115703709424,21.1830951422453,343.825418449938,40.9738584160805,1744.174875319,2930.81074914336,212.133509278297,0,20.7434664964676,318.706546247005,56.6016502529383,244.630301162601,5.50064331293106,43.8048552125692,39.9808973222971,838.690104305744,0,0,0.236656203866005,0,0,15.2814249098301,140.30517078191,3.20057383179665,69.5149448662996,658.522373318672,6.8307373970747,16.2682811766863,1209.2531799376,6805.53471520543,1443.3287627697,2452.6056573987,303.937058284879,1619.23497641832,3855.43911883235,10755.6062200665,0.717734217643738,110.480828031898,44.917711108923,24.7455317229033,126.020016163588,974.694296255708,1959.78633870929,93.4005132764578,5463.4714255482,5033.36288957298,388.913416787982,119.371897011995,0,0,0,0,0,0,0,0,119.518833190203,0,0,121.74471077323,0,0,0,30.2614532113075,0,0,0,2895.19850662351,3.19058325886726,0,0,0,162.023680970073,4.85599651932716,0,0.717734217643738,1289.45543423295,26.1663743853569,30.6400359869003,874.314306795597,773.745534330606,0,0.21950951218605,863.305322542787,0,0,5.31974762678146,0,0,0,0,0,0,1.96135061979294,4.63370788097382,1.09573462605476,0,0,0,0,0,0,0.129319936037064,0,0,13.3379516303539,0.637193262577057,3906.35547284782,5706.8180449307,124.143359363079,0.429089784622192,0.631671473383904,46.9145182967186,35.5508712977171,4207.64772102237,110.480828031898,26.1663743853569,7495.65361489356,114.754149571061,3053.38506656885,239.713917925954,0.186462327837944,20.1860326975584,10.2269028425217,271.545065850019,49.7289421260357,13.5421378463507,0,0,0,0,0,0,0,9.57736527919769,17.7184728980064,0,0,0,0,0,0,1.20858496427536,0,0,55.7956683635712,0,579.560189142823,2481.04455099255,9.06256791949272,13.0758554935455,0,348.241308346391,468.901075959206,22.1254307180643,44.917711108923,30.6400359869003,114.754149571061,6276.62592816353,1495.34883457422,1099.93253725767,2.4245063662529,32.7016767859459,1686.64095400274,48.6957854777575,66.8245487511158,3373.12670043111,0,2.62178421020508,0,0,0,0,0.423242658376694,3.07144057750702,9.19487231969833,0,0,0,0,0,0,0,0,0.227173388004303,42.3645723164082,0,10379.1690717191,871.362415321171,0.605163991451263,5.84046022593975,0,121.457936316729,122.834437265992,47.9699168354273,24.7455317229033,874.314306795597,3053.38506656885,1495.34883457422,5585.77252990007,2388.67005762458,0.207247287034988,20.0152655318379,709.539835944772,45.7784734219313,74.0173663049936,68.7803926020861,0,3.62567591667175,0,0.517482697963715,0,0,0,3.65851390361786,21.1471091508865,0,0,0,0,0,0,0,0,0,36.4433337152004,0.147621378302574,2620.74515378475,584.010817758739,9.01126810908318,19.1231843829155,10.3888350874186,2565.86693796515,1450.456777744,103.115703709424,126.020016163588,773.745534330606,239.713917925954,1099.93253725767,2388.67005762458,9027.13390597701,6.51537936925888,56.8988901823759,4125.29251882434,44.2107093036175,89.006207741797,440.067531690001,0,4.54108275473118,42.2210399657488,21.1196192800999,27.3387699276209,0,11.7930538654327,3.44451677799225,85.4770326316357,0,0,0,0,0.519339025020599,7.65857365727425,53.8863864094019,1.27258312702179,33.1202284693718,7.2404767125845,0.727906078100204,4.29118894785643,94.3771796226501,10848.9169357046,1552.57457856834,1291.74488317966,11.7122310698032,242.154835648835,21.1830951422453,974.694296255708,0,0.186462327837944,2.4245063662529,0.207247287034988,6.51537936925888,6683.60971353948,6025.57184124738,10.2423064857721,299.218409359455,64.4896385073662,52.3164655715227,0.279902614653111,134.903667390347,106.181886561215,248.12446629256,146.976804159582,42.8594534024596,512.055512681603,63.4210672676563,764.113161377609,0,2.07334266602993,6.11056784540415,2.76760637760162,6.56162086129189,37.3308633565903,818.595846302807,12.1820701062679,190.351464860141,392.528331570327,58.4074168726802,13.218565620482,386.682567551732,2760.37164635211,2250.84842762351,2867.56472487748,878.424642808735,1748.95027729124,343.825418449938,1959.78633870929,0.21950951218605,20.1860326975584,32.7016767859459,20.0152655318379,56.8988901823759,6025.57184124738,9235.11406332627,49.2568319514394,256.734087571502,1323.18933513016,263.702452935278,0,0,0.299216650426388,0,0,0,0,7.52261024713516,21.4088311493397,0,0,0.917517185211182,0,0,0,0.348285436630249,0,1.03215125203133,53.2247463166714,0.398670941591263,440.168064400554,555.472761541605,21.2237847149372,15.081592336297,4.67651446163654,347.282869502902,1698.89710982144,40.9738584160805,93.4005132764578,863.305322542787,10.2269028425217,1686.64095400274,709.539835944772,4125.29251882434,10.2423064857721,49.2568319514394,7792.18586698174,81.2867237478495,135.268536299467,1019.60226288438,0,2.11806899309158,8.16830191016197,7.67157129943371,6.78941372036934,0,4.78118646144867,6.69920003414154,38.9083351492882,0,0,0,0,0.204223528504372,3.09308230876923,20.5435706079006,0.326641261577606,2.87743571400642,76.6104719638824,0,28.854112252593,3213.48529873043,1945.30497816205,102.660435676575,145.856275454164,103.212724298239,1376.7446898669,1744.174875319,5463.4714255482,0,271.545065850019,48.6957854777575,45.7784734219313,44.2107093036175,299.218409359455,256.734087571502,81.2867237478495,1792.99960719049,638.298065423965,411.690174847841,16.1295343637466,52.3699481338263,11.406808257103,38.2708619385958,35.7762126028538,40.5432032346725,220.770561620593,906.300884470344,418.172182634473,0,0.260566413402557,3.57585877180099,0.416039198637009,1.36057341098785,0.857956767082214,252.683835469186,7.22093670070171,15.1527610570192,3813.15217207372,24.9629176706076,49.1882960796356,897.773053281009,122.685340754688,363.858568832278,129.3418661654,749.112122043967,2402.97067344934,2930.81074914336,5033.36288957298,0,49.7289421260357,66.8245487511158,74.0173663049936,89.006207741797,64.4896385073662,1323.18933513016,135.268536299467,638.298065423965,3254.50771681964,540.162133619189,0,4.13811446726322,1.69586738944054,5.55610147118568,4.81358985602856,5.222088098526,5.62273539602757,11.0012856721878,57.5200819522142,0,0,0,0,0,0.769714117050171,10.7292004600167,1.31733107566833,1.16707049310207,226.786536321044,1.67986643314362,104.181943923235,2513.2632484287,121.908657297492,197.501146778464,22.4911900311708,544.507028929889,4303.97093710303,212.133509278297,388.913416787982,5.31974762678146,13.5421378463507,3373.12670043111,68.7803926020861,440.067531690001,52.3164655715227,263.702452935278,1019.60226288438,411.690174847841,540.162133619189,3891.94050435722
