7281.95893979073,64.7965226918459,0,0,0,480.764596760273,3.30965158343315,547.092710763216,1.33547556400299,1415.45679941773,1775.82931476831,479.710326194763,4927.3588026911,1030.42512695491,0,0,260.556158319116,2.40292528271675,70.5898573994637,0.454566657543182,606.536081701517,0,0,0,0,1.53768745064735,0,7.20860303938389,0,629.768161416054,0,0,0,28.5607387125492,0,0,0,0,9.37751947343349,0,64.7965226918459,27671.2016597167,1262.09885655344,17.3888290971518,0.935567319393158,448.027371615171,1584.69836365432,2938.64756406844,1073.41730222106,4.49348129332066,3743.26976052672,2264.24808904529,458.402165800333,609.246141165495,0,128.416701748967,407.268058441579,5319.76902741194,89.6906635612249,4869.35747203231,5.75966882705688,5.21676233410835,0.193401619791985,6.95649034529924,0.652987256646156,159.343893989921,118.020166508853,0,10.373278349638,0,0,12.8770677149296,0,7.22924198210239,0,44.064400061965,10.5152148604393,3.36983515322208,1.86255246400833,73.3484219014645,0,1262.09885655344,7362.50787684321,1370.18992303312,2040.46860833466,1.68212205171585,1210.62086488307,1332.44306510687,3700.43336196244,0,137.523065283895,0.263855248689651,0,0.426171958446503,7525.21449953318,2066.90051522106,0.203110322356224,1050.30518947542,4.23030561208725,3.50380791723728,0,0,165.012637622654,4.57741652429104,158.439329862595,1.50587899982929,4.81192208826542,0,13.3146376907825,0,0,0.413225144147873,0,0,54.6644150391221,132.159955747426,0,6.95685718953609,0,0,0,17.3888290971518,1370.18992303312,5471.90487129986,270.465324804187,28.9257208257914,3296.16284647584,20.7059549242258,596.528013423085,0,2.70527076721191,3.57568781077862,0,1.25223359465599,2088.78823104501,3433.22733637691,14.3213553726673,373.611619472504,85.4444235488772,111.718605220318,0,0,62.8557641506195,51.5023166164756,226.263249561191,10.8603951632977,25.9982755854726,0.199189335107803,60.2521558701992,0,0,0,0,0.974140375852585,97.8683478683233,253.12327426672,1.02861714363098,35.3867702931166,3.21485476195812,0.197625607252121,0,0.935567319393158,2040.46860833466,270.465324804187,1633.0622215569,156.305823713541,267.018753811717,0.442813917994499,2657.6223385334,0,0,0.340342178940773,0,0.470457315444946,1528.32549719512,2770.36225624382,0.177658781409264,229.168035954237,12.2717288136482,14.9431407749653,0,0,163.259052738547,30.4524833261967,443.800882354379,173.128652319312,20.9408672302961,0,45.4704673886299,0,0,0,0,0.178562819957733,132.972392857075,435.277359813452,0,21.8199547231197,2.06508362293243,0.23731541633606,480.764596760273,448.027371615171,1.68212205171585,28.9257208257914,156.305823713541,2075.08534829319,1725.46117154509,169.722916513681,323.987163856626,1.5475991666317,99.7075255662203,560.918882369995,94.8468248844147,2084.92464219034,2.30467692017555,1504.03669291735,363.079063653946,70.2868282496929,395.069496020675,178.224490977824,1.17584854364395,0,2.3112671226263,26.5782899409533,144.577841863036,1310.40932284296,83.1624419465661,11.2527149170637,37.8386753946543,0.756739795207977,0,0.203392803668976,0,108.095513612032,0.285253375768661,228.63414888829,1.43563869595528,9.22431299090385,85.3742333948612,4.04734560847282,3.30965158343315,1584.69836365432,1210.62086488307,3296.16284647584,267.018753811717,1725.46117154509,24704.2244159952,121.4904396981,1908.19284375012,0.787227809429169,60.4402999505401,703.316701099277,14.0051703453064,1199.33270741999,193.207030266523,4062.04701592028,3547.37622632086,1765.00349321216,565.675757914782,6690.81645798683,2.81658971309662,2.33197212219238,40.9555555135012,156.091876104474,108.703505411744,451.089401811361,1214.71193247288,9.7874128818512,262.489255949855,0,0,8.08799540996552,0,89.9126021116972,41.38173327595,529.680768102407,17.2017436027527,70.4624297767878,83.3065952509642,98.4038617610931,547.092710763216,2938.64756406844,1332.44306510687,20.7059549242258,0.442813917994499,169.722916513681,121.4904396981,4957.50130394101,3127.27511280775,0.311055779457092,4279.97797037661,14.1253470182419,25.8678584843874,11.9659287631512,0.480100154876709,131.363855712116,2.28439199924469,1189.20873753726,1828.09003940225,21.2282827794552,28.6481128931046,0,0,12.7544830441475,6.91495235264301,14.106795758009,3.993612870574,130.869150474668,29.3644818812609,0,0.613691926002502,0,0,1.83342695236206,0,26.4656398594379,0,0.41295850276947,215.148149818182,3.73979139328003,1.33547556400299,1073.41730222106,3700.43336196244,596.528013423085,2657.6223385334,323.987163856626,1908.19284375012,3127.27511280775,17019.92826882,0,647.632566988468,13.202775940299,1.02716980874538,16.3665417134762,981.664542138577,1931.42334934324,23.7360675930977,6182.24121468514,5093.14819554985,348.624941781163,0,3.44759395718575,128.742761969566,188.188685312867,393.615702040493,81.015652179718,168.206720873713,26.088472366333,771.452207066119,0,0,2.88091118633747,0,2.67365570366383,30.857619792223,440.694928348064,6.63806727528572,98.679599404335,89.362563341856,10.5808130651712,1415.45679941773,4.49348129332066,0,0,0,1.5475991666317,0.787227809429169,0.311055779457092,0,1188.75881698728,16.8901561796665,231.347024485469,1526.7586620748,736.42626310885,0,0,1654.7969186902,0,0,1.00207489728928,353.459130495787,0,0,0,0,0.341055512428284,0,0,0,918.367935687304,0.840318918228149,0,65.2362169623375,26.4543988108635,0,0,5.11589622497559,0,0,0,1775.82931476831,3743.26976052672,137.523065283895,2.70527076721191,0,99.7075255662203,60.4402999505401,4279.97797037661,647.632566988468,16.8901561796665,4698.02090498805,358.030060172081,1732.93936866522,208.074854508042,0,15.1695677936077,50.5083257853985,984.89568130672,99.0229871571064,78.2307040840387,3.99882760643959,0,0,0.258667916059494,0.245540216565132,9.7205702662468,7.82458882033825,6.42049250006676,2.26455548405647,3.21258291602135,0,0,0,1.54304385185242,0,5.1195572167635,0,0,4.41691213846207,5.60207234323025,479.710326194763,2264.24808904529,0.263855248689651,3.57568781077862,0.340342178940773,560.918882369995,703.316701099277,14.1253470182419,13.202775940299,231.347024485469,358.030060172081,10368.4479647577,2544.37398022413,2361.46058374643,0,43.1012794971466,2947.44511899352,120.082820661366,25.0429372340441,2710.22039658576,4.40915052592754,4.33534240722656,0.55734521150589,6.04878398776054,0,113.953947797418,112.457210719585,0,4.06952422857285,36.6949284076691,0,10.3060301244259,0,5.83804614841938,0,16.9972388520837,11.9729739278555,7.51729342341423,0.93570676445961,54.0732831507921,4927.3588026911,458.402165800333,0,0,0,94.8468248844147,14.0051703453064,25.8678584843874,1.02716980874538,1526.7586620748,1732.93936866522,2544.37398022413,8364.63285344839,908.066785022616,0,0.738418027758598,919.41175070405,7.40295638144016,8.24826888740063,10.5903647542,81.9681008458138,0,0,0,0,3.71324247121811,2.01888366043568,0,0,226.521335273981,0,0,0,8.935034096241,0,0.568345919251442,0,0,0,4.50586122274399,1030.42512695491,609.246141165495,0.426171958446503,1.25223359465599,0.470457315444946,2084.92464219034,1199.33270741999,11.9659287631512,16.3665417134762,736.42626310885,208.074854508042,2361.46058374643,908.066785022616,6330.73789015412,0,92.3036218136549,6031.52566172183,65.5688713639975,65.7309274226427,150.449469387531,218.987494707108,2.09792160987854,0,0.568285197019577,0,207.321157678962,47.2113548442721,0,4.40737774968147,411.587501764297,0,2.04213684797287,0,1053.0679512471,0.335476353764534,11.9265606999397,0.158867284655571,0,1.89427971839905,6.0794723033905,0,0,7525.21449953318,2088.78823104501,1528.32549719512,2.30467692017555,193.207030266523,0.480100154876709,981.664542138577,0,0,0,0,0,10980.3887272328,4659.55912709236,0,200.483948171139,1.27901473641396,0.494328945875168,0,0,54.4960346966982,0.692260190844536,152.230653867126,0.555736243724823,0.384045377373695,0,1.38127255439758,0,0,0,0,0,21.573910266161,151.023501366377,0.127838671207428,0.495802849531174,0,0,0,128.416701748967,2066.90051522106,3433.22733637691,2770.36225624382,1504.03669291735,4062.04701592028,131.363855712116,1931.42334934324,0,15.1695677936077,43.1012794971466,0.738418027758598,92.3036218136549,4659.55912709236,13700.1339691728,105.26655549556,635.921673744917,630.398833759129,390.573968142271,0.324162513017654,2.88335263729095,86.9765221551061,184.691553227603,1049.12481065094,1139.24727462977,397.700225569308,24.4800225049257,312.722416475415,0,0,5.27411633729935,0,10.2098103165627,76.8601439893246,2245.15646655113,15.7670247331262,100.352605298162,103.307904735208,35.4388105198741,260.556158319116,407.268058441579,0.203110322356224,14.3213553726673,0.177658781409264,363.079063653946,3547.37622632086,2.28439199924469,23.7360675930977,1654.7969186902,50.5083257853985,2947.44511899352,919.41175070405,6031.52566172183,0,105.26655549556,6856.90404696763,117.390959426761,16.7786317169666,431.631627053022,19.3809796273708,3.98819491267204,0,3.8059302046895,0,50.8483066409826,68.3854310512543,0,4.06549656391144,202.435852140188,0,2.14494994282722,0,73.5593881309032,0.402516663074493,13.3050482794642,2.76190343499184,2.15177837014198,0.687398597598076,10.6909123212099,2.40292528271675,5319.76902741194,1050.30518947542,373.611619472504,229.168035954237,70.2868282496929,1765.00349321216,1189.20873753726,6182.24121468514,0,984.89568130672,120.082820661366,7.40295638144016,65.5688713639975,200.483948171139,635.921673744917,117.390959426761,2499.10863424838,432.638240933418,911.276724480093,0,2.35809773206711,23.2759910523891,35.1474592685699,72.3618066906929,21.7550854980946,29.4272179603577,3.15366238355637,35.2404636889696,0,0,0,0,0,25.2146061062813,133.206831537187,1.18233323097229,14.8572615534067,2.35067701339722,2.6373256444931,70.5898573994637,89.6906635612249,4.23030561208725,85.4444235488772,12.2717288136482,395.069496020675,565.675757914782,1828.09003940225,5093.14819554985,0,99.0229871571064,25.0429372340441,8.24826888740063,65.7309274226427,1.27901473641396,630.398833759129,16.7786317169666,432.638240933418,3359.02978160977,206.861284777522,0,0.591689258813858,2.30293235182762,41.1654810607433,9.57626244425774,68.2721621245146,48.5411038398743,236.259817168117,679.654575005174,0,0,0,0,2.75795283913612,1.31508354842663,89.944672293961,0.831661701202393,51.0242485553026,3874.71609672904,7.83055859804153,0.454566657543182,4869.35747203231,3.50380791723728,111.718605220318,14.9431407749653,178.224490977824,6690.81645798683,21.2282827794552,348.624941781163,1.00207489728928,78.2307040840387,2710.22039658576,10.5903647542,150.449469387531,0.494328945875168,390.573968142271,431.631627053022,911.276724480093,206.861284777522,6003.4656426236,0,1.73344874382019,0.832275934517384,28.5139496773481,4.89199483394623,114.319396741688,176.319014258683,0.237693876028061,56.7851223424077,0,0,9.0518559217453,0,1.81127402186394,1.0452057570219,95.27627248317,13.5649295598269,13.6799089610577,13.1129669100046,36.5766106247902,606.536081701517,5.75966882705688,0,0,0,1.17584854364395,2.81658971309662,28.6481128931046,0,353.459130495787,3.99882760643959,4.40915052592754,81.9681008458138,218.987494707108,0,0.324162513017654,19.3809796273708,0,0,0,11243.5411523879,609.992154046893,0,1.64521682262421,0,382.798612728715,43.0627394914627,750.025616914034,0,3435.97553959489,2199.87798470259,1865.16520488262,6906.28879229724,2394.0932636261,0.354948699474335,0,430.616021439433,59.8124465346336,14.3483561873436,52.7315477579832,0,5.21676233410835,0,0,0,0,2.33197212219238,0,3.44759395718575,0,0,4.33534240722656,0,2.09792160987854,0,2.88335263729095,3.98819491267204,2.35809773206711,0.591689258813858,1.73344874382019,609.992154046893,26450.5297843739,673.270128332078,51.4982625991106,0.493448555469513,353.830653250217,1570.82005266845,5017.17851631343,876.999117299914,4.11199656128883,4756.70338502526,4129.13127426058,425.373260110617,815.355793908238,1.6245411336422,62.5946758389473,279.873086944222,4948.36123795807,40.6115493178368,2947.28890170157,0,0.193401619791985,165.012637622654,62.8557641506195,163.259052738547,2.3112671226263,40.9555555135012,0,128.742761969566,0,0,0.55734521150589,0,0,54.4960346966982,86.9765221551061,0,23.2759910523891,2.30293235182762,0.832275934517384,0,673.270128332078,7696.90857657045,457.738316267729,1421.89140973985,1.47578631341457,1883.98304120451,1161.83955611289,4137.51997780055,0,19.8694068342447,1.01140892505646,0,0.217583626508713,7204.33447368443,1582.32219026983,3.82336504757404,1127.04250153899,4.13743725419044,5.31175418198109,0,6.95649034529924,4.57741652429104,51.5023166164756,30.4524833261967,26.5782899409533,156.091876104474,12.7544830441475,188.188685312867,0,0.258667916059494,6.04878398776054,0,0.568285197019577,0.692260190844536,184.691553227603,3.8059302046895,35.1474592685699,41.1654810607433,28.5139496773481,1.64521682262421,51.4982625991106,457.738316267729,3593.11635629833,100.134503349662,64.1157365143299,4023.64279704541,25.6129895299673,805.409379452467,0,0,24.3805392980576,0.209706842899323,4.73657731711864,1127.40562912077,2518.88858874142,71.6966824680567,546.189784653485,94.782594487071,191.803303457797,0,0.652987256646156,158.439329862595,226.263249561191,443.800882354379,144.577841863036,108.703505411744,6.91495235264301,393.615702040493,0,0.245540216565132,0,0,0,152.230653867126,1049.12481065094,0,72.3618066906929,9.57626244425774,4.89199483394623,0,0.493448555469513,1421.89140973985,100.134503349662,1745.16019758582,682.092025279999,110.09825091064,0.9838927090168,2109.50377337635,0,0,0,0,17.3525307178497,1508.72767116129,2718.79486250877,2.42535790801048,362.444315999746,6.19185566902161,2.96462205797434,1.53768745064735,159.343893989921,1.50587899982929,10.8603951632977,173.128652319312,1310.40932284296,451.089401811361,14.106795758009,81.015652179718,0.341055512428284,9.7205702662468,113.953947797418,3.71324247121811,207.321157678962,0.555736243724823,1139.24727462977,50.8483066409826,21.7550854980946,68.2721621245146,114.319396741688,382.798612728715,353.830653250217,1.47578631341457,64.1157365143299,682.092025279999,3072.63712525368,2305.96827734262,961.972447216511,543.060580134392,15.5516830980778,15.4287732094526,372.854307726026,15.299472630024,1914.16582848132,1.36403584480286,1689.88130134344,341.308796457946,233.026001177728,514.770460233092,456.496959030628,0,118.020166508853,4.81192208826542,25.9982755854726,20.9408672302961,83.1624419465661,1214.71193247288,3.993612870574,168.206720873713,0,7.82458882033825,112.457210719585,2.01888366043568,47.2113548442721,0.384045377373695,397.700225569308,68.3854310512543,29.4272179603577,48.5411038398743,176.319014258683,43.0627394914627,1570.82005266845,1883.98304120451,4023.64279704541,110.09825091064,2305.96827734262,20271.040086925,114.545922636986,1326.56863541901,0.433447003364563,5.16864803433418,940.470865860581,9.71596145629883,1763.4038284421,322.477415382862,3469.66528367251,3445.495548971,2217.69573777169,622.840176872909,6591.90916202217,7.20860303938389,0,0,0.199189335107803,0,11.2527149170637,9.7874128818512,130.869150474668,26.088472366333,0,6.42049250006676,0,0,0,0,24.4800225049257,0,3.15366238355637,236.259817168117,0.237693876028061,750.025616914034,5017.17851631343,1161.83955611289,25.6129895299673,0.9838927090168,961.972447216511,114.545922636986,6171.20814563334,3379.83103844523,0,2958.74924354255,18.6443847417831,21.9659312367439,7.3255897462368,0,55.7758033946157,5.34693382680416,1376.32767504454,1411.82321457565,56.1544597297907,0,10.373278349638,13.3146376907825,60.2521558701992,45.4704673886299,37.8386753946543,262.489255949855,29.3644818812609,771.452207066119,0,2.26455548405647,4.06952422857285,0,4.40737774968147,1.38127255439758,312.722416475415,4.06549656391144,35.2404636889696,679.654575005174,56.7851223424077,0,876.999117299914,4137.51997780055,805.409379452467,2109.50377337635,543.060580134392,1326.56863541901,3379.83103844523,13455.5934144855,0,444.829974398017,18.8182922303677,0.392904698848724,19.9102135151625,1007.72287531197,1637.11794390529,45.1645996570587,7023.96690617502,4269.67797602713,89.4145624339581,629.768161416054,0,0,0,0,0.756739795207977,0,0,0,918.367935687304,3.21258291602135,36.6949284076691,226.521335273981,411.587501764297,0,0,202.435852140188,0,0,0,3435.97553959489,4.11199656128883,0,0,0,15.5516830980778,0.433447003364563,0,0,2454.14473536611,30.8850013166666,44.6206012219191,1285.03482341766,1073.28971491754,0,0.538459181785583,944.071655020118,0,0,0.189585268497467,0,0,0,0,0,0,0,0.613691926002502,0,0.840318918228149,0,0,0,0,0,0,0,0,0,0,2199.87798470259,4756.70338502526,19.8694068342447,0,0,15.4287732094526,5.16864803433418,2958.74924354255,444.829974398017,30.8850013166666,5262.27250057459,382.748938560486,2858.41483494639,148.200650289655,0,0,26.507629558444,168.111862838268,4.7330926656723,4.83167031407356,0,12.8770677149296,0.413225144147873,0,0,0.203392803668976,8.08799540996552,0,2.88091118633747,0,0,10.3060301244259,0,2.04213684797287,0,5.27411633729935,2.14494994282722,0,0,9.0518559217453,1865.16520488262,4129.13127426058,1.01140892505646,24.3805392980576,0,372.854307726026,940.470865860581,18.6443847417831,18.8182922303677,44.6206012219191,382.748938560486,12132.2267680168,1502.90641580522,4276.13759711385,0.306337088346481,54.2542192265391,3357.34363733232,163.244248136878,27.6410891860723,3063.81889680028,0,0,0,0,0,0,0,0,0,65.2362169623375,0,0,0,0,0,0,0,0,0,0,6906.28879229724,425.373260110617,0,0.209706842899323,0,15.299472630024,9.71596145629883,21.9659312367439,0.392904698848724,1285.03482341766,2858.41483494639,1502.90641580522,9853.44968982041,1551.60350035131,0,0.435294836759567,1212.29620744288,5.69154271483421,0,5.12726901471615,28.5607387125492,7.22924198210239,0,0.974140375852585,0.178562819957733,108.095513612032,89.9126021116972,1.83342695236206,2.67365570366383,26.4543988108635,1.54304385185242,5.83804614841938,8.935034096241,1053.0679512471,0,10.2098103165627,73.5593881309032,0,2.75795283913612,1.81127402186394,2394.0932636261,815.355793908238,0.217583626508713,4.73657731711864,17.3525307178497,1914.16582848132,1763.4038284421,7.3255897462368,19.9102135151625,1073.28971491754,148.200650289655,4276.13759711385,1551.60350035131,7383.60759088397,1.69210293889046,137.434539467096,7360.85509598255,37.4819925427437,12.7779468297958,425.699871569872,0,0,54.6644150391221,97.8683478683233,132.972392857075,0.285253375768661,41.38173327595,0,30.857619792223,0,0,0,0,0.335476353764534,21.573910266161,76.8601439893246,0.402516663074493,25.2146061062813,1.31508354842663,1.0452057570219,0.354948699474335,1.6245411336422,7204.33447368443,1127.40562912077,1508.72767116129,1.36403584480286,322.477415382862,0,1007.72287531197,0,0,0.306337088346481,0,1.69210293889046,10337.8161816746,6287.86445545405,3.72925765812397,756.902644872665,1.31531877815723,10.8503427952528,0,44.064400061965,132.159955747426,253.12327426672,435.277359813452,228.63414888829,529.680768102407,26.4656398594379,440.694928348064,0,5.1195572167635,16.9972388520837,0.568345919251442,11.9265606999397,151.023501366377,2245.15646655113,13.3050482794642,133.206831537187,89.944672293961,95.27627248317,0,62.5946758389473,1582.32219026983,2518.88858874142,2718.79486250877,1689.88130134344,3469.66528367251,55.7758033946157,1637.11794390529,0.538459181785583,0,54.2542192265391,0.435294836759567,137.434539467096,6287.86445545405,13130.718163237,145.187929108739,1128.57990872115,395.454699791968,207.716060198843,0,10.5152148604393,0,1.02861714363098,0,1.43563869595528,17.2017436027527,0,6.63806727528572,5.11589622497559,0,11.9729739278555,0,0.158867284655571,0.127838671207428,15.7670247331262,2.76190343499184,1.18233323097229,0.831661701202393,13.5649295598269,430.616021439433,279.873086944222,3.82336504757404,71.6966824680567,2.42535790801048,341.308796457946,3445.495548971,5.34693382680416,45.1645996570587,944.071655020118,26.507629558444,3357.34363733232,1212.29620744288,7360.85509598255,3.72925765812397,145.187929108739,9691.41973423958,119.13991419971,33.8262645900249,1162.06943391263,0,3.36983515322208,6.95685718953609,35.3867702931166,21.8199547231197,9.22431299090385,70.4624297767878,0.41295850276947,98.679599404335,0,0,7.51729342341423,0,0,0.495802849531174,100.352605298162,2.15177837014198,14.8572615534067,51.0242485553026,13.6799089610577,59.8124465346336,4948.36123795807,1127.04250153899,546.189784653485,362.444315999746,233.026001177728,2217.69573777169,1376.32767504454,7023.96690617502,0,168.111862838268,163.244248136878,5.69154271483421,37.4819925427437,756.902644872665,1128.57990872115,119.13991419971,3873.43021467328,717.454660333693,798.739776648581,9.37751947343349,1.86255246400833,0,3.21485476195812,2.06508362293243,85.3742333948612,83.3065952509642,215.148149818182,89.362563341856,0,4.41691213846207,0.93570676445961,0,1.89427971839905,0,103.307904735208,0.687398597598076,2.35067701339722,3874.71609672904,13.1129669100046,14.3483561873436,40.6115493178368,4.13743725419044,94.782594487071,6.19185566902161,514.770460233092,622.840176872909,1411.82321457565,4269.67797602713,0,4.7330926656723,27.6410891860723,0,12.7779468297958,1.31531877815723,395.454699791968,33.8262645900249,717.454660333693,2208.31771229208,118.792085707188,0,73.3484219014645,0,0.197625607252121,0.23731541633606,4.04734560847282,98.4038617610931,3.73979139328003,10.5808130651712,0,5.60207234323025,54.0732831507921,4.50586122274399,6.0794723033905,0,35.4388105198741,10.6909123212099,2.6373256444931,7.83055859804153,36.5766106247902,52.7315477579832,2947.28890170157,5.31175418198109,191.803303457797,2.96462205797434,456.496959030628,6591.90916202217,56.1544597297907,89.4145624339581,0.189585268497467,4.83167031407356,3063.81889680028,5.12726901471615,425.699871569872,10.8503427952528,207.716060198843,1162.06943391263,798.739776648581,118.792085707188,6122.71184338629
