8308.70028191805,499.532268330455,0,2.83876776695251,0,364.585155412555,13.0677817463875,495.76964686811,1.5514315366745,1791.53165318072,1418.5092048794,1162.73096327484,8689.17634437978,1550.36757670343,0,1.8536843508482,543.874033719301,24.7496935129166,134.723112344742,19.315658390522,172.741139650345,0.268339037895203,0,0,0,13.858193308115,0.21234655380249,24.0654172897339,1.16003000736237,251.678211569786,1.79812031984329,0,0,0,0,0.423196643590927,3.08759582042694,0,13.2600342929363,4.08635425567627,499.532268330455,39350.0762402117,1443.60191164911,84.6583084017038,1.40734285116196,1422.92488212883,1777.84218237549,1938.68087379634,754.886947788298,6.23794206976891,4448.1490278244,3053.89229221642,888.506903454661,683.966835618019,5.93445244431496,182.194834120572,619.043214738369,4902.32546112686,282.363454341888,4406.36589290202,8.01572167873383,15.7030107975006,0,4.6159178763628,0.799949705600739,40.8632731735706,104.858153820038,13.7931590229273,11.0046071261168,0,0.355452209711075,11.4674979895353,0.382043391466141,15.9758936613798,0.202596440911293,63.7354601025581,14.6182561814785,11.4189172387123,14.0202033221722,24.3349913358688,0,1443.60191164911,9296.02712067217,980.922925278544,2901.68270906061,8.04513096809387,2483.50497058034,640.778179556131,3917.01655991375,0,209.721788540483,0,0,0,8149.28971745074,2932.1943635121,3.26833266019821,1949.86450336128,6.79957604408264,15.0993719100952,0,0.643970847129822,50.0794690027833,81.7328052446246,195.053709216416,0.762228354811668,17.18614192307,0.178791284561157,57.5338442772627,0,0,0,0,0.44025644659996,175.316354170442,356.886212207377,0.232449442148209,26.7301344722509,2.89435589313507,0.801119327545166,2.83876776695251,84.6583084017038,980.922925278544,4945.65714677423,192.026660114527,65.144509524107,5232.35970243067,40.1205040961504,895.911459192634,0,0.769870281219482,3.6753309071064,0,0,2510.15085327625,2548.73273392022,26.6865095943213,683.094151228666,141.272518202662,223.412959896028,1.17490041255951,0.158882632851601,24.7676763981581,61.3560317903757,32.2767773717642,17.8780210465193,90.0592775717378,2.7097969353199,70.3121564090252,0,0,0.767354875802994,0,1.4419881105423,32.7577010989189,321.681250907481,1.67213428020477,11.2997160106897,42.8388221487403,3.31459827721119,0,1.40734285116196,2901.68270906061,192.026660114527,1233.40570312738,135.320092439651,99.1801238209009,2.14004617929459,1620.91190603375,0,0,0,0,0,1500.03384238482,3916.95571566373,0,197.395134061575,9.72252504527569,3.42967745661736,0.207202181220055,1.67531733214855,47.4259159862995,256.238770969212,219.371168330312,9.99253433942795,285.022493712604,2.57846003770828,185.214933186769,0,0,0.546401247382164,0,0,151.877722203732,452.184046924114,1.76264095306396,56.0925896763802,38.0223061591387,17.1357114166021,364.585155412555,1422.92488212883,8.04513096809387,65.144509524107,135.320092439651,3337.96797362715,2658.18438625336,255.271586149931,399.620334267616,7.67535844445229,64.4612974897027,444.788033813238,53.0013967603445,1973.47892965376,6.02496007084846,2837.0887529403,1006.50177016854,170.437882132828,578.925792977214,647.55454338342,18.5610957443714,17.7532836943865,2.19997049868107,11.967848457396,6.24615199863911,140.135823011398,149.049692213535,28.4454507231712,48.8387310951948,0,0,12.4645982384682,3.22582793235779,15.6188697367907,1.96232545375824,173.102205380797,6.27495294809341,18.8410326838493,66.9644664973021,24.4940501004457,13.0677817463875,1777.84218237549,2483.50497058034,5232.35970243067,99.1801238209009,2658.18438625336,27891.7338150367,77.6313459202647,1165.65571174771,5.90606275200844,28.381417401135,384.138223752379,9.85772651433945,1000.65437442064,443.274020455778,3277.67059994489,3569.80165661126,2072.14241375029,511.316984325647,5961.03532221913,1.72785480320454,9.10893903672695,11.6456619054079,69.261807821691,32.5959698706865,201.338621884584,280.242887996137,5.40640258789062,134.00936525315,0,0,7.16576102375984,0.772109687328339,8.13450261950493,16.9714114665985,682.996319256723,8.84143257141113,23.1663068085909,156.053397603333,18.8992914631963,495.76964686811,1938.68087379634,640.778179556131,40.1205040961504,2.14004617929459,255.271586149931,77.6313459202647,4449.19216439128,1370.31580218673,1.87873291969299,3518.74555525184,21.2081706225872,57.8655686080456,22.1465673148632,4.34984040260315,38.3760624229908,6.31822341680527,1744.55973616242,880.703918680549,28.9948826730251,9.05928868055344,1.16948226094246,0,5.37037992477417,0,37.7861754894257,4.27847534418106,126.058294415474,24.7129683196545,0,5.57052320241928,0,0,1.27152156829834,0,27.7069482654333,0,0,413.409804359078,2.15985107421875,1.5514315366745,754.886947788298,3917.01655991375,895.911459192634,1620.91190603375,399.620334267616,1165.65571174771,1370.31580218673,7925.89186745882,0,615.486901938915,13.7698610126972,1.33628690242767,25.5123210698366,380.789643257856,1361.29226507992,124.046578735113,6255.46514980495,3668.22862941027,162.690948031843,4.87516763806343,9.70743821561337,95.0409011095762,85.8059745430946,430.149540007114,83.8491884022951,257.254831954837,15.0167013704777,1097.77248603851,0,0,8.54335537552834,0.252667933702469,19.2141655236483,38.2839792594314,530.053026758134,4.66774979233742,28.3793272078037,388.293915659189,24.7935596704483,1791.53165318072,6.23794206976891,0,0,0,7.67535844445229,5.90606275200844,1.87873291969299,0,1521.03538295627,8.63966201245785,195.861116051674,2524.11238712072,946.119039446115,0,0,1821.66553029418,0,0,3.51364386081696,14.816664993763,0,0,0,0,0,0,0,0,647.033200383186,0.526411771774292,0,4.25572007894516,0,0,0,0,0,0,0,1418.5092048794,4448.1490278244,209.721788540483,0.769870281219482,0,64.4612974897027,28.381417401135,3518.74555525184,615.486901938915,8.63966201245785,5942.53445136547,236.259175464511,1150.88896535337,142.207858845592,0,2.51667683571577,34.0419597998261,1674.53941655159,28.6041729301214,21.2011105716228,10.7058648169041,0,0,0.683731138706207,0,2.84688404202461,2.13034738600254,8.10412664711475,0,0.310300946235657,5.30275478959084,0.68435126543045,0,0,0,0.119449257850647,0,0,9.77249717712402,0,1162.73096327484,3053.89229221642,0,3.6753309071064,0,444.788033813238,384.138223752379,21.2081706225872,13.7698610126972,195.861116051674,236.259175464511,9696.61413618922,1420.1610531956,2159.07929986715,0,35.2932639718056,2295.89143528044,63.6780380159616,3.18776652216911,3344.05301500857,0.606646001338959,2.21195542812347,0,0,0,9.58133652806282,11.0185980498791,0.534220680594444,0.73166897892952,4.95537263154984,0,1.3142517209053,0,1.2276928126812,0,12.0520560890436,3.96093165874481,1.73874795436859,1.03323209285736,3.17475003004074,8689.17634437978,888.506903454661,0,0,0,53.0013967603445,9.85772651433945,57.8655686080456,1.33628690242767,2524.11238712072,1150.88896535337,1420.1610531956,8100.48057948053,685.611012876034,0,3.90371012687683,1345.36174599826,3.78941935300827,5.20731946825981,15.5883353948593,20.5137679576874,0,0,0,0,2.36743950843811,1.98163497447968,0.937678933143616,1.2631002664566,398.525960177183,0,0,0,0,0,0.688020750880241,0,0,0.966454565525055,0.15844663977623,1550.36757670343,683.966835618019,0,0,0,1973.47892965376,1000.65437442064,22.1465673148632,25.5123210698366,946.119039446115,142.207858845592,2159.07929986715,685.611012876034,5307.29987221211,0,150.614035084844,5812.92086964846,14.5897687673569,13.9163438081741,241.65721924603,27.9125385582447,2.93637865781784,0,0,0,10.0778253078461,5.88258863985538,3.05066204071045,0.83461357653141,199.952429592609,0,0.801884353160858,0,105.566232055426,0,6.92252906411886,0,0,2.37744545936584,0.496595799922943,0,5.93445244431496,8149.28971745074,2510.15085327625,1500.03384238482,6.02496007084846,443.274020455778,4.34984040260315,380.789643257856,0,0,0,0,0,12229.2578836083,6460.10128460824,1.98229074478149,281.284964039922,3.6336298584938,23.6211848556995,0,0,17.3280306011438,31.5566253215075,86.1153562366962,0.50794717669487,5.87953059375286,0,9.42436535656452,0,0,0.934756457805634,0,0,110.463948652148,200.800695046782,0,11.1545931696892,1.42350679636002,1.46303129196167,1.8536843508482,182.194834120572,2932.1943635121,2548.73273392022,3916.95571566373,2837.0887529403,3277.67059994489,38.3760624229908,1361.29226507992,0,2.51667683571577,35.2932639718056,3.90371012687683,150.614035084844,6460.10128460824,18082.2258514278,141.838086128235,633.674109607935,342.699158787727,301.276053726673,0.350355893373489,4.39400013536215,85.9785096496344,115.749473653734,372.774024195969,160.878258034587,151.80935844779,5.46866305172443,189.26217956841,0,0,1.74270506203175,0,3.95735231041908,155.462858848274,1347.07488109171,5.41746065020561,36.1525023132563,100.617595717311,11.2772256880999,543.874033719301,619.043214738369,3.26833266019821,26.6865095943213,0,1006.50177016854,3569.80165661126,6.31822341680527,124.046578735113,1821.66553029418,34.0419597998261,2295.89143528044,1345.36174599826,5812.92086964846,1.98229074478149,141.838086128235,7169.74749830365,145.785042539239,35.763424962759,1002.94575926661,3.0871559381485,1.93468959629536,0,1.43717348575592,0.33904829621315,7.65101912617683,24.3166223317385,1.27566432952881,5.22016468644142,271.596877038479,0,2.10717821121216,0,9.56629009544849,0,35.8966175764799,0,3.17486703395844,4.06062538921833,2.27851876616478,24.7496935129166,4902.32546112686,1949.86450336128,683.094151228666,197.395134061575,170.437882132828,2072.14241375029,1744.55973616242,6255.46514980495,0,1674.53941655159,63.6780380159616,3.78941935300827,14.5897687673569,281.284964039922,633.674109607935,145.785042539239,4442.00196699798,973.799496762455,575.106078624725,5.22730946540833,7.73667795956135,15.3923476934433,25.0155883133411,28.1707165390253,30.0030339807272,70.4243284463882,15.6769000142813,81.4351163357496,0,0,14.6813139170408,0.248179450631142,8.76853349804878,7.44488129019737,219.113651044667,3.67914807796478,13.9689802378416,108.105909109116,28.1893972754478,134.723112344742,282.363454341888,6.79957604408264,141.272518202662,9.72252504527569,578.925792977214,511.316984325647,880.703918680549,3668.22862941027,0,28.6041729301214,3.18776652216911,5.20731946825981,13.9163438081741,3.6336298584938,342.699158787727,35.763424962759,973.799496762455,1897.40368019044,99.605426415801,1.84026756882668,0.907098412513733,0.182674467563629,25.9660994410515,4.55510902404785,540.73909676075,69.0907606184483,342.216546833515,189.00297640264,0,0,0,0,3.51539474725723,0,147.955580942333,0,0.191033452749252,3274.32387588918,9.92425690591335,19.315658390522,4406.36589290202,15.0993719100952,223.412959896028,3.42967745661736,647.55454338342,5961.03532221913,28.9948826730251,162.690948031843,3.51364386081696,21.2011105716228,3344.05301500857,15.5883353948593,241.65721924603,23.6211848556995,301.276053726673,1002.94575926661,575.106078624725,99.605426415801,6397.70010280609,3.87804675102234,1.75301653146744,0,6.09102378040552,0.398445814847946,43.797126762569,75.5345873907208,4.87637156248093,34.4469034224749,0,0,7.73074515163898,0,4.52642887830734,1.4596620798111,119.096321426332,5.29912900924683,13.8771086186171,22.5242391079664,13.2401794046164,172.741139650345,8.01572167873383,0,1.17490041255951,0.207202181220055,18.5610957443714,1.72785480320454,9.05928868055344,4.87516763806343,14.816664993763,10.7058648169041,0.606646001338959,20.5137679576874,27.9125385582447,0,0.350355893373489,3.0871559381485,5.22730946540833,1.84026756882668,3.87804675102234,14777.9845955968,580.28433303535,0,1.90954603254795,0,572.182467058301,124.63652998209,630.241727113724,23.3022177517414,3519.41281239688,2126.5460485667,2041.24522742629,6824.58876314759,3729.78318218887,0.30540257692337,20.9532640054822,798.874366059899,184.118785619736,124.937242031097,109.896047398448,0.268339037895203,15.7030107975006,0.643970847129822,0.158882632851601,1.67531733214855,17.7532836943865,9.10893903672695,1.16948226094246,9.70743821561337,0,0,2.21195542812347,0,2.93637865781784,0,4.39400013536215,1.93468959629536,7.73667795956135,0.907098412513733,1.75301653146744,580.28433303535,26888.3647560924,1241.12476560473,26.2441106587648,2.15360522270203,463.843809321523,865.304519176483,3876.45483538508,1791.56161494553,0.961103856563568,2611.57997328043,2488.99167902768,749.289916053414,198.989019453526,0.424562513828278,156.301157221198,232.784875303507,5495.05992636085,399.010623782873,3346.87405803055,0,0,50.0794690027833,24.7676763981581,47.4259159862995,2.19997049868107,11.6456619054079,0,95.0409011095762,0,0,0,0,0,17.3280306011438,85.9785096496344,0,15.3923476934433,0.182674467563629,0,0,1241.12476560473,9428.66292963922,408.16794078052,2011.03392229974,1.95724634826183,2799.56177994609,1509.75454850495,4795.02667053789,0,90.5081927776337,2.31094473600388,0,0.483521789312363,6263.32322550565,2696.52107395977,2.87892365455627,1544.97533042729,4.06497056037188,19.347966581583,0,4.6159178763628,81.7328052446246,61.3560317903757,256.238770969212,11.967848457396,69.261807821691,5.37037992477417,85.8059745430946,0,0.683731138706207,0,0,0,31.5566253215075,115.749473653734,1.43717348575592,25.0155883133411,25.9660994410515,6.09102378040552,1.90954603254795,26.2441106587648,408.16794078052,3708.8040317148,300.676502779126,49.2299001142383,5757.71827766299,10.712036550045,905.67954698205,0,0,10.934484899044,0.149827554821968,7.15967763960361,1176.35001991689,2784.02672482282,44.5117221474648,304.922786161304,128.309891976416,264.605119273067,0,0.799949705600739,195.053709216416,32.2767773717642,219.371168330312,6.24615199863911,32.5959698706865,0,430.149540007114,0,0,0,0,0,86.1153562366962,372.774024195969,0.33904829621315,28.1707165390253,4.55510902404785,0.398445814847946,0,2.15360522270203,2011.03392229974,300.676502779126,1396.85682304204,346.738391831517,231.340924710035,3.6073759496212,1377.1858908236,0,0,1.33398769795895,0,6.20934942364693,1302.10280437768,2761.05005133897,4.63991545140743,266.219187110662,38.3400897234678,16.1170075684786,13.858193308115,40.8632731735706,0.762228354811668,17.8780210465193,9.99253433942795,140.135823011398,201.338621884584,37.7861754894257,83.8491884022951,0,2.84688404202461,9.58133652806282,2.36743950843811,10.0778253078461,0.50794717669487,160.878258034587,7.65101912617683,30.0030339807272,540.73909676075,43.797126762569,572.182467058301,463.843809321523,1.95724634826183,49.2299001142383,346.738391831517,3968.46783933789,2551.1566972211,1800.98045958579,488.679639652371,2.94489642977715,116.190913021564,547.988092824817,101.182487025857,2828.59138644487,2.31687225401402,1732.13721879572,573.816416501999,236.636857077479,864.061234638095,1090.47755033523,0.21234655380249,104.858153820038,17.18614192307,90.0592775717378,285.022493712604,149.049692213535,280.242887996137,4.27847534418106,257.254831954837,0,2.13034738600254,11.0185980498791,1.98163497447968,5.88258863985538,5.87953059375286,151.80935844779,24.3166223317385,70.4243284463882,69.0907606184483,75.5345873907208,124.63652998209,865.304519176483,2799.56177994609,5757.71827766299,231.340924710035,2551.1566972211,18770.0511572212,142.264258414507,1704.10034778714,0,5.8431443721056,866.634060032666,31.8921195715666,1829.72600162774,195.339046262205,3404.9474150762,3008.65518312901,1999.44293442369,633.039516180754,5155.73821618408,24.0654172897339,13.7931590229273,0.178791284561157,2.7097969353199,2.57846003770828,28.4454507231712,5.40640258789062,126.058294415474,15.0167013704777,0,8.10412664711475,0.534220680594444,0.937678933143616,3.05066204071045,0,5.46866305172443,1.27566432952881,15.6769000142813,342.216546833515,4.87637156248093,630.241727113724,3876.45483538508,1509.75454850495,10.712036550045,3.6073759496212,1800.98045958579,142.264258414507,5176.83971646428,2402.55030277371,0.51933728158474,3513.2638258636,82.0010750889778,94.9241290390491,103.752790495753,0.308825224637985,100.060167878866,27.8517781794071,1087.93994358182,1198.19607916474,150.254567146301,1.16003000736237,11.0046071261168,57.5338442772627,70.3121564090252,185.214933186769,48.8387310951948,134.00936525315,24.7129683196545,1097.77248603851,0,0,0.73166897892952,1.2631002664566,0.83461357653141,9.42436535656452,189.26217956841,5.22016468644142,81.4351163357496,189.00297640264,34.4469034224749,23.3022177517414,1791.56161494553,4795.02667053789,905.67954698205,1377.1858908236,488.679639652371,1704.10034778714,2402.55030277371,7853.79776373506,0,768.88170415163,99.2998682111502,10.5495624691248,28.3421215713024,556.368079259992,1666.49642189592,112.618392154574,5273.93839483708,4006.28677733988,524.105157576501,251.678211569786,0,0,0,0,0,0,0,0,647.033200383186,0.310300946235657,4.95537263154984,398.525960177183,199.952429592609,0,0,271.596877038479,0,0,0,3519.41281239688,0.961103856563568,0,0,0,2.94489642977715,0,0.51933728158474,0,2392.51817809045,21.4983543455601,11.9429415762424,1717.66084325314,1304.94796895981,0,0,1084.72045519948,0,0,0,1.79812031984329,0.355452209711075,0,0,0,0,0,5.57052320241928,0,0.526411771774292,5.30275478959084,0,0,0,0,0,0,0,0,0,2126.5460485667,2611.57997328043,90.5081927776337,0,0,116.190913021564,5.8431443721056,3513.2638258636,768.88170415163,21.4983543455601,3281.12896178663,162.225020319223,1646.75042244792,44.6704359799623,0,2.86092498898506,7.66026417911053,321.555664762855,39.8811138570309,2.87245874106884,0,11.4674979895353,0,0.767354875802994,0.546401247382164,12.4645982384682,7.16576102375984,0,8.54335537552834,0,0.68435126543045,1.3142517209053,0,0.801884353160858,0.934756457805634,1.74270506203175,2.10717821121216,14.6813139170408,0,7.73074515163898,2041.24522742629,2488.99167902768,2.31094473600388,10.934484899044,1.33398769795895,547.988092824817,866.634060032666,82.0010750889778,99.2998682111502,11.9429415762424,162.225020319223,10683.1649609804,1569.97878009081,2288.66077760607,4.36681038141251,84.6486744061112,3979.78653222322,335.358907297254,55.813378572464,3283.1223462522,0,0.382043391466141,0,0,0,3.22582793235779,0.772109687328339,0,0.252667933702469,4.25572007894516,0,0,0,0,0,0,0,0.248179450631142,0,0,6824.58876314759,749.289916053414,0,0.149827554821968,0,101.182487025857,31.8921195715666,94.9241290390491,10.5495624691248,1717.66084325314,1646.75042244792,1569.97878009081,7676.27191853523,1666.36702859402,0,5.45252953469753,806.858961373568,55.3165965825319,13.8212851285934,43.2733794897795,0,15.9758936613798,0.44025644659996,1.4419881105423,0,15.6188697367907,8.13450261950493,1.27152156829834,19.2141655236483,0,0,1.2276928126812,0,105.566232055426,0,3.95735231041908,9.56629009544849,8.76853349804878,3.51539474725723,4.52642887830734,3729.78318218887,198.989019453526,0.483521789312363,7.15967763960361,6.20934942364693,2828.59138644487,1829.72600162774,103.752790495753,28.3421215713024,1304.94796895981,44.6704359799623,2288.66077760607,1666.36702859402,9453.98923777789,0,146.825616203249,6396.77908910811,60.4097815603018,29.7454361915588,448.979805022478,0,0.202596440911293,175.316354170442,32.7577010989189,151.877722203732,1.96232545375824,16.9714114665985,0,38.2839792594314,0,0,0,0,0,110.463948652148,155.462858848274,0,7.44488129019737,0,1.4596620798111,0.30540257692337,0.424562513828278,6263.32322550565,1176.35001991689,1302.10280437768,2.31687225401402,195.339046262205,0.308825224637985,556.368079259992,0,0,4.36681038141251,0,0,14313.3975876868,7084.76061870158,5.78884965181351,583.439782470465,4.93001973628998,15.39442281425,0.423196643590927,63.7354601025581,356.886212207377,321.681250907481,452.184046924114,173.102205380797,682.996319256723,27.7069482654333,530.053026758134,0,0.119449257850647,12.0520560890436,0.688020750880241,6.92252906411886,200.800695046782,1347.07488109171,35.8966175764799,219.113651044667,147.955580942333,119.096321426332,20.9532640054822,156.301157221198,2696.52107395977,2784.02672482282,2761.05005133897,1732.13721879572,3404.9474150762,100.060167878866,1666.49642189592,0,2.86092498898506,84.6486744061112,5.45252953469753,146.825616203249,7084.76061870158,16301.4508163705,175.41317127645,504.300758481026,518.467473618686,401.573080316186,3.08759582042694,14.6182561814785,0.232449442148209,1.67213428020477,1.76264095306396,6.27495294809341,8.84143257141113,0,4.66774979233742,0,0,3.96093165874481,0,0,0,5.41746065020561,0,3.67914807796478,0,5.29912900924683,798.874366059899,232.784875303507,2.87892365455627,44.5117221474648,4.63991545140743,573.816416501999,3008.65518312901,27.8517781794071,112.618392154574,1084.72045519948,7.66026417911053,3979.78653222322,806.858961373568,6396.77908910811,5.78884965181351,175.41317127645,9603.13455992937,169.133486434817,41.6664680540562,826.420816585422,0,11.4189172387123,26.7301344722509,11.2997160106897,56.0925896763802,18.8410326838493,23.1663068085909,0,28.3793272078037,0,0,1.73874795436859,0,0,11.1545931696892,36.1525023132563,3.17486703395844,13.9689802378416,0.191033452749252,13.8771086186171,184.118785619736,5495.05992636085,1544.97533042729,304.922786161304,266.219187110662,236.636857077479,1999.44293442369,1087.93994358182,5273.93839483708,0,321.555664762855,335.358907297254,55.3165965825319,60.4097815603018,583.439782470465,504.300758481026,169.133486434817,2138.03696663678,973.99788877368,986.481628194451,13.2600342929363,14.0202033221722,2.89435589313507,42.8388221487403,38.0223061591387,66.9644664973021,156.053397603333,413.409804359078,388.293915659189,0,9.77249717712402,1.03323209285736,0.966454565525055,2.37744545936584,1.42350679636002,100.617595717311,4.06062538921833,108.105909109116,3274.32387588918,22.5242391079664,124.937242031097,399.010623782873,4.06497056037188,128.309891976416,38.3400897234678,864.061234638095,633.039516180754,1198.19607916474,4006.28677733988,0,39.8811138570309,55.813378572464,13.8212851285934,29.7454361915588,4.93001973628998,518.467473618686,41.6664680540562,973.99788877368,2180.17928640544,386.768633455038,4.08635425567627,24.3349913358688,0.801119327545166,3.31459827721119,17.1357114166021,24.4940501004457,18.8992914631963,2.15985107421875,24.7935596704483,0,0,3.17475003004074,0.15844663977623,0.496595799922943,1.46303129196167,11.2772256880999,2.27851876616478,28.1893972754478,9.92425690591335,13.2401794046164,109.896047398448,3346.87405803055,19.347966581583,264.605119273067,16.1170075684786,1090.47755033523,5155.73821618408,150.254567146301,524.105157576501,0,2.87245874106884,3283.1223462522,43.2733794897795,448.979805022478,15.39442281425,401.573080316186,826.420816585422,986.481628194451,386.768633455038,4532.39545664191
