10648.3423760384,587.107286825776,0,5.76715326309204,1.66303192079067,626.518119424582,172.694601848722,578.036960631609,26.6719193607569,1787.19417764246,3140.33089660108,828.660457924008,9133.4092130363,2780.39393939823,1.43619012832642,15.8000003248453,641.584920078516,41.209340274334,272.256561130285,77.3128005713224,3036.26707965136,0,0,0,0,20.7612799853086,1.40394087135792,0,0,787.183559268713,0,0,0,12.0603991746902,0,0,0,0,2.16093111038208,0,587.107286825776,34865.7672256604,2009.31592424214,339.765073344111,35.4936203509569,346.867083504796,4362.95517662913,3265.38586615026,1003.58319783211,0.924288034439087,6776.72642514855,2247.81324962527,504.245059907436,721.225602060556,144.976393975317,379.089037649333,599.729084290564,3132.99608355761,180.225256517529,3827.99249430746,0,1.85897913575172,0.673291176557541,1.81656956672668,16.4474260509014,17.7531653046608,14.5028074085712,0,7.65353341400623,0,0,0.253457903862,0,0.14556872844696,0,49.279990285635,2.72918081283569,0,0.211715042591095,0,0,2009.31592424214,16765.552843228,1367.27761153132,2195.01937677711,7.96897082030773,1896.88390824199,175.387151449919,5772.09120190144,0,54.2347205579281,3.02232897281647,0,1.00934956967831,9779.96697151661,2398.26835261285,20.0234585404396,2846.75917671621,56.1702129542828,82.6896862983704,0,0,1.62960195541382,1.81436076760292,73.0965439677238,2.01471170783043,2.16970913112164,0,23.38574847579,0,0,0,0,0,1.31782218813896,73.4730896502733,0,3.82437163591385,1.41930465400219,0,5.76715326309204,339.765073344111,1367.27761153132,2770.92612086236,206.179912090302,20.645558103919,2325.40713603795,77.7703496813774,976.279210396111,0,2.77924947440624,1.36244061589241,0,5.478310957551,1619.37950045615,1999.11415564269,58.9687762856483,461.787476345897,38.3393582552671,218.115382142365,0,0.703060075640678,1.25632068514824,14.11791215837,133.485663339496,38.4875882565975,13.8523686677217,0.84769082069397,24.781953766942,0,0,0,0,0,0.614641115069389,241.582816526294,0,1.41168335080147,9.07747103273869,1.21495699882507,1.66303192079067,35.4936203509569,2195.01937677711,206.179912090302,3490.84871554375,1258.52861741185,72.8936340361834,11.0360472798347,3491.15584109724,0,0,0.367390096187592,0,1.31258228421211,881.070240244269,4484.65204698592,6.81707786023617,160.318171054125,27.3519360125065,8.25071620941162,0,1.34130465984344,4.0290048122406,27.6535687446594,544.671976529062,94.2959229946136,12.2990910559893,0.368176564574242,147.190939798951,0,0,0,0,0.316094994544983,2.55879759788513,356.1823310256,0.195023402571678,2.82770848274231,4.6953694075346,2.85386127233505,626.518119424582,346.867083504796,7.96897082030773,20.645558103919,1258.52861741185,4771.30391673744,2504.13401058316,810.728807762265,812.873121388257,3.94983515143394,152.521243646741,99.6141736656427,28.165579661727,2174.86144565046,1.99848008155823,2277.84996461123,613.801388457417,56.4105945974588,1081.51018874347,75.3105255663395,0.716472804546356,0,0,0.564730942249298,14.4607380181551,293.296578243375,132.28863017261,0,0.609062910079956,0,0,0,0,6.59017351269722,0,113.40743303299,0,0,9.84600169956684,0,172.694601848722,4362.95517662913,1896.88390824199,2325.40713603795,72.8936340361834,2504.13401058316,18153.8946807608,584.129177361727,2095.16615290195,0.973931133747101,241.127609752119,176.723220258951,36.4894818514585,1721.27120621502,173.441883549094,2143.48383464664,4848.81956803799,1358.51523753256,1137.02619920671,5062.64055275917,1.62763714790344,2.10016921162605,0.397982448339462,2.66198617219925,31.0164190456271,178.695369049907,864.708933144808,2.93626537919044,27.1007367819548,0.431437730789185,0,1.57440376281738,0,9.94752421975136,0.15459768474102,262.494075410068,2.77983057498932,0,27.9499615132809,2.53515335917473,578.036960631609,3265.38586615026,175.387151449919,77.7703496813774,11.0360472798347,810.728807762265,584.129177361727,5279.95577909052,3126.77716707438,0.566014617681503,4176.27465698123,10.6035420000553,18.5746472328901,26.3936885744333,8.44640436768532,332.057804875076,53.7827955782413,1538.04345557094,1414.15151359141,78.3091142624617,0,0,0,0.820345103740692,2.62792693078518,55.2441671192646,4.29299388825893,120.58890388906,11.5435270220041,0,0,0,0,0,0,38.1582612842321,0,1.325843334198,212.315657645464,0,26.6719193607569,1003.58319783211,5772.09120190144,976.279210396111,3491.15584109724,812.873121388257,2095.16615290195,3126.77716707438,8471.08670715243,0,314.767914064229,25.3915836289525,2.75501453876495,81.1252705454826,667.390741832554,2381.33232478797,247.590761125088,4502.33186472207,3443.9701321125,230.348934106529,0,0.368248119950294,140.731530070305,21.7226628810167,547.77802722156,324.963442385197,208.544474929571,17.3228060305119,312.419077828526,0,0,1.79275012016296,0,5.95937520265579,6.74653790891171,531.564661443233,6.31599152088165,4.21019411087036,137.732410699129,2.56265491247177,1787.19417764246,0.924288034439087,0,0,0,3.94983515143394,0.973931133747101,0.566014617681503,0,1055.6513889432,91.1802157461643,164.754907280207,2322.45747639239,540.379839941859,0,0,1065.10901482403,1.22742557525635,0,0.275101274251938,255.098729133606,0,0,0,0,0,0,0,0,710.957481205463,0,0,0,3.46126008033752,0,0,0,0,0,0,3140.33089660108,6776.72642514855,54.2347205579281,2.77924947440624,0,152.521243646741,241.127609752119,4176.27465698123,314.767914064229,91.1802157461643,8653.06504350901,223.39985139668,2720.97519245744,376.843114279211,1.98647698760033,33.2276255041361,169.790203630924,917.469724446535,63.7614134550095,143.184438981116,61.4804973453283,0,0,0,0,2.73942936956882,4.56482569873333,0,0,14.5870726704597,0,0,0,0.756807833909988,0,0.446584910154343,0,0,0,0,828.660457924008,2247.81324962527,3.02232897281647,1.36244061589241,0.367390096187592,99.6141736656427,176.723220258951,10.6035420000553,25.3915836289525,164.754907280207,223.39985139668,8401.39778968692,826.627107203007,1613.79220118374,1.53001981973648,20.4919349998236,3058.43844889104,35.2479398548603,3.32014182209969,2185.74917273223,5.36346638202667,0,0,0,0,9.63364663720131,2.77505668997765,0,0,34.2124211639166,0,0,0,3.45233339071274,0,1.23833728581667,0,0,0,0,9133.4092130363,504.245059907436,0,0,0,28.165579661727,36.4894818514585,18.5746472328901,2.75501453876495,2322.45747639239,2720.97519245744,826.627107203007,10547.3104564697,1321.83040685952,0,1.17515280842781,913.748284801841,2.56126908957958,0.198431119322777,25.05163615942,203.623409092426,0,0,0,0,0.374321967363358,0.393933981657028,0,0,413.657137110829,0,0,0,1.16993746161461,0,0,0,0,0,0,2780.39393939823,721.225602060556,1.00934956967831,5.478310957551,1.31258228421211,2174.86144565046,1721.27120621502,26.3936885744333,81.1252705454826,540.379839941859,376.843114279211,1613.79220118374,1321.83040685952,7443.88293482363,2.09685336053371,105.438565693796,4593.61384680122,27.7967912256718,202.235413178802,96.6598304435611,54.9254750311375,0,0,0,0,60.0025758445263,108.673187568784,0,0,39.6239103227854,0,0,0,167.957899004221,0,0.824554637074471,0,0,0,0,1.43619012832642,144.976393975317,9779.96697151661,1619.37950045615,881.070240244269,1.99848008155823,173.441883549094,8.44640436768532,667.390741832554,0,1.98647698760033,1.53001981973648,0,2.09685336053371,7466.22835972905,5424.82184890658,13.514122158289,373.259021148086,2.74853028357029,30.5421847328544,0,0,2.76638527214527,6.4421326816082,50.9099129885435,3.47164915502071,4.04745750129223,0,5.70862293243408,0,0,0,0,0,2.51622700691223,47.8079098016024,0,0,0,0,15.8000003248453,379.089037649333,2398.26835261285,1999.11415564269,4484.65204698592,2277.84996461123,2143.48383464664,332.057804875076,2381.33232478797,0,33.2276255041361,20.4919349998236,1.17515280842781,105.438565693796,5424.82184890658,14296.8927029036,199.425522595644,759.380467027426,544.81748586148,155.389695860445,0.177210107445717,0.558464288711548,3.56532998383045,22.8537390306592,516.691049382091,292.778832614422,114.713851869106,4.61763467639685,82.112617097795,0,0,0.198984235525131,0.126552745699883,1.91794768720865,2.51647368073463,1115.71366998553,2.1982846558094,4.70437496900558,27.5782191157341,3.16291496902704,641.584920078516,599.729084290564,20.0234585404396,58.9687762856483,6.81707786023617,613.801388457417,4848.81956803799,53.7827955782413,247.590761125088,1065.10901482403,169.790203630924,3058.43844889104,913.748284801841,4593.61384680122,13.514122158289,199.425522595644,7161.58714677393,160.684791833162,78.5447297990322,793.257823206484,10.8131285309792,0,0,0,0,20.1172809898853,42.8152180761099,0,2.76188242435455,176.796154230833,0,0,0,35.639440536499,0,10.5873877853155,0,0,0.929012596607208,0,41.209340274334,3132.99608355761,2846.75917671621,461.787476345897,160.318171054125,56.4105945974588,1358.51523753256,1538.04345557094,4502.33186472207,1.22742557525635,917.469724446535,35.2479398548603,2.56126908957958,27.7967912256718,373.259021148086,759.380467027426,160.684791833162,3300.53610664606,126.76140126586,319.431253299117,0,0,1.05537569522858,6.69431847333908,65.2239419817924,10.9232316911221,4.20209449529648,2.32139348983765,15.5715030729771,0,0,0,0,0.397224873304367,1.03240358829498,91.8654830008745,0,2.83586910367012,0,0,272.256561130285,180.225256517529,56.1702129542828,38.3393582552671,27.3519360125065,1081.51018874347,1137.02619920671,1414.15151359141,3443.9701321125,0,63.7614134550095,3.32014182209969,0.198431119322777,202.235413178802,2.74853028357029,544.81748586148,78.5447297990322,126.76140126586,1706.80584913492,63.3380229771137,0.82950434088707,2.72821646928787,30.8347156345844,3.82387901842594,0.607145398855209,295.268145620823,196.930917024612,149.308210670948,578.484796956182,0,0,7.94662974774837,0,9.7486038506031,0.367545127868652,159.088618457317,0.243001729249954,6.57045289874077,3438.59916429222,7.6716944873333,77.3128005713224,3827.99249430746,82.6896862983704,218.115382142365,8.25071620941162,75.3105255663395,5062.64055275917,78.3091142624617,230.348934106529,0.275101274251938,143.184438981116,2185.74917273223,25.05163615942,96.6598304435611,30.5421847328544,155.389695860445,793.257823206484,319.431253299117,63.3380229771137,3513.37831291556,0,0,0,0,6.30403339862823,12.959181137383,7.43925805389881,0,2.71072854101658,0,0,0,0,0.0978781953454018,0,32.5305231511593,0,0,1.6908722370863,1.62727439403534,3036.26707965136,0,0,0,0,0.716472804546356,1.62763714790344,0,0,255.098729133606,61.4804973453283,5.36346638202667,203.623409092426,54.9254750311375,0,0.177210107445717,10.8131285309792,0,0.82950434088707,0,17726.0090226978,569.345397934318,0.219955906271935,5.55577357113361,0.418666869401932,451.810587078333,268.652955844998,837.759837806225,32.0192474424839,3361.59061650932,3740.99416096509,858.219531819224,8655.70817032456,3730.5357350558,1.62062060832977,21.2808230370283,446.821621052921,68.454931139946,22.1676686704159,197.102575704455,0,1.85897913575172,0,0.703060075640678,1.34130465984344,0,2.10016921162605,0,0.368248119950294,0,0,0,0,0,0,0.558464288711548,0,0,2.72821646928787,0,569.345397934318,33479.8950204402,753.14279858768,121.353105470538,17.3918242678046,240.16824259609,1907.0088108629,5825.12593257427,880.069307208061,3.27257800102234,5824.1382214278,2769.16940432787,563.401811823249,530.453891053796,64.4533061087132,185.66063708812,526.432405978441,3373.88955458254,135.790330097079,2198.40259566158,0,0.673291176557541,1.62960195541382,1.25632068514824,4.0290048122406,0,0.397982448339462,0,140.731530070305,0,0,0,0,0,2.76638527214527,3.56532998383045,0,1.05537569522858,30.8347156345844,0,0.219955906271935,753.14279858768,17413.9102063179,561.183113411069,2222.4843301177,1.84550006687641,1821.12755295634,88.1770921349525,5375.22912919521,0,1.69072167575359,4.92525723576546,0.276461899280548,1.57263474166393,9795.75384759903,1660.63565163314,8.55486634373665,2766.11630950868,103.630969882011,75.5286675691605,0,1.81656956672668,1.81436076760292,14.11791215837,27.6535687446594,0.564730942249298,2.66198617219925,0.820345103740692,21.7226628810167,0,0,0,0,0,6.4421326816082,22.8537390306592,0,6.69431847333908,3.82387901842594,0,5.55577357113361,121.353105470538,561.183113411069,1968.11905820668,238.693573474884,12.4419163018465,2365.57542807609,99.1030720174313,1508.58174429834,1.09416258335114,12.1133377701044,47.8005469590425,1.71576988697052,7.26451191306114,1126.65421824157,2215.98280841112,78.9414750039577,378.336067333817,106.747724622488,298.257901281118,0,16.4474260509014,73.0965439677238,133.485663339496,544.671976529062,14.4607380181551,31.0164190456271,2.62792693078518,547.77802722156,0,0,0,0,0,50.9099129885435,516.691049382091,0,65.2239419817924,0.607145398855209,6.30403339862823,0.418666869401932,17.3918242678046,2222.4843301177,238.693573474884,4832.22061178088,1765.9180996716,160.868494868279,12.7784230411053,2424.82879933715,0,0.178294450044632,3.67184184491634,0.25331848859787,4.10063806176186,996.248283624649,4381.99059446156,4.06642168015242,239.008685231209,36.903338290751,12.3536511212587,20.7612799853086,17.7531653046608,2.01471170783043,38.4875882565975,94.2959229946136,293.296578243375,178.695369049907,55.2441671192646,324.963442385197,0,2.73942936956882,9.63364663720131,0.374321967363358,60.0025758445263,3.47164915502071,292.778832614422,20.1172809898853,10.9232316911221,295.268145620823,12.959181137383,451.810587078333,240.16824259609,1.84550006687641,12.4419163018465,1765.9180996716,4565.04010660946,1847.84943690896,1998.54808880389,739.588826276362,34.2225252538919,154.72461297363,170.290199957788,78.0084064528346,2375.05878873169,1.93315254151821,1591.65985587239,152.656573101878,50.719807587564,473.338494881988,205.496477037668,1.40394087135792,14.5028074085712,2.16970913112164,13.8523686677217,12.2990910559893,132.28863017261,864.708933144808,4.29299388825893,208.544474929571,0,4.56482569873333,2.77505668997765,0.393933981657028,108.673187568784,4.04745750129223,114.713851869106,42.8152180761099,4.20209449529648,196.930917024612,7.43925805389881,268.652955844998,1907.0088108629,1821.12755295634,2365.57542807609,160.868494868279,1847.84943690896,12397.1115094945,962.480560913682,3135.14316842705,10.5389405190945,155.368371918797,714.44184872508,100.275872021914,2096.34480887651,731.832871600986,2444.41604874283,2428.78186950088,1435.17960877717,1394.54978708923,6414.41718508303,0,0,0,0.84769082069397,0.368176564574242,0,2.93626537919044,120.58890388906,17.3228060305119,0,0,0,0,0,0,4.61763467639685,0,2.32139348983765,149.308210670948,0,837.759837806225,5825.12593257427,88.1770921349525,99.1030720174313,12.7784230411053,1998.54808880389,962.480560913682,7403.96236991882,3051.11262185872,2.09707403182983,6050.27819080651,32.3490031287074,21.7416337877512,467.283371828496,19.3444752395153,474.720727823675,40.3650848269463,1921.321027264,3026.77379706502,342.5508171767,0,7.65353341400623,23.38574847579,24.781953766942,147.190939798951,0.609062910079956,27.1007367819548,11.5435270220041,312.419077828526,0,0,0,0,0,5.70862293243408,82.112617097795,2.76188242435455,15.5715030729771,578.484796956182,2.71072854101658,32.0192474424839,880.069307208061,5375.22912919521,1508.58174429834,2424.82879933715,739.588826276362,3135.14316842705,3051.11262185872,7033.77651569992,0.219375789165497,101.312652558088,78.4243920743465,9.26042315363884,138.316083326936,1086.11515922844,2214.32863168418,258.579392254353,5146.94438901544,2953.71617443115,552.081283196807,787.183559268713,0,0,0,0,0,0.431437730789185,0,0,710.957481205463,14.5870726704597,34.2124211639166,413.657137110829,39.6239103227854,0,0,176.796154230833,0,0,0,3361.59061650932,3.27257800102234,0,1.09416258335114,0,34.2225252538919,10.5389405190945,2.09707403182983,0.219375789165497,1987.50722438097,16.9557307958603,41.8385803699493,916.975968107581,1085.65573073924,0,0,581.774460658431,0,0,1.0172431319952,0,0,0,0,0,0,0,0,0,0,0,0,0,0,0,0,0,0,0,0,3740.99416096509,5824.1382214278,1.69072167575359,12.1133377701044,0.178294450044632,154.72461297363,155.368371918797,6050.27819080651,101.312652558088,16.9557307958603,8256.81984634697,214.367624744773,2323.39921909571,204.150543197989,2.39356379210949,46.5675709992647,70.8489381745458,389.194580033422,28.3045988604426,117.679377101362,0,0.253457903862,0,0,0,0,1.57440376281738,0,1.79275012016296,0,0,0,0,0,0,0.198984235525131,0,0,7.94662974774837,0,858.219531819224,2769.16940432787,4.92525723576546,47.8005469590425,3.67184184491634,170.290199957788,714.44184872508,32.3490031287074,78.4243920743465,41.8385803699493,214.367624744773,9949.63104240596,1672.88410505652,1157.01154052466,6.90215177834034,49.988539814949,3670.71290453523,98.8342945277691,27.0287383049726,1557.76534283161,0,0,0,0,0,0,0,0,0,0,0,0,0,0,0,0.126552745699883,0,0,0,0,8655.70817032456,563.401811823249,0.276461899280548,1.71576988697052,0.25331848859787,78.0084064528346,100.275872021914,21.7416337877512,9.26042315363884,916.975968107581,2323.39921909571,1672.88410505652,8705.66923516989,1415.34981392324,0.722151398658752,6.99385885894299,1638.77670364827,15.6145457476377,2.13896521925926,45.5878680795431,12.0603991746902,0.14556872844696,0,0,0.316094994544983,6.59017351269722,9.94752421975136,0,5.95937520265579,3.46126008033752,0.756807833909988,3.45233339071274,1.16993746161461,167.957899004221,0,1.91794768720865,35.639440536499,0.397224873304367,9.7486038506031,0.0978781953454018,3730.5357350558,530.453891053796,1.57263474166393,7.26451191306114,4.10063806176186,2375.05878873169,2096.34480887651,467.283371828496,138.316083326936,1085.65573073924,204.150543197989,1157.01154052466,1415.34981392324,10563.0180868208,0.787808492779732,100.789089366794,4582.18501664698,25.5059863328934,60.4707890450954,169.974220231175,0,0,1.31782218813896,0.614641115069389,2.55879759788513,0,0.15459768474102,0,6.74653790891171,0,0,0,0,0,2.51622700691223,2.51647368073463,0,1.03240358829498,0.367545127868652,0,1.62062060832977,64.4533061087132,9795.75384759903,1126.65421824157,996.248283624649,1.93315254151821,731.832871600986,19.3444752395153,1086.11515922844,0,2.39356379210949,6.90215177834034,0.722151398658752,0.787808492779732,6433.1773429811,5003.26086331904,22.933326035738,651.969790056348,26.3563894629478,72.4233010709286,0,49.279990285635,73.4730896502733,241.582816526294,356.1823310256,113.40743303299,262.494075410068,38.1582612842321,531.564661443233,0,0.446584910154343,1.23833728581667,0,0.824554637074471,47.8079098016024,1115.71366998553,10.5873877853155,91.8654830008745,159.088618457317,32.5305231511593,21.2808230370283,185.66063708812,1660.63565163314,2215.98280841112,4381.99059446156,1591.65985587239,2444.41604874283,474.720727823675,2214.32863168418,0,46.5675709992647,49.988539814949,6.99385885894299,100.789089366794,5003.26086331904,13422.8728465065,118.139957375824,606.831039331853,1209.16875333339,154.784481577575,0,2.72918081283569,0,0,0.195023402571678,0,2.77983057498932,0,6.31599152088165,0,0,0,0,0,0,2.1982846558094,0,0,0.243001729249954,0,446.821621052921,526.432405978441,8.55486634373665,78.9414750039577,4.06642168015242,152.656573101878,2428.78186950088,40.3650848269463,258.579392254353,581.774460658431,70.8489381745458,3670.71290453523,1638.77670364827,4582.18501664698,22.933326035738,118.139957375824,9738.3483690396,56.9285144209862,92.1308820545673,718.632750764489,0,0,3.82437163591385,1.41168335080147,2.82770848274231,0,0,1.325843334198,4.21019411087036,0,0,0,0,0,0,4.70437496900558,0,2.83586910367012,6.57045289874077,0,68.454931139946,3373.88955458254,2766.11630950868,378.336067333817,239.008685231209,50.719807587564,1435.17960877717,1921.321027264,5146.94438901544,0,389.194580033422,98.8342945277691,15.6145457476377,25.5059863328934,651.969790056348,606.831039331853,56.9285144209862,2367.83415666223,278.073193237185,502.111146852374,2.16093111038208,0.211715042591095,1.41930465400219,9.07747103273869,4.6953694075346,9.84600169956684,27.9499615132809,212.315657645464,137.732410699129,0,0,0,0,0,0,27.5782191157341,0.929012596607208,0,3438.59916429222,1.6908722370863,22.1676686704159,135.790330097079,103.630969882011,106.747724622488,36.903338290751,473.338494881988,1394.54978708923,3026.77379706502,2953.71617443115,0,28.3045988604426,27.0287383049726,2.13896521925926,60.4707890450954,26.3563894629478,1209.16875333339,92.1308820545673,278.073193237185,1492.44589981437,170.905502215028,0,0,0,1.21495699882507,2.85386127233505,0,2.53515335917473,0,2.56265491247177,0,0,0,0,0,0,3.16291496902704,0,0,7.6716944873333,1.62727439403534,197.102575704455,2198.40259566158,75.5286675691605,298.257901281118,12.3536511212587,205.496477037668,6414.41718508303,342.5508171767,552.081283196807,1.0172431319952,117.679377101362,1557.76534283161,45.5878680795431,169.974220231175,72.4233010709286,154.784481577575,718.632750764489,502.111146852374,170.905502215028,3867.8692792356
