11070.6885245591,757.354863226414,0,0.489726454019547,0,524.871611505747,277.149128422141,1057.57563656569,31.9846395254135,2472.52971029282,3320.69216111302,736.152440980077,7015.77276726067,3099.60197035968,0,12.6171395555139,1294.62094938755,68.6390371024609,69.3693163990974,107.912350848317,2295.04059964418,0,0,0.256970196962357,0,9.81827633082867,12.3514561802149,0.616250276565552,0,905.36176738143,0,0,0,3.16181388497353,0,0.391362607479095,0,0,0,0,757.354863226414,44112.7516476214,1733.97591003776,529.515430592,66.2727944999933,368.80890263617,5113.27615529299,3267.76852327585,1408.59026567638,7.65925930440426,7160.61752815545,2481.74273233116,666.407425165176,732.553781360388,200.912313371897,362.087907768786,770.447935223579,3863.12488436699,410.505545854568,4104.13729240745,0,0.351043790578842,21.4969003349543,13.3294287547469,13.1508462578058,32.0205301493406,15.9950394555926,1.92410735785961,16.5406696051359,0.431027472019196,0,0,0,0.382156550884247,21.6307244300842,51.7517560571432,0,1.65906663239002,2.76739421486855,1.00359058380127,0,1733.97591003776,17708.1518807709,795.375971086323,2945.33456201851,17.1116197556257,1156.70549317449,168.906426668167,4727.53190790117,0,8.27738007903099,2.20127248764038,0,2.75158554315567,13057.8742670268,1958.13045097888,9.32528080046177,1688.01303465664,85.6189448535442,11.9693818390369,0,4.10263222455978,810.84453959018,46.8024153411388,286.196483850479,0.737272322177887,1.4589572250843,2.02232855558395,689.203731298447,0,0,0,0,0,162.497709393501,169.943398632109,0,17.5120413154364,3.27532383799553,0,0.489726454019547,529.515430592,795.375971086323,3775.5429463014,132.233186498284,59.9824126958847,2372.52599422634,131.756536304951,1835.39669580758,0,1.0130387544632,1.05950403213501,0.243296548724174,9.30369149148464,1893.56342375278,1284.69518550485,34.1406766176224,399.241793744266,212.657815754414,61.8629070967436,0,13.796208716929,59.3485062122345,111.695770591497,43.2001479268074,23.2799120545387,92.3428767174482,11.4119132906199,114.321356631815,0,1.50494167208672,0.894746243953705,0,0.790831357240677,36.1897004246712,221.533148236573,0.188258588314056,16.8582914918661,38.767402485013,9.35344760864973,0,66.2727944999933,2945.33456201851,132.233186498284,1877.80777639151,1145.94972188771,48.0144362896681,1.04251429438591,1872.05783559382,0,0,0,0,0,1014.77527661622,3679.8326415047,0,174.522584751248,11.3930623233318,0,0,3.52796384692192,266.130001530051,63.4305685460567,373.200702130795,180.369854971766,12.6613771021366,3.50859254598618,647.123984917998,0,0,0,0,2.80020153522491,140.099253937602,322.769936494529,0,17.3947976082563,3.40794718265533,0.674039080739021,524.871611505747,368.80890263617,17.1116197556257,59.9824126958847,1145.94972188771,3417.97156095505,2439.33308948576,723.042157962918,888.189684554935,15.3185232579708,84.4555349946022,171.157590016723,44.9341369271278,2115.68408274651,11.0157798826694,2104.26176036149,429.343721926212,44.0223480910063,957.554854556918,178.100388854742,1.12396717071533,9.35253208875656,8.84300528466702,21.6291847378016,40.4783996194601,902.00194530189,339.855906188488,7.5118205845356,110.143914408982,1.17872130870819,0.405836433172226,1.23088476061821,0,23.1034279465675,5.11967305839062,212.764063045382,0,11.8840917646885,41.1939163953066,7.83081905543804,277.149128422141,5113.27615529299,1156.70549317449,2372.52599422634,48.0144362896681,2439.33308948576,23435.2051824629,633.183176606894,2602.77963061631,9.21664403378963,128.401131555438,309.993291780353,50.0485374182463,2012.72386505455,146.033382371068,1825.01454262435,4400.37125441432,1221.65806895494,2634.42747661471,5725.39358495176,0,5.12930430471897,21.7728214785457,20.259613648057,14.1122794896364,305.910943388939,1023.14246424288,22.6917726993561,165.863298088312,0.525474190711975,0,3.83903752267361,0,57.3957921117544,8.97874875366688,120.265481889248,8.62638342380524,38.7617309391499,112.420376121998,18.8657156601548,1057.57563656569,3267.76852327585,168.906426668167,131.756536304951,1.04251429438591,723.042157962918,633.183176606894,3710.41069453955,3757.59107080102,2.65691420435905,4477.34295549989,7.26292061805725,25.5513043999672,121.908026203513,6.19239085912704,205.682626515627,61.3417435884476,1875.7715703845,1358.09905557334,173.911017641425,1.04056572914124,0,18.9063299000263,2.49526908993721,0,104.4757412076,14.5604453980923,423.785926580429,48.5851020812988,0.558441281318665,1.97301197052002,0,0,3.98558306694031,0,5.5584414601326,0,0,223.36482656002,0,31.9846395254135,1408.59026567638,4727.53190790117,1835.39669580758,1872.05783559382,888.189684554935,2602.77963061631,3757.59107080102,7935.21189253032,0,195.918831259012,23.6796555519104,6.59079703688622,78.803826123476,922.166750520468,2314.69254376739,167.160782694817,4991.58630393445,3274.5624332726,241.777617365122,0,33.2071979343891,736.619564518332,174.840151578188,773.177292555571,234.215775176883,203.262485660613,46.217212587595,2444.84921463579,0,0.660299047827721,4.18516129255295,0.222640633583069,2.93564592301846,257.053506612778,448.840846449137,3.43180751800537,67.0090965181589,166.445922717452,23.2809226214886,2472.52971029282,7.65925930440426,0,0,0,15.3185232579708,9.21664403378963,2.65691420435905,0,912.214678108692,30.9195622950792,18.5530983060598,761.293630212545,569.359300225973,0,0,870.825946033001,0,0.767143666744232,0.338413506746292,368.032830178738,0,0,0,0,0,0.324358522891998,0,0,590.650865226984,0,0,2.05242037773132,29.1451709270477,0,0,0,0,0,0,3320.69216111302,7160.61752815545,8.27738007903099,1.0130387544632,0,84.4555349946022,128.401131555438,4477.34295549989,195.918831259012,30.9195622950792,8353.32414914668,412.723289117217,3465.68060573936,180.968052893877,0,10.2411707341671,131.310516223311,572.874545767903,30.2373689711094,107.184037968516,36.493117839098,0,0.279908716678619,0,0,1.23305037617683,3.49247759580612,0,1.99721568822861,4.90199843049049,0,0,0,0.409893333911896,0,0.184424370527267,0,0,0,0,736.152440980077,2481.74273233116,2.20127248764038,1.05950403213501,0,171.157590016723,309.993291780353,7.26292061805725,23.6796555519104,18.5530983060598,412.723289117217,11084.6434711963,1283.20127901435,597.465826407075,0.614631205797195,9.31530559062958,1726.92718394101,21.6713444292545,22.3480627536774,2312.52908217907,1.29287612438202,0,0,0,0,7.83278828859329,8.32546626031399,0,0.231867015361786,4.44734382629395,0,0,0,1.69718492031097,0,0,0,0,0,0,7015.77276726067,666.407425165176,0,0.243296548724174,0,44.9341369271278,50.0485374182463,25.5513043999672,6.59079703688622,761.293630212545,3465.68060573936,1283.20127901435,10853.6974088252,451.798915699124,0,4.44273751974106,815.232969477773,4.43775460124016,3.43299093842506,90.0388216674328,132.491290122271,0,0,0,0,0.713146656751633,2.64699496328831,0,0,85.3196836560965,0,0,0,0,0,0,0,0,0,0,3099.60197035968,732.553781360388,2.75158554315567,9.30369149148464,0,2115.68408274651,2012.72386505455,121.908026203513,78.803826123476,569.359300225973,180.968052893877,597.465826407075,451.798915699124,7838.47238016129,0,60.4047982692719,5243.13080048561,62.1392449587584,369.037538543344,237.69273391366,78.8771439790726,0,0,1.18259680271149,0,29.0723480284214,153.207263618708,0,4.87757049500942,208.55377189815,0,0,0,1099.33738812804,0,1.45680111646652,0,2.34463065862656,3.123680382967,0,0,200.912313371897,13057.8742670268,1893.56342375278,1014.77527661622,11.0157798826694,146.033382371068,6.19239085912704,922.166750520468,0,0,0.614631205797195,0,0,9542.10147303343,5024.01045689732,1.93277302384377,327.261203199625,6.08313643932343,3.94564843177795,0,2.13673329353333,128.810276344419,31.4262337386608,112.34043212235,5.14990243315697,1.36883319914341,1.0557279586792,50.1072262823582,0,0,0,0,0,69.4994052201509,140.758662812412,0,8.94681273400784,2.44336891174316,0,12.6171395555139,362.087907768786,1958.13045097888,1284.69518550485,3679.8326415047,2104.26176036149,1825.01454262435,205.682626515627,2314.69254376739,0,10.2411707341671,9.31530559062958,4.44273751974106,60.4047982692719,5024.01045689732,14349.6090993285,50.5304251909256,335.196435786784,996.76377671212,84.5401451066136,0.928242847323418,55.9299110174179,254.764039069414,278.070479348302,395.490168601274,411.360371209681,575.607289873064,34.8371203392744,371.948459640145,0,1.25803463160992,6.85816480964422,0.340400755405426,7.46934778988361,171.53411115706,1170.1838631928,8.34244380891323,65.3978937268257,132.019682645798,32.6908904761076,1294.62094938755,770.447935223579,9.32528080046177,34.1406766176224,0,429.343721926212,4400.37125441432,61.3417435884476,167.160782694817,870.825946033001,131.310516223311,1726.92718394101,815.232969477773,5243.13080048561,1.93277302384377,50.5304251909256,7593.50226870179,186.005366325378,139.054238706827,909.845914781094,49.3861807882786,0,0,0,0,19.7223267257214,29.3518146276474,1.43218350410461,7.12490065395832,61.6721367835999,0,0,0,29.0063158869743,0.227061316370964,1.44655491411686,0.425411939620972,0,2.96483451128006,0,68.6390371024609,3863.12488436699,1688.01303465664,399.241793744266,174.522584751248,44.0223480910063,1221.65806895494,1875.7715703845,4991.58630393445,0,572.874545767903,21.6713444292545,4.43775460124016,62.1392449587584,327.261203199625,335.196435786784,186.005366325378,1034.81971596181,372.938076108694,352.026871100068,0,1.77429211139679,54.1975159645081,21.3946480602026,30.9248116612434,16.1106089055538,15.5112240090966,0.354369133710861,49.2117988020182,0,0,0,0,0,24.6547099500895,50.8224407359958,0,3.89019533991814,7.68911679089069,1.32240980863571,69.3693163990974,410.505545854568,85.6189448535442,212.657815754414,11.3930623233318,957.554854556918,2634.42747661471,1358.09905557334,3274.5624332726,0.767143666744232,30.2373689711094,22.3480627536774,3.43299093842506,369.037538543344,6.08313643932343,996.76377671212,139.054238706827,372.938076108694,1216.65184742212,427.828451156616,2.74961680173874,1.84447109699249,168.772020503879,2.49102826416492,4.47248804569244,245.159761145711,95.2984049394727,257.021797806025,730.711673408747,0,2.22013819217682,0.424701914191246,0,5.33004951477051,0.526955664157867,32.5942304208875,1.33730816841125,11.4856342077255,2237.73057569563,11.9416307657957,107.912350848317,4104.13729240745,11.9693818390369,61.8629070967436,0,178.100388854742,5725.39358495176,173.911017641425,241.777617365122,0.338413506746292,107.184037968516,2312.52908217907,90.0388216674328,237.69273391366,3.94564843177795,84.5401451066136,909.845914781094,352.026871100068,427.828451156616,3729.32554751635,0,1.36374062299728,1.38985449075699,0.653350636363029,0.872998595237732,42.311196193099,38.7388662472367,1.13530403375626,33.8074609339237,0,0,0.718743920326233,0,2.78927156329155,0,9.61949334293604,1.57124665379524,3.74686533212662,15.6046961173415,6.8755748718977,2295.04059964418,0,0,0,0,1.12396717071533,0,1.04056572914124,0,368.032830178738,36.493117839098,1.29287612438202,132.491290122271,78.8771439790726,0,0.928242847323418,49.3861807882786,0,2.74961680173874,0,17900.8073572069,465.822975844145,0.216394856572151,0,0,588.157312780619,92.7459123581648,534.648115932941,7.03041449189186,5277.46628119051,2510.20982925594,1550.6187953651,10299.9291542023,2976.97220568359,0,1.40313659608364,488.097848430276,4.48224020004272,7.83527019619942,30.4935642629862,0,0.351043790578842,4.10263222455978,13.796208716929,3.52796384692192,9.35253208875656,5.12930430471897,0,33.2071979343891,0,0,0,0,0,2.13673329353333,55.9299110174179,0,1.77429211139679,1.84447109699249,1.36374062299728,465.822975844145,34224.2880380601,1537.50171223283,310.797252580523,45.9773493260145,415.270572528243,3922.53006850928,4279.22249826789,1352.80627135932,0.412178382277489,5242.58654272556,3428.67765155435,643.024877250195,248.797392807901,114.25437733531,210.202682077885,166.430065795779,3915.92196168005,272.044589519501,3324.28861189634,0,21.4969003349543,810.84453959018,59.3485062122345,266.130001530051,8.84300528466702,21.7728214785457,18.9063299000263,736.619564518332,0,0.279908716678619,0,0,0,128.810276344419,254.764039069414,0,54.1975159645081,168.772020503879,1.38985449075699,0.216394856572151,1537.50171223283,17453.8140796125,1229.78221067786,2319.71928533912,19.9150659441948,1741.8142407611,556.23654294014,6133.62764689326,0,13.8347331732512,4.73822718858719,0.495156332850456,2.92682167887688,13317.5760648549,2287.94168627262,4.60708364844322,2523.36373458803,172.846184998751,166.180979147553,0.256970196962357,13.3294287547469,46.8024153411388,111.695770591497,63.4305685460567,21.6291847378016,20.259613648057,2.49526908993721,174.840151578188,0,0,0,0,1.18259680271149,31.4262337386608,278.070479348302,0,21.3946480602026,2.49102826416492,0.653350636363029,0,310.797252580523,1229.78221067786,3254.92141921818,303.296224951744,28.4946641325951,1878.33009483665,146.553842917085,1182.65926082432,0,10.501952111721,13.7680952399969,0.773305177688599,1.78023146092892,1681.12722364068,2170.20817969739,10.5595184415579,455.097255028784,104.339335724711,225.781336963177,0,13.1508462578058,286.196483850479,43.2001479268074,373.200702130795,40.4783996194601,14.1122794896364,0,773.177292555571,0,0,0,0,0,112.34043212235,395.490168601274,0,30.9248116612434,4.47248804569244,0.872998595237732,0,45.9773493260145,2319.71928533912,303.296224951744,3363.92738775909,1560.14541058242,161.394213497639,4.42787571251392,1802.83164955676,0,1.02890172600746,0,0,3.45073188841343,1285.37037880719,3265.84652881324,1.45751810073853,142.090606763959,21.0850359350443,4.48398157954216,9.81827633082867,32.0205301493406,0.737272322177887,23.2799120545387,180.369854971766,902.00194530189,305.910943388939,104.4757412076,234.215775176883,0,1.23305037617683,7.83278828859329,0.713146656751633,29.0723480284214,5.14990243315697,411.360371209681,19.7223267257214,16.1106089055538,245.159761145711,42.311196193099,588.157312780619,415.270572528243,19.9150659441948,28.4946641325951,1560.14541058242,3491.3417339921,2455.56731398404,1112.58912114799,1485.20014889538,10.1689437031746,138.431548088789,588.209699526429,68.9598492383957,2127.77055360377,5.6416192650795,1047.18864549696,465.90265968442,291.182509616017,456.319801770151,261.313365712762,12.3514561802149,15.9950394555926,1.4589572250843,92.3428767174482,12.6613771021366,339.855906188488,1023.14246424288,14.5604453980923,203.262485660613,0.324358522891998,3.49247759580612,8.32546626031399,2.64699496328831,153.207263618708,1.36883319914341,575.607289873064,29.3518146276474,15.5112240090966,95.2984049394727,38.7388662472367,92.7459123581648,3922.53006850928,1741.8142407611,1878.33009483665,161.394213497639,2455.56731398404,21459.3274698183,582.429921090603,1843.43578544259,2.81138980388641,74.6138605475426,991.869548901916,37.2073561549187,2077.95524510741,86.1371289491653,1859.5779581666,3876.1395265013,1752.80798495561,1189.34190455079,6741.9788961336,0.616250276565552,1.92410735785961,2.02232855558395,11.4119132906199,3.50859254598618,7.5118205845356,22.6917726993561,423.785926580429,46.217212587595,0,0,0,0,0,1.0557279586792,34.8371203392744,1.43218350410461,0.354369133710861,257.021797806025,1.13530403375626,534.648115932941,4279.22249826789,556.23654294014,146.553842917085,4.42787571251392,1112.58912114799,582.429921090603,3191.20745866001,2829.98789662868,0,3867.4893232435,45.4073438644409,35.6304347962141,62.5410703420639,10.0987374782562,198.76679148525,22.6856682747602,1291.25949415565,1594.04658597708,369.23712708056,0,16.5406696051359,689.203731298447,114.321356631815,647.123984917998,110.143914408982,165.863298088312,48.5851020812988,2444.84921463579,0,1.99721568822861,0.231867015361786,0,4.87757049500942,50.1072262823582,371.948459640145,7.12490065395832,49.2117988020182,730.711673408747,33.8074609339237,7.03041449189186,1352.80627135932,6133.62764689326,1182.65926082432,1802.83164955676,1485.20014889538,1843.43578544259,2829.98789662868,8032.73136170208,0,263.643125087023,37.8511058241129,1.58736379444599,62.8638905435801,1425.0386621058,1560.25210425258,53.9864017814398,3617.83090470731,3014.6228711009,341.868251211941,905.36176738143,0.431027472019196,0,0,0,1.17872130870819,0.525474190711975,0.558441281318665,0,590.650865226984,4.90199843049049,4.44734382629395,85.3196836560965,208.55377189815,0,0,61.6721367835999,0,0,0,5277.46628119051,0.412178382277489,0,0,0,10.1689437031746,2.81138980388641,0,0,1923.31038865447,13.5504250228405,21.3259348273277,1887.5394499898,494.843431144953,0,0,792.410678505898,0,0,0,0,0,0,1.50494167208672,0,0.405836433172226,0,1.97301197052002,0.660299047827721,0,0,0,0,0,0,1.25803463160992,0,0,2.22013819217682,0,2510.20982925594,5242.58654272556,13.8347331732512,10.501952111721,1.02890172600746,138.431548088789,74.6138605475426,3867.4893232435,263.643125087023,13.5504250228405,8909.76555377245,435.044871509075,4058.87094414234,131.683548092842,0.562065303325653,15.7339360266924,52.6185489445925,223.076414361596,40.4125475436449,51.9036036282778,0,0,0,0.894746243953705,0,1.23088476061821,3.83903752267361,0,4.18516129255295,0,0,0,0,0,0,6.85816480964422,0,0,0.424701914191246,0.718743920326233,1550.6187953651,3428.67765155435,4.73822718858719,13.7680952399969,0,588.209699526429,991.869548901916,45.4073438644409,37.8511058241129,21.3259348273277,435.044871509075,10565.2728689313,1434.47526042163,1147.10860179365,0,14.3162768930197,2694.79548843205,97.1956844031811,17.6700242310762,575.431386902928,0,0,0,0,0,0,0,0,0.222640633583069,2.05242037773132,0,0,0,0,0,0.340400755405426,0,0,0,0,10299.9291542023,643.024877250195,0.495156332850456,0.773305177688599,0,68.9598492383957,37.2073561549187,35.6304347962141,1.58736379444599,1887.5394499898,4058.87094414234,1434.47526042163,9870.07211321592,1058.49965295196,0,0,693.988088145852,5.84076081216335,2.43008536100388,21.1573137938976,3.16181388497353,0.382156550884247,0,0.790831357240677,2.80020153522491,23.1034279465675,57.3957921117544,3.98558306694031,2.93564592301846,29.1451709270477,0.409893333911896,1.69718492031097,0,1099.33738812804,0,7.46934778988361,29.0063158869743,0,5.33004951477051,2.78927156329155,2976.97220568359,248.797392807901,2.92682167887688,1.78023146092892,3.45073188841343,2127.77055360377,2077.95524510741,62.5410703420639,62.8638905435801,494.843431144953,131.683548092842,1147.10860179365,1058.49965295196,7886.44214488566,0,21.4139109551907,5713.67433607578,26.1504767537117,34.2770035862923,140.222896933556,0,21.6307244300842,162.497709393501,36.1897004246712,140.099253937602,5.11967305839062,8.97874875366688,0,257.053506612778,0,0,0,0,0,69.4994052201509,171.53411115706,0.227061316370964,24.6547099500895,0.526955664157867,0,0,114.25437733531,13317.5760648549,1681.12722364068,1285.37037880719,5.6416192650795,86.1371289491653,10.0987374782562,1425.0386621058,0,0.562065303325653,0,0,0,10116.16710978,6803.40697457641,1.79496145248413,494.189831018448,6.62900982797146,11.191947683692,0.391362607479095,51.7517560571432,169.943398632109,221.533148236573,322.769936494529,212.764063045382,120.265481889248,5.5584414601326,448.840846449137,0,0.184424370527267,0,0,1.45680111646652,140.758662812412,1170.1838631928,1.44655491411686,50.8224407359958,32.5942304208875,9.61949334293604,1.40313659608364,210.202682077885,2287.94168627262,2170.20817969739,3265.84652881324,1047.18864549696,1859.5779581666,198.76679148525,1560.25210425258,0,15.7339360266924,14.3162768930197,0,21.4139109551907,6803.40697457641,12661.5666640848,17.0861468762159,321.718071326613,442.176542714238,68.0306269153953,0,0,0,0.188258588314056,0,0,8.62638342380524,0,3.43180751800537,0,0,0,0,0,0,8.34244380891323,0.425411939620972,0,1.33730816841125,1.57124665379524,488.097848430276,166.430065795779,4.60708364844322,10.5595184415579,1.45751810073853,465.90265968442,3876.1395265013,22.6856682747602,53.9864017814398,792.410678505898,52.6185489445925,2694.79548843205,693.988088145852,5713.67433607578,1.79496145248413,17.0861468762159,6533.8976906389,36.7819218039513,40.1888825595379,360.909342184663,0,1.65906663239002,17.5120413154364,16.8582914918661,17.3947976082563,11.8840917646885,38.7617309391499,0,67.0090965181589,0,0,0,0,2.34463065862656,8.94681273400784,65.3978937268257,0,3.89019533991814,11.4856342077255,3.74686533212662,4.48224020004272,3915.92196168005,2523.36373458803,455.097255028784,142.090606763959,291.182509616017,1752.80798495561,1291.25949415565,3617.83090470731,0,223.076414361596,97.1956844031811,5.84076081216335,26.1504767537117,494.189831018448,321.718071326613,36.7819218039513,1949.55732637644,378.852579683065,716.961125001311,0,2.76739421486855,3.27532383799553,38.767402485013,3.40794718265533,41.1939163953066,112.420376121998,223.36482656002,166.445922717452,0,0,0,0,3.123680382967,2.44336891174316,132.019682645798,2.96483451128006,7.68911679089069,2237.73057569563,15.6046961173415,7.83527019619942,272.044589519501,172.846184998751,104.339335724711,21.0850359350443,456.319801770151,1189.34190455079,1594.04658597708,3014.6228711009,0,40.4125475436449,17.6700242310762,2.43008536100388,34.2770035862923,6.62900982797146,442.176542714238,40.1888825595379,378.852579683065,1516.45783409476,355.905233353376,0,1.00359058380127,0,9.35344760864973,0.674039080739021,7.83081905543804,18.8657156601548,0,23.2809226214886,0,0,0,0,0,0,32.6908904761076,0,1.32240980863571,11.9416307657957,6.8755748718977,30.4935642629862,3324.28861189634,166.180979147553,225.781336963177,4.48398157954216,261.313365712762,6741.9788961336,369.23712708056,341.868251211941,0,51.9036036282778,575.431386902928,21.1573137938976,140.222896933556,11.191947683692,68.0306269153953,360.909342184663,716.961125001311,355.905233353376,6649.17502394319
