10244.7157723159,444.41343061626,0,5.50748625397682,1.83988332748413,372.373786836863,72.9219141900539,1117.55503289402,6.14796704053879,2255.26779830456,2829.61641164124,1634.17186741531,9773.71118304133,1985.28087076545,0,11.4945214539766,811.891473278403,2.83621436357498,150.234681129456,55.1448910981417,2718.99892407656,0,0,0,0,1.23790901899338,3.29791079461575,0.319927096366882,1.26533901691437,887.233354926109,0,0,0.836049377918243,32.7864410877228,0,5.38639831542969,0,0,1.46797233819962,0,444.41343061626,31340.984922111,1442.32587842643,256.203108727932,90.0804661810398,508.657386429608,3655.33750385791,2720.24923442304,1607.10067909956,0,3841.3050122112,3257.68147861958,816.070906952024,464.83906249702,156.6613406986,630.072712942958,249.390004955232,4962.8694799915,486.599487647414,4067.75137205422,0,4.4626676440239,15.4765921831131,64.0830163285136,48.9818334430456,39.1928397715092,33.6062980145216,0.288011059165001,27.5111445039511,0,1.34991510212421,0.213758900761604,0,1.38442534208298,25.0046307072043,139.089599363506,0.373881369829178,3.4616926163435,9.25228372216225,3.50099194049835,0,1442.32587842643,17807.1131664068,466.742671087384,2683.67118497193,6.39239045977592,1628.81496182084,161.245458543301,5628.156806238,0,80.2978427410126,2.04805237054825,0,1.7658809274435,10536.4320756495,3031.97617350519,6.73654799163342,2905.50076408684,26.5027450174093,128.679670117795,0,4.12815304100513,157.691701337695,94.1513054445386,235.087717890739,1.79415601491928,23.9365798979998,0.916616559028625,84.0102891325951,0,1.1651806384325,0.785849288105965,0.394647106528282,0,82.7714287787676,182.68144287169,1.975326359272,14.2599841207266,3.69143531471491,3.69811141490936,5.50748625397682,256.203108727932,466.742671087384,2474.92144724727,227.88438731432,31.0255049318075,2608.33587853611,91.2527073472738,1058.03960286081,0,7.62367688119411,16.513442158699,0.75963930785656,14.5314082801342,1485.41122876108,2211.21398191154,44.0148850530386,225.982763901353,186.776140838861,302.097998037934,0.382571280002594,12.4576853886247,44.894195780158,253.456135034561,143.556125178933,16.6575526148081,140.684461683035,12.032919973135,138.93272151053,0,1.17357838153839,2.17181603610516,0.151351943612099,2.61228489875793,32.8240030109882,409.602555647492,0.777733162045479,21.0891093462706,47.9883372187614,32.8463035672903,1.83988332748413,90.0804661810398,2683.67118497193,227.88438731432,2537.58232046664,703.715799510479,112.440129756927,10.531178176403,1790.53687651455,0,0.976137280464172,0.433108404278755,0,0.269999504089355,587.750495120883,3331.10772166401,0.388742834329605,282.884369567037,45.6326447427273,24.7477914914489,0,8.22927375137806,116.274034798145,99.5408921092749,559.486410021782,48.0710465013981,26.9278531074524,2.62061549723148,531.749214693904,0,0.131015807390213,0.167064219713211,0,0.456341594457626,53.4408318847418,261.202469587326,1.08603763580322,21.2776280194521,4.79470521211624,5.98650778830051,372.373786836863,508.657386429608,6.39239045977592,31.0255049318075,703.715799510479,4528.90130423009,1603.92635693401,1164.9077450186,404.275458484888,0.659365952014923,42.3776633441448,451.248126745224,14.3526725620031,2212.36952456087,3.01239164173603,2985.7536893785,477.29162979126,22.5616876780987,1913.88776396215,358.767882078886,2.60887488722801,3.8947172164917,3.38267624378204,21.7196829915047,14.6032045036554,635.078312695026,112.017213851213,5.43455725908279,32.1361718475819,0,0.448158711194992,3.49555444717407,0.660738825798035,16.0563921928406,0.842154979705811,299.54419913888,0,1.08631671965122,45.9950401186943,9.19305139780045,72.9219141900539,3655.33750385791,1628.81496182084,2608.33587853611,112.440129756927,1603.92635693401,16464.5357494652,323.837718009949,1863.49685453624,0,54.7142747789621,677.185442462564,22.4370720684528,1363.70184315741,322.76005962491,3396.86746388674,2856.92240185291,802.40678486973,1923.23595962673,4852.86818181723,0,44.2641768753529,35.0216319411993,129.15615478158,72.7107591032982,271.465398147702,587.456580780447,30.1693846136332,104.1706899032,0.871975064277649,22.1776707470417,17.4508626163006,3.19143599271774,20.8238832950592,34.002502463758,659.871688984334,18.7339532524347,10.8089325428009,229.98606094718,66.4527062028646,1117.55503289402,2720.24923442304,161.245458543301,91.2527073472738,10.531178176403,1164.9077450186,323.837718009949,4217.90533727407,3835.0858002156,6.39271038770676,3056.05952528119,94.2968936860561,52.5872485637665,299.441537961364,4.56882151961327,338.66075322032,23.9999604821205,1025.30792227387,2298.93429516256,123.471183106303,0,0,0,7.79384672641754,6.13648104667664,66.221541851759,17.754918679595,26.4395428597927,9.02597540616989,0,0,1.71758198738098,0,4.94167810678482,0,53.6186655461788,0,0.217011943459511,99.0260472893715,3.88000532984734,6.14796704053879,1607.10067909956,5628.156806238,1058.03960286081,1790.53687651455,404.275458484888,1863.49685453624,3835.0858002156,10212.4414170384,0,269.158897310495,55.55242626369,4.30104959011078,21.1743007600307,506.40704280138,2124.8826784268,101.67942789197,6639.8328114301,4281.72799643874,486.996349029243,0,35.024739921093,374.95920291543,304.262735515833,1202.7254441008,126.257717803121,173.25657928735,23.5671110600233,1194.82032448053,0,8.48664127290249,11.6864978820086,0,7.69216975569725,111.557387396693,665.833939783275,4.33983182907104,32.6602044254541,319.743198275566,41.4998194128275,2255.26779830456,0,0,0,0,0.659365952014923,0,6.39271038770676,0,1134.11522108316,9.24668827652931,17.4066516160965,873.507309272885,872.092035502195,0,0,999.841164425015,0,0,0,269.919247403741,0,0,0,0,0,0,0,0,576.205488145351,0,0,0,1.18001532554626,0,1.02592527866364,0,0,0,0,2829.61641164124,3841.3050122112,80.2978427410126,7.62367688119411,0.976137280464172,42.3776633441448,54.7142747789621,3056.05952528119,269.158897310495,9.24668827652931,7233.76819381118,722.632648304105,3960.4433414638,93.4289460480213,0.291104435920715,16.3175789788365,30.7729719281197,849.078541308641,83.7138003408909,39.6911979466677,23.7405959367752,0,0,0,0,1.33306036889553,1.74148668348789,0,0,8.55867585539818,0,0,0,0,0,2.5850065946579,0,0,0,0,1634.17186741531,3257.68147861958,2.04805237054825,16.513442158699,0.433108404278755,451.248126745224,677.185442462564,94.2968936860561,55.55242626369,17.4066516160965,722.632648304105,10806.2163939103,1334.58366000652,1743.80970026553,1.17753314971924,82.6680490002036,2174.18076393008,82.6211718469858,56.7166629880667,1828.11484581977,10.6196173131466,5.40411615371704,0,3.57347172498703,0.449899524450302,19.2488293647766,16.2256786078215,0.463416904211044,2.47436773777008,9.94118866324425,0,0,0,13.9812140464783,0,18.7602845281363,2.90854644775391,0,4.44291317462921,4.55301249027252,9773.71118304133,816.070906952024,0,0.75963930785656,0,14.3526725620031,22.4370720684528,52.5872485637665,4.30104959011078,873.507309272885,3960.4433414638,1334.58366000652,6553.24297460914,366.583732932806,0,3.30899093300104,731.683771714568,9.82229444384575,10.6836003810167,20.4151926338673,782.716742649674,0,0,0,0,0,0,0,0,170.178712576628,0,0,0,1.82384836673737,0,0.499707505106926,0,0,0,0,1985.28087076545,464.83906249702,1.7658809274435,14.5314082801342,0.269999504089355,2212.36952456087,1363.70184315741,299.441537961364,21.1743007600307,872.092035502195,93.4289460480213,1743.80970026553,366.583732932806,9678.60774667561,1.20477202534676,65.0938548594713,6275.96278793365,10.4795865267515,339.619357779622,248.875519938767,177.044584274292,0.986835122108459,0,1.02652323246002,0,56.8069991022348,26.4251101464033,1.86176586151123,1.07742321491241,261.043917000294,0,0,2.08069133758545,688.018445000052,0,20.0722165852785,0,0,7.26705892384052,2.04010879993439,0,156.6613406986,10536.4320756495,1485.41122876108,587.750495120883,3.01239164173603,322.76005962491,4.56882151961327,506.40704280138,0,0.291104435920715,1.17753314971924,0,1.20477202534676,8972.75133101642,4675.97523707896,8.48233458399773,276.159675598145,4.78930088877678,78.2556504756212,0,0.894669651985168,24.4927196651697,32.3746391683817,35.0218225866556,2.15306377410889,8.03234924376011,0.312563210725784,18.9596974253654,0,0,0.975172281265259,0,0,22.4954301118851,73.1980284005404,1.19014775753021,2.44719851016998,1.2223963290453,1.18756254017353,11.4945214539766,630.072712942958,3031.97617350519,2211.21398191154,3331.10772166401,2985.7536893785,3396.86746388674,338.66075322032,2124.8826784268,0,16.3175789788365,82.6680490002036,3.30899093300104,65.0938548594713,4675.97523707896,15851.978710033,170.557867214084,554.482715457678,955.455130919814,496.648165658116,2.81084188818932,70.40473754704,143.857695519924,547.059373453259,473.475112609565,455.929073214531,560.385106578469,62.2641334682703,484.320360064507,0,17.6330010816455,14.8639936074615,6.72125592827797,32.7387607544661,121.229939967394,2461.52922546864,18.3775625228882,77.8435938581824,257.760051682591,101.30502409488,811.891473278403,249.390004955232,6.73654799163342,44.0148850530386,0.388742834329605,477.29162979126,2856.92240185291,23.9999604821205,101.67942789197,999.841164425015,30.7729719281197,2174.18076393008,731.683771714568,6275.96278793365,8.48233458399773,170.557867214084,6329.92622125149,47.7109274864197,147.828317403793,1214.65301176906,70.4452571570873,1.45759370923042,0,2.59330053627491,0,30.0863869935274,49.105695977807,5.04075515270233,14.7198714315891,138.977772772312,8.17076146602631,0.235604718327522,0,33.3941979259253,0.212346971035004,46.5359584987164,0,0,28.7453917860985,11.5251922905445,2.83621436357498,4962.8694799915,2905.50076408684,225.982763901353,282.884369567037,22.5616876780987,802.40678486973,1025.30792227387,6639.8328114301,0,849.078541308641,82.6211718469858,9.82229444384575,10.4795865267515,276.159675598145,554.482715457678,47.7109274864197,4909.77393968403,197.550018876791,275.716119229794,0,5.9197191298008,29.5760748535395,75.7553249448538,63.3629654943943,7.06797350943089,20.0452060624957,5.95764975249767,36.4026684463024,0,0,0.221398144960403,0,0,27.4027402251959,121.970170348883,0.174570530653,5.94551040232182,9.17422045767307,3.16153907775879,150.234681129456,486.599487647414,26.5027450174093,186.776140838861,45.6326447427273,1913.88776396215,1923.23595962673,2298.93429516256,4281.72799643874,0,83.7138003408909,56.7166629880667,10.6836003810167,339.619357779622,4.78930088877678,955.455130919814,147.828317403793,197.550018876791,3639.26965685189,433.689247518778,9.61737465858459,101.102560006082,6.82654470205307,44.2443706840277,10.5219231396914,734.985378667712,229.091372340918,653.4288944453,275.193705230951,0,20.5061755627394,28.5426450371742,7.63009904325008,34.6562196016312,2.43055687844753,350.147415138781,27.4530531466007,8.66009378433228,5905.23646838963,86.8456357121468,55.1448910981417,4067.75137205422,128.679670117795,302.097998037934,24.7477914914489,358.767882078886,4852.86818181723,123.471183106303,486.996349029243,0,39.6911979466677,1828.11484581977,20.4151926338673,248.875519938767,78.2556504756212,496.648165658116,1214.65301176906,275.716119229794,433.689247518778,5334.75515498221,0,16.3104425221682,4.88848675042391,35.9845807403326,19.4828013628721,44.5451216250658,92.4146270379424,10.7713945358992,42.4180719256401,0,5.21641075611115,7.33834612369537,3.47322070598602,8.73936180770397,5.33038587868214,152.345900587738,15.9793471992016,3.78177081048489,70.6776037663221,23.7333394736052,2718.99892407656,0,0,0.382571280002594,0,2.60887488722801,0,0,0,269.919247403741,23.7405959367752,10.6196173131466,782.716742649674,177.044584274292,0,2.81084188818932,70.4452571570873,0,9.61737465858459,0,13163.8672381043,83.8399532139301,0.191679984331131,1.32432522624731,0,582.243523806334,88.955071285367,607.536115035415,2.24738132953644,3834.91462515295,2819.39724485576,1851.16699589789,9304.93613654375,3292.91990596056,0.519404396414757,14.8030828386545,717.203705668449,5.12575525045395,12.0151035040617,15.9371039867401,0,4.4626676440239,4.12815304100513,12.4576853886247,8.22927375137806,3.8947172164917,44.2641768753529,0,35.024739921093,0,0,5.40411615371704,0,0.986835122108459,0.894669651985168,70.40473754704,1.45759370923042,5.9197191298008,101.102560006082,16.3104425221682,83.8399532139301,34405.1467734203,1222.08942861855,239.371797472239,67.0366628319025,180.552219554782,3143.92222230881,3964.09689518064,1515.69079159945,1.59795546531677,5952.77047331631,2317.4273577556,615.933407187462,100.174166187644,102.597824759781,483.844066552818,307.474020570517,3933.98418904841,210.23210260272,3169.69039641321,0,15.4765921831131,157.691701337695,44.894195780158,116.274034798145,3.38267624378204,35.0216319411993,0,374.95920291543,0,0,0,0,0,24.4927196651697,143.857695519924,0,29.5760748535395,6.82654470205307,4.88848675042391,0.191679984331131,1222.08942861855,15125.5976677537,425.265018485487,2071.54688927531,10.3496005237103,3228.17734870315,190.857183381915,6701.73599887639,0,37.2516534030437,25.9555857852101,1.43221870064735,5.65281683206558,11987.2712462097,2264.67344927043,20.05546836555,2886.69560831785,52.5100775957108,199.175171524286,0,64.0830163285136,94.1513054445386,253.456135034561,99.5408921092749,21.7196829915047,129.15615478158,7.79384672641754,304.262735515833,0,0,3.57347172498703,0,1.02652323246002,32.3746391683817,547.059373453259,2.59330053627491,75.7553249448538,44.2443706840277,35.9845807403326,1.32432522624731,239.371797472239,425.265018485487,2067.8328833133,539.090086355805,42.557799063623,3205.89025894552,216.334852591157,1681.26515832543,0,49.2186247259378,45.9407748579979,11.4101321846247,28.1195200830698,1329.52570354939,1554.36460544914,40.2872863933444,181.864219769835,386.110353298485,409.149885237217,0,48.9818334430456,235.087717890739,143.556125178933,559.486410021782,14.6032045036554,72.7107591032982,6.13648104667664,1202.7254441008,0,0,0.449899524450302,0,0,35.0218225866556,473.475112609565,0,63.3629654943943,10.5219231396914,19.4828013628721,0,67.0366628319025,2071.54688927531,539.090086355805,1172.48569719493,1109.32035940886,252.196455270052,18.5159699618816,3129.60306712985,0,4.81836724281311,10.1098240092397,0.192400321364403,0,1107.00685985386,2776.34402024746,3.68414527177811,292.370321586728,146.350947014987,37.1722865477204,1.23790901899338,39.1928397715092,1.79415601491928,16.6575526148081,48.0710465013981,635.078312695026,271.465398147702,66.221541851759,126.257717803121,0,1.33306036889553,19.2488293647766,0,56.8069991022348,2.15306377410889,455.929073214531,30.0863869935274,7.06797350943089,734.985378667712,44.5451216250658,582.243523806334,180.552219554782,10.3496005237103,42.557799063623,1109.32035940886,4686.78108823299,2085.7458467558,2018.14685437083,380.051129296422,23.4282773435116,215.532099857926,432.646685108542,113.7073790133,2375.12713499367,6.30549886822701,2591.38474876434,321.28352200985,18.6452793926001,804.18594764173,143.315342724323,3.29791079461575,33.6062980145216,23.9365798979998,140.684461683035,26.9278531074524,112.017213851213,587.456580780447,17.754918679595,173.25657928735,0,1.74148668348789,16.2256786078215,0,26.4251101464033,8.03234924376011,560.385106578469,49.105695977807,20.0452060624957,229.091372340918,92.4146270379424,88.955071285367,3143.92222230881,3228.17734870315,3205.89025894552,252.196455270052,2085.7458467558,15697.2958352417,372.446753770113,1940.70428819209,2.1883455067873,332.248787023127,1027.28763591498,89.8075957670808,1958.91679859161,411.51019898802,2898.91156303883,2103.7607748881,759.344539567828,1421.9020396173,5923.52361927181,0.319927096366882,0.288011059165001,0.916616559028625,12.032919973135,2.62061549723148,5.43455725908279,30.1693846136332,26.4395428597927,23.5671110600233,0,0,0.463416904211044,0,1.86176586151123,0.312563210725784,62.2641334682703,5.04075515270233,5.95764975249767,653.4288944453,10.7713945358992,607.536115035415,3964.09689518064,190.857183381915,216.334852591157,18.5159699618816,2018.14685437083,372.446753770113,5235.51840703189,3982.10807567835,0,3161.87120550871,50.7747245281935,85.4436920136213,116.544472038746,29.8209278509021,397.420376606286,26.3016035854816,1370.68110111356,2120.87344385684,155.602554887533,1.26533901691437,27.5111445039511,84.0102891325951,138.93272151053,531.749214693904,32.1361718475819,104.1706899032,9.02597540616989,1194.82032448053,0,0,2.47436773777008,0,1.07742321491241,18.9596974253654,484.320360064507,14.7198714315891,36.4026684463024,275.193705230951,42.4180719256401,2.24738132953644,1515.69079159945,6701.73599887639,1681.26515832543,3129.60306712985,380.051129296422,1940.70428819209,3982.10807567835,10013.6768043414,0,273.609125971794,67.3340122103691,16.6946470439434,34.1905396580696,1198.93114674091,1920.42815758288,53.7011392116547,5053.72594857216,5393.89846965671,593.571538433433,887.233354926109,0,0,0,0,0,0.871975064277649,0,0,576.205488145351,8.55867585539818,9.94118866324425,170.178712576628,261.043917000294,0,0,138.977772772312,0,0,0,3834.91462515295,1.59795546531677,0,0,0,23.4282773435116,2.1883455067873,0,0,1245.9642842263,12.5249768048525,74.656803548336,1210.51379641891,1290.59230563045,0,0.233965486288071,698.44547188282,0,0,0,0,1.34991510212421,1.1651806384325,1.17357838153839,0.131015807390213,0.448158711194992,22.1776707470417,0,8.48664127290249,0,0,0,0,0,0,17.6330010816455,8.17076146602631,0,20.5061755627394,5.21641075611115,2819.39724485576,5952.77047331631,37.2516534030437,49.2186247259378,4.81836724281311,215.532099857926,332.248787023127,3161.87120550871,273.609125971794,12.5249768048525,6572.10201326013,376.369850315154,4156.18012054265,91.5439504086971,9.9638052508235,119.130103610456,100.83614141494,638.342688083649,67.4881404042244,173.168807551265,0,0.213758900761604,0.785849288105965,2.17181603610516,0.167064219713211,3.49555444717407,17.4508626163006,1.71758198738098,11.6864978820086,0,0,0,0,0,0.975172281265259,14.8639936074615,0.235604718327522,0.221398144960403,28.5426450371742,7.33834612369537,1851.16699589789,2317.4273577556,25.9555857852101,45.9407748579979,10.1098240092397,432.646685108542,1027.28763591498,50.7747245281935,67.3340122103691,74.656803548336,376.369850315154,9624.23690184951,1402.74543142319,1223.49996288121,10.4462049901485,144.336700208485,3093.08865586668,57.3065229356289,67.3976390808821,2414.14444069564,0.836049377918243,0,0.394647106528282,0.151351943612099,0,0.660738825798035,3.19143599271774,0,0,0,0,0,0,2.08069133758545,0,6.72125592827797,0,0,7.63009904325008,3.47322070598602,9304.93613654375,615.933407187462,1.43221870064735,11.4101321846247,0.192400321364403,113.7073790133,89.8075957670808,85.4436920136213,16.6946470439434,1210.51379641891,4156.18012054265,1402.74543142319,7307.67512793839,939.267711728811,1.88601114600897,25.512169316411,546.253294989467,26.1555058807135,13.9583464562893,34.0016908049583,32.7864410877228,1.38442534208298,0,2.61228489875793,0.456341594457626,16.0563921928406,20.8238832950592,4.94167810678482,7.69216975569725,1.18001532554626,0,13.9812140464783,1.82384836673737,688.018445000052,0,32.7387607544661,33.3941979259253,0,34.6562196016312,8.73936180770397,3292.91990596056,100.174166187644,5.65281683206558,28.1195200830698,0,2375.12713499367,1958.91679859161,116.544472038746,34.1905396580696,1290.59230563045,91.5439504086971,1223.49996288121,939.267711728811,11143.3543070257,7.7093166410923,130.758581362665,6255.114972651,9.81162482500076,70.2940285801888,135.657365351915,0,25.0046307072043,82.7714287787676,32.8240030109882,53.4408318847418,0.842154979705811,34.002502463758,0,111.557387396693,0,0,0,0,0,22.4954301118851,121.229939967394,0.212346971035004,27.4027402251959,2.43055687844753,5.33038587868214,0.519404396414757,102.597824759781,11987.2712462097,1329.52570354939,1107.00685985386,6.30549886822701,411.51019898802,29.8209278509021,1198.93114674091,0,9.9638052508235,10.4462049901485,1.88601114600897,7.7093166410923,11445.1532879174,7513.3167463392,16.2614999264479,479.870669692755,38.5155671462417,71.5465894863009,5.38639831542969,139.089599363506,182.68144287169,409.602555647492,261.202469587326,299.54419913888,659.871688984334,53.6186655461788,665.833939783275,1.02592527866364,2.5850065946579,18.7602845281363,0.499707505106926,20.0722165852785,73.1980284005404,2461.52922546864,46.5359584987164,121.970170348883,350.147415138781,152.345900587738,14.8030828386545,483.844066552818,2264.67344927043,1554.36460544914,2776.34402024746,2591.38474876434,2898.91156303883,397.420376606286,1920.42815758288,0.233965486288071,119.130103610456,144.336700208485,25.512169316411,130.758581362665,7513.3167463392,12980.6318221688,99.8127706721425,307.720885179937,872.057545050979,370.075967140496,0,0.373881369829178,1.975326359272,0.777733162045479,1.08603763580322,0,18.7339532524347,0,4.33983182907104,0,0,2.90854644775391,0,0,1.19014775753021,18.3775625228882,0,0.174570530653,27.4530531466007,15.9793471992016,717.203705668449,307.474020570517,20.05546836555,40.2872863933444,3.68414527177811,321.28352200985,2103.7607748881,26.3016035854816,53.7011392116547,698.44547188282,100.83614141494,3093.08865586668,546.253294989467,6255.114972651,16.2614999264479,99.8127706721425,7853.8641641587,14.071943372488,77.8641352951527,552.101323544979,0,3.4616926163435,14.2599841207266,21.0891093462706,21.2776280194521,1.08631671965122,10.8089325428009,0.217011943459511,32.6602044254541,0,0,0,0,0,2.44719851016998,77.8435938581824,0,5.94551040232182,8.66009378433228,3.78177081048489,5.12575525045395,3933.98418904841,2886.69560831785,181.864219769835,292.370321586728,18.6452793926001,759.344539567828,1370.68110111356,5053.72594857216,0,638.342688083649,57.3065229356289,26.1555058807135,9.81162482500076,479.870669692755,307.720885179937,14.071943372488,3889.34059798717,165.002253830433,221.363013893366,1.46797233819962,9.25228372216225,3.69143531471491,47.9883372187614,4.79470521211624,45.9950401186943,229.98606094718,99.0260472893715,319.743198275566,0,0,4.44291317462921,0,7.26705892384052,1.2223963290453,257.760051682591,28.7453917860985,9.17422045767307,5905.23646838963,70.6776037663221,12.0151035040617,210.23210260272,52.5100775957108,386.110353298485,146.350947014987,804.18594764173,1421.9020396173,2120.87344385684,5393.89846965671,0,67.4881404042244,67.3976390808821,13.9583464562893,70.2940285801888,38.5155671462417,872.057545050979,77.8641352951527,165.002253830433,2988.10847097635,367.182046882808,0,3.50099194049835,3.69811141490936,32.8463035672903,5.98650778830051,9.19305139780045,66.4527062028646,3.88000532984734,41.4998194128275,0,0,4.55301249027252,0,2.04010879993439,1.18756254017353,101.30502409488,11.5251922905445,3.16153907775879,86.8456357121468,23.7333394736052,15.9371039867401,3169.69039641321,199.175171524286,409.149885237217,37.1722865477204,143.315342724323,5923.52361927181,155.602554887533,593.571538433433,0,173.168807551265,2414.14444069564,34.0016908049583,135.657365351915,71.5465894863009,370.075967140496,552.101323544979,221.363013893366,367.182046882808,5153.99155475199
