10563.3654971421,574.212939292192,1.3312885761261,2.42611317336559,0,891.29735250771,100.365029841661,763.611980348825,149.383595183492,1565.78912562132,3389.70180903375,888.289895012975,7993.00032152236,4810.47589114308,3.45852522552013,46.5531411468983,720.246103301644,182.827781543136,120.103538542986,55.0108575373888,3811.2988498807,0,0,0,0,44.302652567625,9.37122824788094,9.19095957279205,5.98277872800827,752.767745405436,0.301645666360855,0,130.265483915806,107.608918875456,0,2.71130372583866,0.508686721324921,6.10870546102524,30.2808287739754,0.315501481294632,574.212939292192,33033.2653375119,832.2668562904,40.6121741756797,4.33753776550293,333.207522235811,835.598756983876,2580.34988197684,2164.74747473001,4.06030665338039,2966.38639964908,3061.53151198477,1534.40026219934,600.550908870995,18.3679505586624,276.466473095119,364.431393861771,6014.54286745936,305.549302205443,2472.27249006927,2.07565285265446,0,0,0.631076544523239,0,54.135883718729,47.1476555988193,0,13.2700960338116,0.348642945289612,0,0.399567246437073,0,12.664291113615,0,14.1365564540029,0,1.93772834539413,0.397307947278023,0,1.3312885761261,832.2668562904,12879.1366906092,737.302634343505,2275.39763738215,10.6298414170742,3103.69032125175,230.065316468477,4126.99378448725,0,193.172095656395,9.37837459146976,0.533772706985474,4.41225871443748,9043.83917929232,3250.29669316113,9.09427751600742,1954.55646705627,59.8270803242922,272.587682619691,0,0,319.267528250813,9.31210669875145,60.2032971829176,0.95499949157238,4.12269635498524,0,15.5129405558109,0,0,0,0,0,28.5588217079639,88.0073927715421,0,1.86830379068851,4.52196010947227,0.221765041351318,2.42611317336559,40.6121741756797,737.302634343505,2610.83588926494,105.580390676856,87.615027025342,2818.38630139083,26.6327246129513,975.903346389532,0,0,9.50047478079796,1.8263022005558,7.67368505895138,1405.89299692214,2148.97178133577,22.2921512871981,193.045685902238,310.76167088747,240.326058909297,0,2.09384740889072,19.1256558001041,39.6391721516848,63.7202585339546,21.4047415405512,55.4443581849337,5.53894507884979,73.6301979571581,0,0,0.880242109298706,0,0,17.9233658611774,188.536971740425,0,18.192937925458,44.5870897471905,4.23762075603008,0,4.33753776550293,2275.39763738215,105.580390676856,3818.54063175619,1049.71274250746,87.5183634907007,1.47383014857769,4996.45023363829,0,0,1.32746985554695,0,1.41839590668678,768.539660513401,3947.6811267361,1.73353815078735,325.787896901369,84.2420194745064,12.5383086502552,0,0,164.283140361309,65.0690963119268,975.649297878146,155.430769041181,18.3641141504049,0,460.469508104026,0,0,0,0,0,273.895449861884,563.266504004598,0,27.201928704977,1.85292252898216,1.17319846153259,891.29735250771,333.207522235811,10.6298414170742,87.615027025342,1049.71274250746,4530.44325041771,2375.15316854417,362.423877239227,390.524924382567,10.3258069008589,77.2530450671911,567.024500563741,91.5329881086946,2555.11704351008,12.1505749374628,2587.24019511789,739.885097548366,47.6561297774315,579.655669569969,326.497553691268,0.683889329433441,5.714778393507,5.25954133272171,32.319947630167,21.4360111355782,1722.91277769208,252.484273895621,2.44672015309334,44.827290341258,0.683807611465454,0,2.26585590839386,0,147.705769523978,3.57064399123192,183.711051106453,0,5.95263113081455,134.489959925413,5.69193775951862,100.365029841661,835.598756983876,3103.69032125175,2818.38630139083,87.5183634907007,2375.15316854417,15669.3413025662,18.2671035081148,1534.5554632619,7.19613064825535,18.7455249428749,851.378034591675,68.7837564721704,1002.47371076792,439.064627595246,3217.50354275107,3533.43173700571,1183.09512042999,1244.81301875412,5083.06616968662,0.503091394901276,3.41978991031647,15.6639617532492,41.4672430604696,42.5019388049841,418.667227350175,2296.83453564346,1.65294736623764,114.131920725107,0.14535827934742,0,0.318244159221649,0,60.1000444665551,7.35823103785515,315.690766751766,1.81634759902954,18.5710224062204,64.6370955556631,21.1066704392433,763.611980348825,2580.34988197684,230.065316468477,26.6327246129513,1.47383014857769,362.423877239227,18.2671035081148,3593.3620339036,2927.65003035963,0,2674.34449109435,4.82643553614616,153.935587212443,90.8840960562229,4.26472815871239,56.499914124608,4.27597546577454,776.82412391901,971.999865815043,8.61816608905792,2.62279841303825,1.44744741916656,0,8.67771351337433,0,19.3333828449249,0,62.0633496642113,14.7156362831593,0,0,0,0,0,0,8.02702450752258,0,0.365764319896698,933.599295422435,0.937299251556396,149.383595183492,2164.74747473001,4126.99378448725,975.903346389532,4996.45023363829,390.524924382567,1534.5554632619,2927.65003035963,13058.6011286601,0.164457947015762,176.558042228222,86.2428291067481,66.1292875856161,234.690940082073,695.329453572631,3057.03206925094,131.585765063763,6255.10403052717,5374.81181319058,396.415327697992,2.09903627634048,11.2183246165514,86.7297364473343,120.887118443847,416.053611144423,157.3553096205,115.346322253346,14.6856453716755,952.469229027629,0,0,4.99317228794098,0,3.91454847157001,91.5762514173985,422.542190469801,0,30.300929158926,502.497058615088,16.2608863264322,1565.78912562132,4.06030665338039,0,0,0,10.3258069008589,7.19613064825535,0,0.164457947015762,1013.41649112105,1.43543791770935,397.334509342909,709.867788404226,1180.75295379758,0,2.89058222621679,1252.24001890421,0,0,1.11679969727993,530.776990741491,0,0,0,0,1.19984348118305,0.224986806511879,0,0,1639.62410539389,0,0,283.19590985775,187.279753133655,0,0,4.83126869797707,0,0,0,3389.70180903375,2966.38639964908,193.172095656395,0,0,77.2530450671911,18.7455249428749,2674.34449109435,176.558042228222,1.43543791770935,5837.18489325047,33.6899694353342,1642.3754247129,71.9711329191923,0,3.804646871984,19.197905793786,496.232274979353,36.2763106822968,12.133201405406,26.6195500791073,0,0,0,0,3.31613558530807,0.793096423149109,0.236172437667847,0.296489506959915,1.23483228683472,0.331483274698257,0,0,0.99208790063858,0,0.1110784932971,0,0,16.1241729259491,0,888.289895012975,3061.53151198477,9.37837459146976,9.50047478079796,1.32746985554695,567.024500563741,851.378034591675,4.82643553614616,86.2428291067481,397.334509342909,33.6899694353342,8955.33664403856,1028.81193417311,1558.61448916793,2.97562903165817,135.606515727937,3483.35746797919,65.9790727645159,34.4297951608896,2828.64226643741,4.53845876455307,2.6109798848629,0,0,0,79.6227958202362,87.9869791120291,0,10.8740933686495,11.2602902054787,0,2.35791882872581,0,29.8118165284395,0,15.7740525379777,0,1.49875876307487,0,11.0451245605946,7993.00032152236,1534.40026219934,0.533772706985474,1.8263022005558,0,91.5329881086946,68.7837564721704,153.935587212443,66.1292875856161,709.867788404226,1642.3754247129,1028.81193417311,5436.65074960887,736.437276214361,0,23.5342788770795,699.163238346577,55.7491966187954,12.0470624417067,72.5368561446667,356.064683020115,2.68185305595398,0,0.252801984548569,0.431065410375595,13.7902304828167,9.81619434058666,0,4.8965071439743,190.183779895306,0,0.930095016956329,3.37097972631454,13.7986097931862,0,2.30731604993343,2.35258066654205,0,2.48429703712463,0,4810.47589114308,600.550908870995,4.41225871443748,7.67368505895138,1.41839590668678,2555.11704351008,1002.47371076792,90.8840960562229,234.690940082073,1180.75295379758,71.9711329191923,1558.61448916793,736.437276214361,7794.65436954796,5.97786277532578,129.744200356305,5207.03333159536,304.620152205229,168.232484400272,217.178930848837,199.438334077597,0,0,1.41301353275776,1.70487505197525,220.782097145915,44.2873425036669,0.427249103784561,19.0941334217787,491.227763533592,0,1.17150726914406,0,2124.54922194779,0,14.9656151235104,0,0,2.38877594470978,10.213103890419,3.45852522552013,18.3679505586624,9043.83917929232,1405.89299692214,768.539660513401,12.1505749374628,439.064627595246,4.26472815871239,695.329453572631,0,0,2.97562903165817,0,5.97786277532578,8823.39907628298,3729.04732104391,7.48626782000065,525.793761894107,40.8703987002373,71.777598105371,0,0,34.4006568938494,13.6364869624376,61.6702021062374,1.72538298368454,6.51265180110931,0,6.60261875391006,0,0,0.107240431010723,0,0,36.3067609369755,109.795458391309,0,1.33835402131081,2.92252868413925,1.10718643665314,46.5531411468983,276.466473095119,3250.29669316113,2148.97178133577,3947.6811267361,2587.24019511789,3217.50354275107,56.499914124608,3057.03206925094,2.89058222621679,3.804646871984,135.606515727937,23.5342788770795,129.744200356305,3729.04732104391,15518.5702130422,189.629715256393,672.157189026475,1186.25806608051,623.37713111192,1.65820936858654,8.60388454794884,94.7202683240175,185.503150165081,622.750799946487,567.870270356536,328.179606117308,10.0044487416744,280.903074726462,0,0,1.0402704924345,0.135823398828506,5.50312802195549,131.630094058812,2091.11290125549,4.40172661840916,64.561054289341,150.909956648946,25.9224114641547,720.246103301644,364.431393861771,9.09427751600742,22.2921512871981,1.73353815078735,739.885097548366,3533.43173700571,4.27597546577454,131.585765063763,1252.24001890421,19.197905793786,3483.35746797919,699.163238346577,5207.03333159536,7.48626782000065,189.629715256393,6295.14882105589,67.5843638032675,77.7443030029535,1088.91880564392,135.958647042513,0,0,1.63532465696335,0,114.549704581499,94.9811518192291,0,19.3503380715847,283.028560847044,0,0,0,266.475457951427,0.160754263401031,12.1674771085382,0,2.27971589565277,0,1.66145515441895,182.827781543136,6014.54286745936,1954.55646705627,193.045685902238,325.787896901369,47.6561297774315,1183.09512042999,776.82412391901,6255.10403052717,0,496.232274979353,65.9790727645159,55.7491966187954,304.620152205229,525.793761894107,672.157189026475,67.5843638032675,1644.31840953231,456.504918709397,855.449446156621,0.862466752529144,0,13.2252767235041,9.68854877352715,48.2320779263973,11.2451502382755,10.2605101242661,0,12.2091339379549,0,0,0,0,0.727599143981934,17.8118680566549,71.6281270012259,2.3682701587677,3.52260878682137,0,0.199493020772934,120.103538542986,305.549302205443,59.8270803242922,310.76167088747,84.2420194745064,579.655669569969,1244.81301875412,971.999865815043,5374.81181319058,0,36.2763106822968,34.4297951608896,12.0470624417067,168.232484400272,40.8703987002373,1186.25806608051,77.7443030029535,456.504918709397,2314.45511657,433.258584693074,0,2.97873875498772,5.19152420759201,53.9151022732258,32.1296070516109,167.745725408196,63.2694029062986,104.99226334691,240.471439927816,0,0,0,0,1.83755180239677,7.03734675049782,133.979650810361,0,28.0290477275848,2189.07235471904,15.4847584068775,55.0108575373888,2472.27249006927,272.587682619691,240.326058909297,12.5383086502552,326.497553691268,5083.06616968662,8.61816608905792,396.415327697992,1.11679969727993,12.133201405406,2828.64226643741,72.5368561446667,217.178930848837,71.777598105371,623.37713111192,1088.91880564392,855.449446156621,433.258584693074,5891.78067171574,1.8896701335907,2.71149009466171,2.81573875248432,4.67654237151146,14.4190269857645,64.1981429755688,48.7110351920128,0,17.2588575333357,0,0,0,0,4.39202082157135,0.597061827778816,34.520498842001,0,0.48625048995018,8.37082393467426,4.57620191574097,3811.2988498807,2.07565285265446,0,0,0,0.683889329433441,0.503091394901276,2.62279841303825,2.09903627634048,530.776990741491,26.6195500791073,4.53845876455307,356.064683020115,199.438334077597,0,1.65820936858654,135.958647042513,0.862466752529144,0,1.8896701335907,19367.6565560102,984.891263768077,1.33310115337372,0.511300086975098,3.04320585727692,872.467331930995,241.62601082027,736.70704805851,118.475196510553,2588.77299794555,3332.82140871882,1832.67193153501,9010.67933173478,3874.17595164478,0.197252422571182,30.397683404386,1195.59589463472,168.066053420305,112.793025806546,277.57199805975,0,0,0,2.09384740889072,0,5.714778393507,3.41978991031647,1.44744741916656,11.2183246165514,0,0,2.6109798848629,2.68185305595398,0,0,8.60388454794884,0,0,2.97873875498772,2.71149009466171,984.891263768077,28706.5480174273,425.078805878758,8.97213360667229,0.323866412043571,353.677687615156,466.02401150018,4568.37188921869,1522.88270138204,0.240789741277695,4232.25204829872,2703.60555955768,768.949991166592,172.399734437466,2.27362769842148,145.614111192524,281.374791100621,3248.41973561049,388.751711681485,1859.57607155293,0,0,319.267528250813,19.1256558001041,164.283140361309,5.25954133272171,15.6639617532492,0,86.7297364473343,0,0,0,0,0,34.4006568938494,94.7202683240175,0,13.2252767235041,5.19152420759201,2.81573875248432,1.33310115337372,425.078805878758,12168.8444017693,763.840710416436,2016.46523746103,19.7886058688164,4126.42696236074,195.413401916623,5609.34038686007,0,13.3621162176132,2.86183533072472,0,0.795082405209541,9944.43817671388,1790.09276159108,6.42451721429825,1197.8253640756,37.8825227916241,222.025733008981,0,0.631076544523239,9.31210669875145,39.6391721516848,65.0690963119268,32.319947630167,41.4672430604696,8.67771351337433,120.887118443847,0,0,0,0.252801984548569,1.41301353275776,13.6364869624376,185.503150165081,1.63532465696335,9.68854877352715,53.9151022732258,4.67654237151146,0.511300086975098,8.97213360667229,763.840710416436,2543.36596184969,246.066760763526,98.6890191286802,2913.61345806718,5.57212269306183,1456.95184324682,0,0,4.60463598370552,0,0.247966334223747,1098.74289606512,2292.95708607137,6.49350047111511,191.82715792954,132.102435916662,204.417957857251,0,0,60.2032971829176,63.7202585339546,975.649297878146,21.4360111355782,42.5019388049841,0,416.053611144423,0,0,0,0.431065410375595,1.70487505197525,61.6702021062374,622.750799946487,0,48.2320779263973,32.1296070516109,14.4190269857645,3.04320585727692,0.323866412043571,2016.46523746103,246.066760763526,2918.07280543447,874.652447491884,94.670416906476,0,4088.74522638321,0,0,3.06620547175407,0,0,1325.60176608711,4305.49604071677,0.448528319597244,162.047546029091,21.2121524959803,9.40615674853325,44.302652567625,54.135883718729,0.95499949157238,21.4047415405512,155.430769041181,1722.91277769208,418.667227350175,19.3333828449249,157.3553096205,1.19984348118305,3.31613558530807,79.6227958202362,13.7902304828167,220.782097145915,1.72538298368454,567.870270356536,114.549704581499,11.2451502382755,167.745725408196,64.1981429755688,872.467331930995,353.677687615156,19.7886058688164,98.6890191286802,874.652447491884,4396.69507806748,2444.68682271242,424.972549453378,755.419460237026,2.4904932230711,43.9119328260422,706.851015657187,25.676013931632,2128.45517355204,4.19704488664865,2383.36462940276,440.04631114006,212.434460014105,1274.09447218478,808.807509087026,9.37122824788094,47.1476555988193,4.12269635498524,55.4443581849337,18.3641141504049,252.484273895621,2296.83453564346,0,115.346322253346,0.224986806511879,0.793096423149109,87.9869791120291,9.81619434058666,44.2873425036669,6.51265180110931,328.179606117308,94.9811518192291,10.2605101242661,63.2694029062986,48.7110351920128,241.62601082027,466.02401150018,4126.42696236074,2913.61345806718,94.670416906476,2444.68682271242,19576.6489548162,40.7064838409424,2952.46417570114,1.96178263425827,5.29948872327805,713.266893006861,6.60888999700546,949.068561993539,332.447881191969,3721.43802337348,3334.40622737259,1830.62419154495,963.033305414021,5554.9283676073,9.19095957279205,0,0,5.53894507884979,0,2.44672015309334,1.65294736623764,62.0633496642113,14.6856453716755,0,0.236172437667847,0,0,0.427249103784561,0,10.0044487416744,0,0,104.99226334691,0,736.70704805851,4568.37188921869,195.413401916623,5.57212269306183,0,424.972549453378,40.7064838409424,3956.32322007418,2537.81004616618,0.217720612883568,2199.53664198518,146.763940691948,68.1882729828358,109.289329260588,4.52381059527397,61.9612472131848,30.1962391287088,929.013762652874,1921.58647741377,71.8957101553679,5.98277872800827,13.2700960338116,15.5129405558109,73.6301979571581,460.469508104026,44.827290341258,114.131920725107,14.7156362831593,952.469229027629,0,0.296489506959915,10.8740933686495,4.8965071439743,19.0941334217787,6.60261875391006,280.903074726462,19.3503380715847,12.2091339379549,240.471439927816,17.2588575333357,118.475196510553,1522.88270138204,5609.34038686007,1456.95184324682,4088.74522638321,755.419460237026,2952.46417570114,2537.81004616618,12928.8207597286,0,183.562951028347,56.6537005901337,1.39414271712303,46.1394576579332,1353.06524854898,2744.72420621663,221.833541080356,5988.76509317756,5387.45922992378,761.017005264759,752.767745405436,0.348642945289612,0,0,0,0.683807611465454,0.14535827934742,0,0,1639.62410539389,1.23483228683472,11.2602902054787,190.183779895306,491.227763533592,0,0,283.028560847044,0,0,0,2588.77299794555,0.240789741277695,0,0,0,2.4904932230711,1.96178263425827,0.217720612883568,0,2798.93444859982,7.12224604189396,74.2685085982084,2060.10279205441,1760.4230209887,0,0.321959108114243,1312.56946022809,1.0190407037735,0,0.133628413081169,0.301645666360855,0,0,0,0,0,0,0,0,0,0.331483274698257,0,0,0,0,0,0,0,0,0,3332.82140871882,4232.25204829872,13.3621162176132,0,0,43.9119328260422,5.29948872327805,2199.53664198518,183.562951028347,7.12224604189396,5814.7755150944,256.527174502611,3662.02086280286,145.613158583641,0,0,34.6946920454502,253.74284145236,14.2432860434055,0.245676815509796,0,0.399567246437073,0,0.880242109298706,0,2.26585590839386,0.318244159221649,0,4.99317228794098,0,0,2.35791882872581,0.930095016956329,1.17150726914406,0.107240431010723,1.0402704924345,0,0,0,0,1832.67193153501,2703.60555955768,2.86183533072472,4.60463598370552,3.06620547175407,706.851015657187,713.266893006861,146.763940691948,56.6537005901337,74.2685085982084,256.527174502611,10387.5294443369,1195.27058765292,2557.35133741796,1.71176540851593,57.1229397505522,2598.80826959014,215.227441906929,34.8951053470373,2588.39094016701,130.265483915806,0,0,0,0,0,0,0,0,283.19590985775,0,0,3.37097972631454,0,0,0.135823398828506,0,0,0,0,9010.67933173478,768.949991166592,0,0,0,25.676013931632,6.60888999700546,68.1882729828358,1.39414271712303,2060.10279205441,3662.02086280286,1195.27058765292,10720.5947175324,1467.73618619144,0,0,1228.02924282849,1.85412740707397,1.57091408967972,0.579982295632362,107.608918875456,12.664291113615,0,0,0,147.705769523978,60.1000444665551,0,3.91454847157001,187.279753133655,0.99208790063858,29.8118165284395,13.7986097931862,2124.54922194779,0,5.50312802195549,266.475457951427,0.727599143981934,1.83755180239677,4.39202082157135,3874.17595164478,172.399734437466,0.795082405209541,0.247966334223747,0,2128.45517355204,949.068561993539,109.289329260588,46.1394576579332,1760.4230209887,145.613158583641,2557.35133741796,1467.73618619144,10048.9824321419,0,13.7257237061858,6965.24980977923,57.3179467171431,28.9779879301786,171.00018183887,0,0,28.5588217079639,17.9233658611774,273.895449861884,3.57064399123192,7.35823103785515,0,91.5762514173985,0,0,0,0,0,36.3067609369755,131.630094058812,0.160754263401031,17.8118680566549,7.03734675049782,0.597061827778816,0.197252422571182,2.27362769842148,9944.43817671388,1098.74289606512,1325.60176608711,4.19704488664865,332.447881191969,4.52381059527397,1353.06524854898,0,0,1.71176540851593,0,0,12781.3510409743,6805.95797214657,0.837962582707405,530.963205844164,11.9907650798559,75.0992848724127,2.71130372583866,14.1365564540029,88.0073927715421,188.536971740425,563.266504004598,183.711051106453,315.690766751766,8.02702450752258,422.542190469801,0,0.1110784932971,15.7740525379777,2.30731604993343,14.9656151235104,109.795458391309,2091.11290125549,12.1674771085382,71.6281270012259,133.979650810361,34.520498842001,30.397683404386,145.614111192524,1790.09276159108,2292.95708607137,4305.49604071677,2383.36462940276,3721.43802337348,61.9612472131848,2744.72420621663,0.321959108114243,0,57.1229397505522,0,13.7257237061858,6805.95797214657,11177.7788504288,88.7646087557077,686.48182400316,762.039183318615,668.159303382039,0.508686721324921,0,0,0,0,0,1.81634759902954,0,0,4.83126869797707,0,0,2.35258066654205,0,0,4.40172661840916,0,2.3682701587677,0,0,1195.59589463472,281.374791100621,6.42451721429825,6.49350047111511,0.448528319597244,440.04631114006,3334.40622737259,30.1962391287088,221.833541080356,1312.56946022809,34.6946920454502,2598.80826959014,1228.02924282849,6965.24980977923,0.837962582707405,88.7646087557077,11112.9522578195,156.086756810546,43.9027840793133,838.068866193295,6.10870546102524,1.93772834539413,1.86830379068851,18.192937925458,27.201928704977,5.95263113081455,18.5710224062204,0.365764319896698,30.300929158926,0,0,1.49875876307487,0,0,1.33835402131081,64.561054289341,2.27971589565277,3.52260878682137,28.0290477275848,0.48625048995018,168.066053420305,3248.41973561049,1197.8253640756,191.82715792954,162.047546029091,212.434460014105,1830.62419154495,929.013762652874,5988.76509317756,1.0190407037735,253.74284145236,215.227441906929,1.85412740707397,57.3179467171431,530.963205844164,686.48182400316,156.086756810546,2097.18570721149,409.886935248971,979.108428403735,30.2808287739754,0.397307947278023,4.52196010947227,44.5870897471905,1.85292252898216,134.489959925413,64.6370955556631,933.599295422435,502.497058615088,0,16.1241729259491,0,2.48429703712463,2.38877594470978,2.92252868413925,150.909956648946,0,0,2189.07235471904,8.37082393467426,112.793025806546,388.751711681485,37.8825227916241,132.102435916662,21.2121524959803,1274.09447218478,963.033305414021,1921.58647741377,5387.45922992378,0,14.2432860434055,34.8951053470373,1.57091408967972,28.9779879301786,11.9907650798559,762.039183318615,43.9027840793133,409.886935248971,4254.24710635841,425.673166170716,0.315501481294632,0,0.221765041351318,4.23762075603008,1.17319846153259,5.69193775951862,21.1066704392433,0.937299251556396,16.2608863264322,0,0,11.0451245605946,0,10.213103890419,1.10718643665314,25.9224114641547,1.66145515441895,0.199493020772934,15.4847584068775,4.57620191574097,277.57199805975,1859.57607155293,222.025733008981,204.417957857251,9.40615674853325,808.807509087026,5554.9283676073,71.8957101553679,761.017005264759,0.133628413081169,0.245676815509796,2588.39094016701,0.579982295632362,171.00018183887,75.0992848724127,668.159303382039,838.068866193295,979.108428403735,425.673166170716,4986.00199650228
