13644.8341487646,1087.69415050745,0,0.483346194028854,0,699.021508529782,2.01693257689476,715.692074298859,0,2552.66552996635,3798.09710977972,712.992366373539,6624.56485319138,2089.73045545816,0,0,743.72561044991,2.8379665017128,63.7686149179935,6.21930573880672,830.061306625605,0,0,0,0,0,0,0,0,420.232164859772,0.709007322788239,0,0,2.05591249465942,0,0,0,0,0,0,1087.69415050745,30965.2365409434,832.942325517535,30.5390715301037,0,318.132417440414,563.165914140642,1998.63231226802,185.62469099462,3.75375075638294,3344.0921997577,3037.2311334312,530.237288683653,738.62148167938,0.366227656602859,19.5088912472129,615.721255764365,3883.54247646034,41.9487969130278,1189.55734983087,0,0.492428749799728,0,0,0,26.0196859538555,3.38614024221897,3.40934252738953,28.88029769063,0,0,0,0,1.134073138237,0,0,0,3.39938378334045,5.89355152845383,1.9517420232296,0,832.942325517535,9201.8258433491,1122.93085387349,2010.65743802488,7.66719669103622,973.380896806717,116.628329128027,2744.02990984917,0,14.068387940526,0,0,0.705410063266754,9208.6635184586,1461.42849913985,0,1017.35838587582,3.40747471153736,0.549782663583755,0,0,0,0,11.9375193119049,2.92197282612324,0,0,12.6802480220795,0,0,0,0,0,0,0.861587405204773,0,0,0,0,0.483346194028854,30.5390715301037,1122.93085387349,3381.03080874681,400.929405778646,127.88211928308,3578.71774033457,9.37220767140388,1045.47208480537,0,5.35973384976387,11.2658010870218,0,15.8585214167833,1529.97392851114,3309.89458488673,49.8283031433821,569.52509367466,80.5828664600849,70.4684303700924,0,0,0,0.868242800235748,2.52723196148872,22.8991042971611,3.44176281988621,0.866769641637802,16.0765188336372,0,0,0,0,0,0,6.9561075642705,0,1.22495916485786,9.18628436326981,0,0,0,2010.65743802488,400.929405778646,1762.65185460448,197.906274557114,108.851345181465,0.483132421970367,1960.94456019998,0,0,0,0,0.235989347100258,1074.58435583115,3778.80449798703,0,207.191336810589,9.43689127266407,0.386057823896408,0,0,11.5672032535076,32.7651421874762,897.430840820074,15.4910095930099,4.11862772703171,0,336.325729891658,0,0,0,0,0,0.344762548804283,52.1148255616426,0,24.2625512629747,1.33908605575562,0,699.021508529782,318.132417440414,7.66719669103622,127.88211928308,197.906274557114,3157.35629563034,2458.70849880576,275.202613741159,668.28804718703,1.19301405549049,7.0231002420187,71.7344633638859,1.11592158675194,1778.89505106211,1.82308040559292,1220.36475650221,181.781694635749,94.0180183947086,666.984443873167,180.719565555453,1.34266793727875,1.36529725790024,1.93280595541,7.72699922323227,18.700445920229,617.08287383616,83.9283737838268,14.8287402242422,198.585964366794,0,0.363705962896347,0,0,2.02164161205292,1.55373720824718,82.051845498383,2.2577123939991,9.95419451594353,306.891516014934,19.2192454338074,2.01693257689476,563.165914140642,973.380896806717,3578.71774033457,108.851345181465,2458.70849880576,16648.8149737343,80.7576913386583,2773.39231745899,0.331688702106476,30.1920625120401,395.687038227916,1.32510089874268,1184.80766752362,94.4854176491499,2234.37190957367,1969.41275273263,1513.78464838862,904.144434869289,3614.03238998353,0,0,0.529882490634918,2.83045357465744,5.38159438967705,132.912759959698,25.2959313839674,0.607507109642029,30.4841059744358,0,0,0,0,0,0.344429433345795,26.0818085819483,0.646406650543213,0.857912763953209,34.3419796079397,3.53891813755035,715.692074298859,1998.63231226802,116.628329128027,9.37220767140388,0.483132421970367,275.202613741159,80.7576913386583,6100.15259456635,627.758317708969,0,2139.92783235013,7.34363183379173,0,25.5313973128796,0,7.52556948363781,2.94532012939453,1405.63408540189,686.160486876965,8.81950116157532,1.26941967010498,0,0,0,0,2.12668824195862,15.083789229393,1.13584122061729,0,0,0,0,0,0,0,3.18627290427685,0,0,12.473590105772,1.64076912403107,0,185.62469099462,2744.02990984917,1045.47208480537,1960.94456019998,668.28804718703,2773.39231745899,627.758317708969,8264.99934533983,0,10.5426852405071,11.8666300177574,0,41.0981692522764,675.645454138517,1044.03826735169,32.6187746822834,6289.79746703804,3533.45787084848,74.4475062936544,0.656760811805725,9.87090313434601,7.11631694436073,16.1909573972225,653.813569933176,311.134621232748,48.8920909315348,19.2053742706776,1052.18779368699,0,0,0.926897406578064,0,1.17979550361633,1.39534130692482,57.7866001203656,3.84898008406162,11.0783604234457,275.787991717458,21.3928298205137,2552.66552996635,3.75375075638294,0,0,0,1.19301405549049,0.331688702106476,0,0,1386.99406263232,9.89191947877407,150.240072622895,888.053925693035,1071.07591921091,0,0,1585.1494821012,0,0,0,89.5497679412365,0,0,0,0,0,0,0,0,108.398871585727,0,0,6.60632735490799,16.735764503479,0,0,0,0,0,0,3798.09710977972,3344.0921997577,14.068387940526,5.35973384976387,0,7.0231002420187,30.1920625120401,2139.92783235013,10.5426852405071,9.89191947877407,5400.9922721833,168.069795250893,820.643893033266,163.863721907139,1.34495520591736,0.901594176888466,60.073716968298,1507.15673103929,1.29028269648552,9.66751201450825,3.00236794352531,0,0,0,0,0,0,0,0,1.73452413082123,0,0,0,0,0,0,0,0,0,0,712.992366373539,3037.2311334312,0,11.2658010870218,0,71.7344633638859,395.687038227916,7.34363183379173,11.8666300177574,150.240072622895,168.069795250893,12097.2953664213,1813.43059721589,2088.45804520696,0,5.50820498168468,2822.82960802317,46.0557077825069,2.32882913947105,1610.23642399907,0,0,0,0,0,0.300351053476334,0,0,1.17366790771484,0,0,0,0,0,0,0,0,0,0,0,6624.56485319138,530.237288683653,0,0,0,1.11592158675194,1.32510089874268,0,0,888.053925693035,820.643893033266,1813.43059721589,6688.19526955485,483.222895696759,0,0,1975.45392011106,0,0,1.83276054263115,8.53706189990044,0,0,0,0,0,0,0,0,4.67031797766685,0,0,0,0.594406187534332,0,0,0,0,0,0,2089.73045545816,738.62148167938,0.705410063266754,15.8585214167833,0.235989347100258,1778.89505106211,1184.80766752362,25.5313973128796,41.0981692522764,1071.07591921091,163.863721907139,2088.45804520696,483.222895696759,8493.53168162704,0,16.5115743875504,5220.07138201594,30.5416811853647,15.6135343313217,262.666985049844,37.1268689930439,0,0,0,0,1.24171364307404,0,0,0,54.0481650531292,0,0,0,78.9462902545929,0,0,0,0,1.62179231643677,0,0,0.366227656602859,9208.6635184586,1529.97392851114,1074.58435583115,1.82308040559292,94.4854176491499,0,675.645454138517,0,1.34495520591736,0,0,0,7050.4312132448,5015.46702127159,0,338.837552800775,0.332054778933525,0,0,0,0,0,0.554095923900604,0.74908185005188,0,0,0,0,0,0,0,0,0,0,0,0,0,0,0,19.5088912472129,1461.42849913985,3309.89458488673,3778.80449798703,1220.36475650221,2234.37190957367,7.52556948363781,1044.03826735169,0,0.901594176888466,5.50820498168468,0,16.5115743875504,5015.46702127159,14373.2780321762,26.8833091706038,492.954006426036,163.830814555287,36.2254251167178,0,0,2.76993770897388,8.62189476191998,48.2861874550581,160.799194902182,19.3527687266469,2.23656548559666,72.1351735964417,0,0,0,0,0,0.23203019797802,65.6096546053886,0.224281683564186,4.44380264729261,13.2634088248014,0.64186903834343,743.72561044991,615.721255764365,0,49.8283031433821,0,181.781694635749,1969.41275273263,2.94532012939453,32.6187746822834,1585.1494821012,60.073716968298,2822.82960802317,1975.45392011106,5220.07138201594,0,26.8833091706038,7284.3671784848,33.0382075160742,0.435095876455307,1184.13877364993,0.359387010335922,0,0,0,0,1.09682264924049,0,0,0.543791517615318,13.9805804789066,0,0,0,3.8688451051712,0,0.533165514469147,0,0,0,1.86880815029144,2.8379665017128,3883.54247646034,1017.35838587582,569.52509367466,207.191336810589,94.0180183947086,1513.78464838862,1405.63408540189,6289.79746703804,0,1507.15673103929,46.0557077825069,0,30.5416811853647,338.837552800775,492.954006426036,33.0382075160742,2426.09903016686,567.566938079894,150.488829284906,0,0,0,0,7.23540778458118,15.8980696201324,2.40965157747269,7.754554271698,12.1538149267435,0,0,0,0,0,0,2.56354188919067,0.307454496622086,0,6.45812165737152,0,63.7686149179935,41.9487969130278,3.40747471153736,80.5828664600849,9.43689127266407,666.984443873167,904.144434869289,686.160486876965,3533.45787084848,0,1.29028269648552,2.32882913947105,0,15.6135343313217,0.332054778933525,163.830814555287,0.435095876455307,567.566938079894,2699.53887972236,20.3352346420288,0,0.50267106294632,0,4.03147824108601,0,517.875994116068,81.9476867839694,218.13439103961,143.345104932785,0,0,0,0,0,0,15.995333969593,0,0,4653.79176907241,5.78324192762375,6.21930573880672,1189.55734983087,0.549782663583755,70.4684303700924,0.386057823896408,180.719565555453,3614.03238998353,8.81950116157532,74.4475062936544,0,9.66751201450825,1610.23642399907,1.83276054263115,262.666985049844,0,36.2254251167178,1184.13877364993,150.488829284906,20.3352346420288,5416.05470912158,0,0.260077029466629,0,1.35474193096161,0,11.8374151885509,2.327383056283,1.9709769487381,5.42252469062805,0,0,0,0,0,0,3.60425320267677,0,0,1.78752160072327,0.315416902303696,830.061306625605,0,0,0,0,1.34266793727875,0,1.26941967010498,0.656760811805725,89.5497679412365,3.00236794352531,0,8.53706189990044,37.1268689930439,0,0,0.359387010335922,0,0,0,17609.6852807105,348.323300659657,0,2.50162962079048,0,1260.58205652237,57.7724367380142,784.246738821268,5.77219811081886,1928.34068073332,3559.20023356378,1187.72053541243,4415.68352805078,3341.71141910553,0,0,822.157401748002,21.0529125332832,4.83632028102875,110.039558492601,0,0.492428749799728,0,0,0,1.36529725790024,0,0,9.87090313434601,0,0,0,0,0,0,0,0,0,0.50267106294632,0.260077029466629,348.323300659657,34710.8242644817,935.982036978006,10.8991609364748,0.847981333732605,211.481589898467,637.630396567285,3042.12040291727,615.997219756246,0,2664.36815039814,3226.50686068833,464.596953675151,387.475550591946,0,5.066774956882,221.643236726522,2995.32249678671,303.71168769151,3140.3520032838,0,0,0,0,11.5672032535076,1.93280595541,0.529882490634918,0,7.11631694436073,0,0,0,0,0,0,2.76993770897388,0,0,0,0,0,935.982036978006,9261.50710533559,559.786195032299,1905.6327817142,6.97897738218307,1751.23500226438,133.291924893856,3512.87925178558,0,4.20101422071457,0.283165752887726,0,0,7477.36574023962,1352.85372693837,0.785511404275894,1554.62843304127,13.8874758780003,9.18229435384274,0,0,0,0.868242800235748,32.7651421874762,7.72699922323227,2.83045357465744,0,16.1909573972225,0,0,0,0,0,0,8.62189476191998,0,0,4.03147824108601,1.35474193096161,2.50162962079048,10.8991609364748,559.786195032299,2591.46631316841,486.250626370311,75.5189033597708,1962.30270896852,151.602855071425,1046.7404332757,0,0.188455924391747,5.93890592455864,0,23.6755997687578,1051.60885058343,2416.39019139111,67.6504186242819,1012.29924942553,126.274774625897,284.514458954334,0,0,11.9375193119049,2.52723196148872,897.430840820074,18.700445920229,5.38159438967705,0,653.813569933176,0,0,0,0,0,0.554095923900604,48.2861874550581,0,7.23540778458118,0,0,0,0.847981333732605,1905.6327817142,486.250626370311,4751.61306868494,219.571642816067,121.578697107732,4.63934030383825,3059.38684997708,0,0,0,0,0.204896911978722,1288.07608097792,5187.65288034081,2.67028184235096,515.571845561266,36.631830573082,5.9269655495882,0,26.0196859538555,2.92197282612324,22.8991042971611,15.4910095930099,617.08287383616,132.912759959698,2.12668824195862,311.134621232748,0,0,0.300351053476334,0,1.24171364307404,0.74908185005188,160.799194902182,1.09682264924049,15.8980696201324,517.875994116068,11.8374151885509,1260.58205652237,211.481589898467,6.97897738218307,75.5189033597708,219.571642816067,4525.80541011691,2413.15240570903,2059.90797287226,728.955220535398,10.7719883918762,38.1671177297831,224.941528528929,16.69657304883,4122.97306205332,5.21963287889957,2675.12442737073,356.608631417155,121.935179881752,971.712437883019,429.717127978802,0,3.38614024221897,0,3.44176281988621,4.11862772703171,83.9283737838268,25.2959313839674,15.083789229393,48.8920909315348,0,0,0,0,0,0,19.3527687266469,0,2.40965157747269,81.9476867839694,2.327383056283,57.7724367380142,637.630396567285,1751.23500226438,1962.30270896852,121.578697107732,2413.15240570903,12950.5575685278,1009.30076768994,2018.02947388589,0,33.8202134519815,231.233230017126,18.4662696868181,1353.52501463145,163.737907454371,2626.50173483044,2495.56163244694,1737.72783660889,2185.79907152802,3966.58009339869,0,3.40934252738953,0,0.866769641637802,0,14.8287402242422,0.607507109642029,1.13584122061729,19.2053742706776,0,0,0,0,0,0,2.23656548559666,0,7.754554271698,218.13439103961,1.9709769487381,784.246738821268,3042.12040291727,133.291924893856,151.602855071425,4.63934030383825,2059.90797287226,1009.30076768994,5342.92059966922,2303.22247210145,0,1529.08475083113,44.4546130150557,10.9940780997276,60.0484134182334,1.81179168820381,169.197049327195,24.1684585660696,2356.76595436037,1907.47739198804,257.99502274394,0,28.88029769063,12.6802480220795,16.0765188336372,336.325729891658,198.585964366794,30.4841059744358,0,1052.18779368699,0,0,1.17366790771484,0,0,0,72.1351735964417,0.543791517615318,12.1538149267435,143.345104932785,5.42252469062805,5.77219811081886,615.997219756246,3512.87925178558,1046.7404332757,3059.38684997708,728.955220535398,2018.02947388589,2303.22247210145,7101.32563042641,0,26.4150354117155,38.1278101801872,3.61530193686485,94.6430835425854,1273.884065561,2390.92444149405,99.6176878362894,4685.01351428032,2672.24343678355,242.849382013083,420.232164859772,0,0,0,0,0,0,0,0,108.398871585727,1.73452413082123,0,4.67031797766685,54.0481650531292,0,0,13.9805804789066,0,0,0,1928.34068073332,0,0,0,0,10.7719883918762,0,0,0,1082.48596420884,14.2261326014996,12.8715142458677,1126.4326749295,1450.59665960073,0,0,1714.35921730101,0,0,0.678085327148438,0.709007322788239,0,0,0,0,0.363705962896347,0,0,0,0,0,0,0,0,0,0,0,0,0,0,3559.20023356378,2664.36815039814,4.20101422071457,0.188455924391747,0,38.1671177297831,33.8202134519815,1529.08475083113,26.4150354117155,14.2261326014996,3700.25164675713,153.558796241879,1660.54602317512,205.242719680071,0,1.40527683496475,65.1831372231245,447.860522389412,31.2816395163536,77.8367056846619,0,0,0,0,0,0,0,0,0.926897406578064,0,0,0,0,0,0,0,0,0,0,0,1187.72053541243,3226.50686068833,0.283165752887726,5.93890592455864,0,224.941528528929,231.233230017126,44.4546130150557,38.1278101801872,12.8715142458677,153.558796241879,12880.4324971586,2115.7440790534,1872.37900350243,0,1.04883974790573,2789.69675915688,76.0973759591579,15.382856413722,2222.07605672628,0,0,0,0,0,0,0,0,0,6.60632735490799,0,0,0,0,0,0,0,0,0,0,4415.68352805078,464.596953675151,0,0,0,16.69657304883,18.4662696868181,10.9940780997276,3.61530193686485,1126.4326749295,1660.54602317512,2115.7440790534,7858.42256945372,907.889770582318,0,0,1546.07206663489,27.4732914716005,0.518318817019463,55.6350784450769,2.05591249465942,1.134073138237,0,0,0,2.02164161205292,0,0,1.17979550361633,16.735764503479,0,0,0.594406187534332,78.9462902545929,0,0,3.8688451051712,0,0,0,3341.71141910553,387.475550591946,0,23.6755997687578,0.204896911978722,4122.97306205332,1353.52501463145,60.0484134182334,94.6430835425854,1450.59665960073,205.242719680071,1872.37900350243,907.889770582318,9713.44203677773,0,6.10537455976009,5359.71944482625,38.6748215034604,31.1944350153208,413.840510770679,0,0,0,0,0.344762548804283,1.55373720824718,0.344429433345795,0,1.39534130692482,0,0,0,0,0,0,0.23203019797802,0,0,0,0,0,0,7477.36574023962,1051.60885058343,1288.07608097792,5.21963287889957,163.737907454371,1.81179168820381,1273.884065561,0,0,0,0,0,7603.83725035191,4990.28998206556,0.538663387298584,1040.22440453619,4.3771760314703,0.879143327474594,0,0,0.861587405204773,6.9561075642705,52.1148255616426,82.051845498383,26.0818085819483,3.18627290427685,57.7866001203656,0,0,0,0,0,0,65.6096546053886,0.533165514469147,2.56354188919067,15.995333969593,3.60425320267677,0,5.066774956882,1352.85372693837,2416.39019139111,5187.65288034081,2675.12442737073,2626.50173483044,169.197049327195,2390.92444149405,0,1.40527683496475,1.04883974790573,0,6.10537455976009,4990.28998206556,17995.5847391188,49.7804290950298,930.656153902411,326.080695070326,106.086411073804,0,0,0,0,0,2.2577123939991,0.646406650543213,0,3.84898008406162,0,0,0,0,0,0,0.224281683564186,0,0.307454496622086,0,0,822.157401748002,221.643236726522,0.785511404275894,67.6504186242819,2.67028184235096,356.608631417155,2495.56163244694,24.1684585660696,99.6176878362894,1714.35921730101,65.1831372231245,2789.69675915688,1546.07206663489,5359.71944482625,0.538663387298584,49.7804290950298,6480.35720866174,45.8577438890934,75.2534299492836,724.833983562887,0,3.39938378334045,0,1.22495916485786,24.2625512629747,9.95419451594353,0.857912763953209,0,11.0783604234457,0,0,0,0,0,0,4.44380264729261,0,0,0,0,21.0529125332832,2995.32249678671,1554.62843304127,1012.29924942553,515.571845561266,121.935179881752,1737.72783660889,2356.76595436037,4685.01351428032,0,447.860522389412,76.0973759591579,27.4732914716005,38.6748215034604,1040.22440453619,930.656153902411,45.8577438890934,1810.16911650449,1220.56362914294,568.119808800519,0,5.89355152845383,0,9.18628436326981,1.33908605575562,306.891516014934,34.3419796079397,12.473590105772,275.787991717458,0,0,0,0,1.62179231643677,0,13.2634088248014,0,6.45812165737152,4653.79176907241,1.78752160072327,4.83632028102875,303.71168769151,13.8874758780003,126.274774625897,36.631830573082,971.712437883019,2185.79907152802,1907.47739198804,2672.24343678355,0,31.2816395163536,15.382856413722,0.518318817019463,31.1944350153208,4.3771760314703,326.080695070326,75.2534299492836,1220.56362914294,3954.05108229816,305.669101059437,0,1.9517420232296,0,0,0,19.2192454338074,3.53891813755035,1.64076912403107,21.3928298205137,0,0,0,0,0,0,0.64186903834343,1.86880815029144,0,5.78324192762375,0.315416902303696,110.039558492601,3140.3520032838,9.18229435384274,284.514458954334,5.9269655495882,429.717127978802,3966.58009339869,257.99502274394,242.849382013083,0.678085327148438,77.8367056846619,2222.07605672628,55.6350784450769,413.840510770679,0.879143327474594,106.086411073804,724.833983562887,568.119808800519,305.669101059437,5723.54373026639
