10830.0415689796,727.648124203086,0,0,0,1326.56789962947,53.186717286706,254.468746691942,5.34089601039886,2530.81361056864,3680.01821278036,698.719330787659,5130.38551089168,2255.00553408265,0,0.498798683285713,875.409746557474,16.3031160235405,145.668091982603,16.7007899582386,1139.22288385034,0,0,0,0,48.1552419066429,0.693319708108902,0,0,137.373452812433,0,0,0.606092751026154,3.48799058794975,0,0.125949144363403,0,0,0,0,727.648124203086,39755.5263067931,1683.94586035609,234.949637532234,44.835902556777,1531.34342797101,6399.22764028609,2048.73226256669,2049.09694503993,7.75913228094578,5354.10167944431,4651.48794722557,779.078760176897,453.519056543708,87.8940146863461,523.241972781718,154.625764816999,4916.28281898797,236.644881807268,4657.12186452746,0,0.192727014422417,2.23462578654289,12.5663244351745,6.99587401747704,7.53006926178932,15.2634847313166,0,6.62366287410259,0,0,0,0,0,1.48251995444298,33.7336883619428,0,0.692298337817192,0,0.290208369493484,0,1683.94586035609,17435.8026845455,439.573579207063,1892.06000974774,16.4396858215332,1330.02205762267,187.926283225417,4062.74137103558,0,20.2562404572964,0,0,2.01933515071869,12468.4528540522,2786.1209237203,0,3727.45351491868,43.958324611187,3.85345508158207,0,8.6361997872591,83.1914760023355,77.5604792386293,177.658385813236,2.3050919175148,15.7153101712465,1.04922999441624,272.281444564462,0,0,0,0,0,59.7393297255039,118.58308840543,0,14.9663757532835,2.24896416068077,1.76130560040474,0,234.949637532234,439.573579207063,2126.59933182597,182.012977406383,61.2679489403963,2724.59807839245,34.6882874965668,883.751725442708,0,16.6831959635019,0,0.42984963953495,1.24508571624756,541.295713827014,1429.31129478663,28.6410620361567,659.384247049689,148.051734387875,29.7825185507536,0,19.6342556774616,58.248141348362,258.75499804318,135.768331930041,89.0017178058624,400.497851379216,14.2017770111561,180.225046142936,0,0.847458273172379,0,0,8.3962781727314,63.635006763041,564.32206068188,6.83536380529404,68.681970000267,14.5949781835079,14.4431336373091,0,44.835902556777,1892.06000974774,182.012977406383,1367.09792639315,748.160362437367,311.544444471598,2.52203303575516,2378.03620220721,0,3.51264825463295,0,0,0,484.633243873715,3024.50112606585,0,357.945300489664,7.35326609015465,0.502843677997589,0,6.92151905596256,107.141366407275,87.0792263820767,225.616277545691,42.9448662996292,24.6236318945885,0,284.859130397439,0,0,0,0,0,58.825013205409,343.914617344737,0,11.2842963635921,2.36880920827389,0,1326.56789962947,1531.34342797101,16.4396858215332,61.2679489403963,748.160362437367,3035.59150096774,4008.01421768963,208.934481039643,758.674213081598,88.5985898524523,832.174625679851,391.495700865984,83.5449120998383,3075.52500000596,1.00065863132477,690.488684594631,614.758951500058,361.529077246785,495.590486936271,326.026484981179,0.213888868689537,1.24656791985035,2.73802137374878,10.512743614614,76.359483063221,197.357296258211,80.7218208909035,2.94099646806717,29.4300915896893,0,0.192648485302925,0,0,13.3081933557987,0,254.196998625994,0.537646800279617,18.3369631618261,6.20299026370049,10.3571485131979,53.186717286706,6399.22764028609,1330.02205762267,2724.59807839245,311.544444471598,4008.01421768963,14553.804485701,70.5669868588448,3095.20333579928,5.17836327850819,223.649058714509,73.5619781166315,34.711741656065,1226.62575530261,168.826088666916,2113.63751000911,2168.00909733772,3916.71501799673,888.000440895557,6022.35734734684,0.551633015275002,2.55502992868423,12.2675221264362,54.3440819233656,29.4294943511486,298.977595463395,302.412414364517,2.92928676307201,51.4725449606776,0,1.13209629058838,0.755576014518738,0,13.2829107344151,8.36769013106823,268.550672255456,1.27204686403275,26.25101390481,22.3297165334225,5.97827816009521,254.468746691942,2048.73226256669,187.926283225417,34.6882874965668,2.52203303575516,208.934481039643,70.5669868588448,4847.64017051458,5313.39564503729,0,2465.91791267693,8.92947441339493,7.98332962393761,3.39205747842789,4.79606011509895,112.61905734241,3.18871080875397,1791.34857146442,1767.53139172494,4.20848745107651,4.71914660930634,1.465700507164,0,2.71648663282394,0,149.283898204565,3.31326246261597,63.7329497337341,10.2053996473551,0,0.257503539323807,0,0,0,0,4.60489292442799,0,0.176355987787247,86.8166908323765,0,5.34089601039886,2049.09694503993,4062.74137103558,883.751725442708,2378.03620220721,758.674213081598,3095.20333579928,5313.39564503729,8838.36178016663,0,1335.62175539136,6.19308452308178,7.50335279107094,112.619142100215,746.739331871271,2710.11298199743,219.574179857969,8282.56133769453,4614.90267898142,252.735757678747,0,19.3599238544703,259.81833653152,127.835124596953,656.928557351232,48.4571621268988,134.73207257688,68.6944031864405,1967.95335279405,0,0,0,0,0.505154967308044,133.239691801369,291.283647947013,2.15447598695755,39.6345311701298,297.300653874874,1.38219337165356,2530.81361056864,7.75913228094578,0,0,0,88.5985898524523,5.17836327850819,0,0,508.582554876804,17.0448337942362,5.66572359204292,576.609893292189,1468.81356346607,0,0.251440107822418,1022.86066916585,0.752779245376587,0,1.11295431852341,179.031987249851,0,0,0,0,0,0,0,0,54.9513015151024,0,0,12.0429587364197,91.4352279007435,0,0,0,0,0,0,3680.01821278036,5354.10167944431,20.2562404572964,16.6831959635019,3.51264825463295,832.174625679851,223.649058714509,2465.91791267693,1335.62175539136,17.0448337942362,5855.88287267089,520.336614489555,2916.54968702048,350.829655833542,0.4096939265728,84.55092471838,23.4187614321709,1301.42956499755,793.274752043188,18.8052631765604,15.2618717849255,0,0,0.633800476789474,1.01805508136749,59.1928239315748,3.94905543327332,0.157857850193977,0.858302235603333,0,0,0,0,1.18249452114105,0,2.72359669208527,0,0.138139888644218,0.746689945459366,0.18611678481102,698.719330787659,4651.48794722557,0,0,0,391.495700865984,73.5619781166315,8.92947441339493,6.19308452308178,5.66572359204292,520.336614489555,11773.0280750096,1213.52417880297,1291.54396679997,0,1.27537003159523,1600.78514438868,9.39662238955498,2.65738566219807,2159.1254452467,0,0,0,0,0,0.162123247981071,1.01161932945251,0,0,0,0,0,0,0,0,0,0,0,0,0,5130.38551089168,779.078760176897,0,0.42984963953495,0,83.5449120998383,34.711741656065,7.98332962393761,7.50335279107094,576.609893292189,2916.54968702048,1213.52417880297,7830.28064520657,546.168664842844,0,4.18289856612682,362.864476516843,11.3310331702232,6.98743185400963,4.06337334215641,145.823064669967,0,0,0,0,2.79033116996288,0.753361433744431,0,0,3.34624409675598,0,0,0,0.226150929927826,0,0.265589654445648,0,0,0,0,2255.00553408265,453.519056543708,2.01933515071869,1.24508571624756,0,3075.52500000596,1226.62575530261,3.39205747842789,112.619142100215,1468.81356346607,350.829655833542,1291.54396679997,546.168664842844,9121.4037507996,0.414191752672195,29.545415237546,4470.64353090525,91.2945879101753,16.4493941813707,100.926864251494,2.27572727203369,0,0,0.82921627163887,0,0.198573291301727,48.3378213495016,0,0.429504573345184,0,0,0,0,313.589643090963,0,6.28688631951809,0,0,0,0,0,87.8940146863461,12468.4528540522,541.295713827014,484.633243873715,1.00065863132477,168.826088666916,4.79606011509895,746.739331871271,0,0.4096939265728,0,0,0.414191752672195,6878.49436087906,2840.04494197667,0,844.013293385506,5.23369657993317,0,0,1.45249611139297,35.0030806511641,63.1868574917316,68.1861677765846,0.651841104030609,5.31910459697247,0.561742320656776,40.2020594030619,0,0,0,0,0,36.7349505722523,81.7951475083828,0,7.54364359378815,0.303415268659592,0,0.498798683285713,523.241972781718,2786.1209237203,1429.31129478663,3024.50112606585,690.488684594631,2113.63751000911,112.61905734241,2710.11298199743,0.251440107822418,84.55092471838,1.27537003159523,4.18289856612682,29.545415237546,2840.04494197667,12029.4653663188,55.6913364231586,1476.11541129649,645.997845165431,101.771543294191,0.236079514026642,33.6013252586126,106.098212167621,312.30834082514,300.052304103971,269.907785214484,401.65864764154,22.7611071318388,347.997416272759,0,1.66402716934681,0.365954667329788,1.32513308525085,12.6729333549738,120.370950847864,1442.97095454484,1.22140614688396,81.0265153422952,26.9394603222609,11.1520608365536,875.409746557474,154.625764816999,0,28.6410620361567,0,614.758951500058,2168.00909733772,3.18871080875397,219.574179857969,1022.86066916585,23.4187614321709,1600.78514438868,362.864476516843,4470.64353090525,0,55.6913364231586,4559.45216611028,343.676233023405,11.5490605831146,979.770397529006,9.94519621133804,0,0,0.398855149745941,0,2.39451402425766,2.09971794486046,0,1.75858750939369,0,0,0,0,0,0,4.68407827615738,0,0.659326612949371,0,0,16.3031160235405,4916.28281898797,3727.45351491868,659.384247049689,357.945300489664,361.529077246785,3916.71501799673,1791.34857146442,8282.56133769453,0.752779245376587,1301.42956499755,9.39662238955498,11.3310331702232,91.2945879101753,844.013293385506,1476.11541129649,343.676233023405,4255.71595361829,604.786920040846,1258.50809563696,0,3.38505490124226,44.0731521844864,37.5656445026398,81.3664117008448,16.8072969764471,39.0610558688641,0,67.4534325748682,0,0,0,0,1.49771998822689,27.5125887691975,103.594302378595,0.244202926754951,22.8234443664551,10.7185527980328,2.44950103759766,145.668091982603,236.644881807268,43.958324611187,148.051734387875,7.35326609015465,495.590486936271,888.000440895557,1767.53139172494,4614.90267898142,0,793.274752043188,2.65738566219807,6.98743185400963,16.4493941813707,5.23369657993317,645.997845165431,11.5490605831146,604.786920040846,2415.64372365177,27.5464647263288,1.78218603134155,4.71075621247292,16.3579843640327,20.8724087029696,3.61330074071884,115.46037080884,95.8910297751427,191.60175140202,685.909176617861,0,10.6231151521206,0,0,3.58508794009686,0,49.2236202731729,2.90634396672249,28.748472571373,813.945224046707,8.25190536677837,16.7007899582386,4657.12186452746,3.85345508158207,29.7825185507536,0.502843677997589,326.026484981179,6022.35734734684,4.20848745107651,252.735757678747,1.11295431852341,18.8052631765604,2159.1254452467,4.06337334215641,100.926864251494,0,101.771543294191,979.770397529006,1258.50809563696,27.5464647263288,3436.5514652282,0,0,0.304866909980774,1.22512567043304,0,1.60455322265625,7.37075850367546,0,0,0,0,0,0,0,0,2.81362763792276,0,0.483723282814026,0,0,1139.22288385034,0,0,0,0,0.213888868689537,0.551633015275002,4.71914660930634,0,179.031987249851,15.2618717849255,0,145.823064669967,2.27572727203369,0,0.236079514026642,9.94519621133804,0,1.78218603134155,0,11781.2245713174,140.002981558442,0,1.55092042684555,0,1245.37320613861,119.955157503486,356.189186021686,30.5659300237894,3225.58564028144,3173.95898011327,205.612203583121,6566.71757423878,2335.13289152086,0,4.50916422903538,906.715332746506,13.7983144819736,351.538422614336,97.4667933732271,0,0.192727014422417,8.6361997872591,19.6342556774616,6.92151905596256,1.24656791985035,2.55502992868423,1.465700507164,19.3599238544703,0,0,0,0,0,1.45249611139297,33.6013252586126,0,3.38505490124226,4.71075621247292,0,140.002981558442,32980.1689806357,2057.97363747656,154.654073923826,57.4283761382103,598.894477516413,5837.9846663177,3681.81883519888,1926.49062022567,2.60272273421288,8821.98404893279,3466.42384673655,431.772973716259,605.540581092238,218.692713737488,234.208491332829,725.610285140574,3162.938276425,583.66778421402,5931.39902237058,0,2.23462578654289,83.1914760023355,58.248141348362,107.141366407275,2.73802137374878,12.2675221264362,0,259.81833653152,0,0,0,0,0,35.0030806511641,106.098212167621,0,44.0731521844864,16.3579843640327,0.304866909980774,0,2057.97363747656,14602.9071136117,701.937107346952,1374.15689060092,5.64077866077423,2739.06903921068,195.677977025509,4115.39674773812,0,1.62483280897141,0.511613115668297,0,1.4148707985878,11722.7000372484,1898.0631955117,1.43491280078888,2828.18635253608,94.1324536651373,21.1144147962332,0,12.5663244351745,77.5604792386293,258.75499804318,87.0792263820767,10.512743614614,54.3440819233656,2.71648663282394,127.835124596953,0,0.633800476789474,0,0,0.82921627163887,63.1868574917316,312.30834082514,0.398855149745941,37.5656445026398,20.8724087029696,1.22512567043304,1.55092042684555,154.654073923826,701.937107346952,1445.35066229105,207.187416315079,53.7606359124184,2169.59317034483,202.926725000143,1244.21261657029,0,17.724390745163,0.252915143966675,0.460527151823044,2.96702076494694,876.075671717525,1826.06398092955,24.9288096278906,646.82143111527,138.377879977226,173.815726727247,0,6.99587401747704,177.658385813236,135.768331930041,225.616277545691,76.359483063221,29.4294943511486,0,656.928557351232,0,1.01805508136749,0,0,0,68.1861677765846,300.052304103971,0,81.3664117008448,3.61330074071884,0,0,57.4283761382103,1374.15689060092,207.187416315079,1774.52579247952,1591.52568283677,81.7551176846027,3.56800374388695,2176.87511309981,0,0.500645339488983,0,0,1.24201202392578,938.436529673636,2381.90764030814,0,138.050902575254,5.05509802699089,2.04180750250816,48.1552419066429,7.53006926178932,2.3050919175148,89.0017178058624,42.9448662996292,197.357296258211,298.977595463395,149.283898204565,48.4571621268988,0,59.1928239315748,0.162123247981071,2.79033116996288,0.198573291301727,0.651841104030609,269.907785214484,2.39451402425766,16.8072969764471,115.46037080884,1.60455322265625,1245.37320613861,598.894477516413,5.64077866077423,53.7606359124184,1591.52568283677,2295.37569840252,2077.18045738339,372.264590352774,1073.76123343408,32.506330370903,438.118823558092,162.206321924925,112.481517389417,1945.41279162467,5.76320140063763,796.540133535862,174.756168141961,160.054418578744,498.685850813985,560.639057353139,0.693319708108902,15.2634847313166,15.7153101712465,400.497851379216,24.6236318945885,80.7218208909035,302.412414364517,3.31326246261597,134.73207257688,0,3.94905543327332,1.01161932945251,0.753361433744431,48.3378213495016,5.31910459697247,401.65864764154,2.09971794486046,39.0610558688641,95.8910297751427,7.37075850367546,119.955157503486,5837.9846663177,2739.06903921068,2169.59317034483,81.7551176846027,2077.18045738339,12793.3272944242,607.602672457695,4011.68407899886,4.40693332254887,196.148883931339,276.4529299438,95.830847710371,1727.80965645611,570.564273573458,1695.67545804381,1264.39118370414,4401.51270662248,1835.53692467511,5455.02113817632,0,0,1.04922999441624,14.2017770111561,0,2.94099646806717,2.92928676307201,63.7329497337341,68.6944031864405,0,0.157857850193977,0,0,0,0.561742320656776,22.7611071318388,0,0,191.60175140202,0,356.189186021686,3681.81883519888,195.677977025509,202.926725000143,3.56800374388695,372.264590352774,607.602672457695,8938.26874053478,3432.76468285918,0,4167.01043970883,13.0197521001101,21.4673451036215,53.1376450955868,18.0816692113876,305.066560968757,26.5644726604223,1622.97251690924,1980.7870631367,69.2233959138393,0,6.62366287410259,272.281444564462,180.225046142936,284.859130397439,29.4300915896893,51.4725449606776,10.2053996473551,1967.95335279405,0,0.858302235603333,0,0,0.429504573345184,40.2020594030619,347.997416272759,1.75858750939369,67.4534325748682,685.909176617861,0,30.5659300237894,1926.49062022567,4115.39674773812,1244.21261657029,2176.87511309981,1073.76123343408,4011.68407899886,3432.76468285918,8000.5514216572,0,431.87156663835,105.210165381432,25.2314859926701,278.941792175174,1865.0629324764,2318.96520422399,157.80795635283,5493.41727383435,4637.83470451832,451.277190804482,137.373452812433,0,0,0,0,0,0,0,0,54.9513015151024,0,0,3.34624409675598,0,0,0,0,0,0,0,3225.58564028144,2.60272273421288,0,0,0,32.506330370903,4.40693332254887,0,0,911.616474866867,8.06110635399818,47.8492950797081,847.204788386822,1546.80601233244,0,0,480.358310103416,0,0.226263135671616,4.73971536755562,0,0,0,0.847458273172379,0,0.192648485302925,1.13209629058838,0.257503539323807,0,0,0,0,0,0,0,1.66402716934681,0,0,10.6231151521206,0,3173.95898011327,8821.98404893279,1.62483280897141,17.724390745163,0.500645339488983,438.118823558092,196.148883931339,4167.01043970883,431.87156663835,8.06110635399818,8720.72213888168,365.312527611852,3258.52824123204,667.880550570786,0.542684137821198,24.8596843332052,179.190991938114,166.040483430028,636.187101408839,84.833661660552,0,0,0,0,0,0,0.755576014518738,0,0,0,0,0,0,0,0,0.365954667329788,0,0,0,0,205.612203583121,3466.42384673655,0.511613115668297,0.252915143966675,0,162.206321924925,276.4529299438,13.0197521001101,105.210165381432,47.8492950797081,365.312527611852,11647.0705821663,2622.75517141819,1378.78676020354,1.55243790149689,1.60206392407417,3906.90012002736,81.3261138349771,31.1491676568985,2827.52361434698,0.606092751026154,0,0,0,0,0,0,0,0,12.0429587364197,0,0,0,0,0,1.32513308525085,0,0,0,0,6566.71757423878,431.772973716259,0,0.460527151823044,0,112.481517389417,95.830847710371,21.4673451036215,25.2314859926701,847.204788386822,3258.52824123204,2622.75517141819,7882.09460403025,1663.20085464418,0,1.01775199174881,2049.25039131939,22.7396984994411,24.0272012650967,40.6233113706112,3.48799058794975,0,0,8.3962781727314,0,13.3081933557987,13.2829107344151,0,0.505154967308044,91.4352279007435,1.18249452114105,0,0.226150929927826,313.589643090963,0,12.6729333549738,0,1.49771998822689,3.58508794009686,0,2335.13289152086,605.540581092238,1.4148707985878,2.96702076494694,1.24201202392578,1945.41279162467,1727.80965645611,53.1376450955868,278.941792175174,1546.80601233244,667.880550570786,1378.78676020354,1663.20085464418,11495.1932595074,2.12997540831566,41.6363604068756,5200.77870295942,96.8928302973509,129.915617063642,754.994504585862,0,1.48251995444298,59.7393297255039,63.635006763041,58.825013205409,0,8.36769013106823,0,133.239691801369,0,0,0,0,0,36.7349505722523,120.370950847864,0,27.5125887691975,0,0,0,218.692713737488,11722.7000372484,876.075671717525,938.436529673636,5.76320140063763,570.564273573458,18.0816692113876,1865.0629324764,0,0.542684137821198,1.55243790149689,0,2.12997540831566,7163.85465827584,4304.61466367543,1.18152809143066,621.773897588253,27.8148790001869,10.6097737848759,0.125949144363403,33.7336883619428,118.58308840543,564.32206068188,343.914617344737,254.196998625994,268.550672255456,4.60489292442799,291.283647947013,0,2.72359669208527,0,0.265589654445648,6.28688631951809,81.7951475083828,1442.97095454484,4.68407827615738,103.594302378595,49.2236202731729,2.81362763792276,4.50916422903538,234.208491332829,1898.0631955117,1826.06398092955,2381.90764030814,796.540133535862,1695.67545804381,305.066560968757,2318.96520422399,0,24.8596843332052,1.60206392407417,1.01775199174881,41.6363604068756,4304.61466367543,10530.1261523962,15.6421236246824,615.19528247416,306.817527636886,59.47577355057,0,0,0,6.83536380529404,0,0.537646800279617,1.27204686403275,0,2.15447598695755,0,0,0,0,0,0,1.22140614688396,0,0.244202926754951,2.90634396672249,0,906.715332746506,725.610285140574,1.43491280078888,24.9288096278906,0,174.756168141961,1264.39118370414,26.5644726604223,157.80795635283,480.358310103416,179.190991938114,3906.90012002736,2049.25039131939,5200.77870295942,1.18152809143066,15.6421236246824,5663.28525359929,100.741283595562,105.543905287981,1249.44244889915,0,0.692298337817192,14.9663757532835,68.681970000267,11.2842963635921,18.3369631618261,26.25101390481,0.176355987787247,39.6345311701298,0,0.138139888644218,0,0,0,7.54364359378815,81.0265153422952,0.659326612949371,22.8234443664551,28.748472571373,0.483723282814026,13.7983144819736,3162.938276425,2828.18635253608,646.82143111527,138.050902575254,160.054418578744,4401.51270662248,1622.97251690924,5493.41727383435,0,166.040483430028,81.3261138349771,22.7396984994411,96.8928302973509,621.773897588253,615.19528247416,100.741283595562,2518.19324588776,492.317191153765,1556.19660927355,0,0,2.24896416068077,14.5949781835079,2.36880920827389,6.20299026370049,22.3297165334225,86.8166908323765,297.300653874874,0,0.746689945459366,0,0,0,0.303415268659592,26.9394603222609,0,10.7185527980328,813.945224046707,0,351.538422614336,583.66778421402,94.1324536651373,138.377879977226,5.05509802699089,498.685850813985,1835.53692467511,1980.7870631367,4637.83470451832,0.226263135671616,636.187101408839,31.1491676568985,24.0272012650967,129.915617063642,27.8148790001869,306.817527636886,105.543905287981,492.317191153765,2732.47222986817,491.296424970031,0,0.290208369493484,1.76130560040474,14.4431336373091,0,10.3571485131979,5.97827816009521,0,1.38219337165356,0,0.18611678481102,0,0,0,0,11.1520608365536,0,2.44950103759766,8.25190536677837,0,97.4667933732271,5931.39902237058,21.1144147962332,173.815726727247,2.04180750250816,560.639057353139,5455.02113817632,69.2233959138393,451.277190804482,4.73971536755562,84.833661660552,2827.52361434698,40.6233113706112,754.994504585862,10.6097737848759,59.47577355057,1249.44244889915,1556.19660927355,491.296424970031,4922.63429039717
