11102.7407678515,208.888469979167,0.278239339590073,3.27926993370056,0,717.132580548525,34.5024267435074,420.572317540646,4.54800060391426,2338.70432062447,3151.54108008742,272.773639678955,8953.56985539198,2378.72334834933,0,3.98987211287022,355.404331043363,15.3932883739471,127.412702083588,41.1653341650963,3368.00749646127,0,0,0,0,18.8362758755684,1.80483666062355,0,0,834.042191624641,0,0,33.7957543730736,2.15176820755005,0,0.366056993603706,0,0,0,0,208.888469979167,40101.4880783409,1075.4070700407,541.254002466798,25.1305564939976,516.781484931707,3892.6792480126,2106.06749950349,2023.40967813134,2.62210237979889,6190.95308679342,1909.91023305058,977.922800138593,636.186791047454,164.072804495692,303.799753196537,583.61024235934,5216.96860721707,355.881725534797,2537.5619699806,0.748339682817459,5.17771223187447,8.92719811201096,19.5580934286118,3.61518529057503,57.5207457840443,19.4966351762414,0.41820439696312,7.15975488722324,0,0.236926734447479,2.14387133717537,0,3.33351448178291,3.59800213575363,95.8985160961747,0.59453284740448,0.218385756015778,1.61079283058643,3.1734367609024,0.278239339590073,1075.4070700407,19795.813345015,1183.85707819462,1723.15244060755,18.1129817664623,2169.59220261127,14.1440167427063,5062.70250163227,0,6.16239587962627,1.85117723047733,0,1.7033958286047,11227.3611265123,3231.09275439382,1.76610526442528,2186.25551182777,18.0089276731014,29.1695717275143,0,8.16393846273422,380.585220694542,24.9163730740547,174.873667985201,2.66799119114876,6.74124911427498,0.690548658370972,194.333166077733,0,0,0.622709572315216,0.189713045954704,1.87174414098263,64.3657655417919,246.708676233888,0,9.55962313711643,1.91812425851822,1.39239874482155,3.27926993370056,541.254002466798,1183.85707819462,3579.79178513587,195.371520966291,85.6887418925762,2995.52227913588,210.864132076502,1859.3679934293,0,36.6879753917456,32.1416015326977,9.19753378629684,90.0391152352095,960.382535681129,1795.09606796503,111.628258302808,432.174747750163,684.116024404764,299.336842924356,0.222589373588562,33.2356515899301,63.5773445144296,177.261011622846,93.1958969831467,89.7857175841928,214.800320118666,9.72643468528986,160.903224945068,0,0.73282390832901,4.63745200634003,4.34142370522022,14.025354206562,39.5655254200101,618.747033059597,11.2946937829256,41.3784207552671,67.63854393363,38.3449219614267,0,25.1305564939976,1723.15244060755,195.371520966291,1379.32569307089,1588.61101865768,56.2929451912642,2.37606298923492,2672.79173707962,0,0,0,0.306382566690445,0,718.170047625899,3743.75569363683,0,291.950404942036,73.1441967785358,3.59010276198387,0,2.49232628941536,69.6408531665802,18.3623430579901,310.018491774797,182.983776062727,14.5033493936062,0,468.647100403905,0,0,0,0,0.724953681230545,49.0759582519531,372.31256159395,0.654208540916443,11.9722386598587,0,0,717.132580548525,516.781484931707,18.1129817664623,85.6887418925762,1588.61101865768,5258.25337143242,2783.16829332709,919.217962801456,466.622482821345,20.7554748952389,148.11720892787,253.753430336714,89.5019993185997,2700.51075835526,19.0573850870132,2469.59735552222,957.278271108866,117.632389783859,1027.9257439971,348.121144518256,0.926736414432526,3.20349980890751,0.24505341053009,8.67622083425522,100.290776520967,501.718237176538,602.713580131531,5.54070915281773,16.7487255036831,0,0.911211669445038,0,0,50.779500156641,3.21465054154396,573.518692404032,2.1473548412323,1.06018395721912,24.2453478872776,17.8684985339642,34.5024267435074,3892.6792480126,2169.59220261127,2995.52227913588,56.2929451912642,2783.16829332709,22548.4334301949,333.238351836801,1990.75740835071,9.40166449546814,101.751530379057,426.124075502157,93.9142456501722,2499.45826741308,243.796971693635,1769.12028019875,4354.61131314933,1212.08805935085,1686.90444283187,4744.33548998833,0,46.0422592610121,22.646344974637,116.083652853966,22.6293645501137,449.480574756861,2337.65626592189,29.0212772935629,101.655225604773,0,2.99778699874878,13.0547075867653,3.41999204456806,93.8247894793749,19.4784061461687,562.542543016374,34.000670388341,41.2709224671125,109.26717697084,156.459320560098,420.572317540646,2106.06749950349,14.1440167427063,210.864132076502,2.37606298923492,919.217962801456,333.238351836801,2673.53840480745,4294.88716340065,1.63992083072662,2506.29684183002,1.51962640881538,19.7643942683935,33.4084211140871,0.522506356239319,159.036542519927,19.0708487033844,904.781030535698,1335.57832580805,52.754935503006,2.99928760528564,0,0.1381546407938,1.67245987057686,0,37.7005784064531,18.2735740244389,43.2107331603765,36.7578691840172,0,0,3.21450161933899,0,0,0,24.4318124204874,3.2506582736969,4.89666652679443,208.22696377337,0,4.54800060391426,2023.40967813134,5062.70250163227,1859.3679934293,2672.79173707962,466.622482821345,1990.75740835071,4294.88716340065,11330.2534686029,0,824.556369155645,30.6629184484482,12.9150178432465,52.7240741848946,850.392720118165,1818.26047492772,99.931630089879,7910.35141919553,4358.69670251012,187.969063416123,0,25.2897444665432,200.919218122959,149.676638051867,592.481193855405,254.260672718287,151.950563296676,29.4097455441952,2055.04787945747,0,0,5.1668668538332,2.01116919517517,3.64393416047096,119.917133644223,549.089265495539,0.891109779477119,47.9454483836889,269.375271305442,54.920873850584,2338.70432062447,2.62210237979889,0,0,0,20.7554748952389,9.40166449546814,1.63992083072662,0,1363.99611583352,30.1220946907997,107.320785745978,1971.14723953605,862.248169578612,0,0,2539.32481791079,0,1.33950555324554,1.48576402664185,606.622282028198,0,0,0,0,0,0.213941037654877,0,0,1054.1238020584,0,0,135.378400176764,8.04064816236496,0,0,0,0,0,0,3151.54108008742,6190.95308679342,6.16239587962627,36.6879753917456,0,148.11720892787,101.751530379057,2506.29684183002,824.556369155645,30.1220946907997,6567.34032177925,166.198881819844,3048.85412682593,231.624062433839,0.229548886418343,16.7701354324818,102.286775127053,1091.87475474179,16.1847127974033,121.738272950053,28.681577950716,0,0,1.11555373668671,0,8.30930760502815,1.21107432246208,1.66071331501007,0,7.50502705574036,0,0,0,0.440180212259293,0,2.47703213989735,0,0,0,0,272.773639678955,1909.91023305058,1.85117723047733,32.1416015326977,0,253.753430336714,426.124075502157,1.51962640881538,30.6629184484482,107.320785745978,166.198881819844,11324.5570310503,1444.88955906034,1493.46957163513,0.298764824867249,18.4310586303473,2908.8960147202,51.8159214258194,22.5677861869335,2289.18337991834,2.23566949367523,0.292503386735916,0,2.08535706996918,0,14.1930921971798,14.2835999578238,0,1.43084621429443,6.31541734933853,0,0,0,3.40545177459717,0,6.55304597318172,0,0,0.133460581302643,2.41195550560951,8953.56985539198,977.922800138593,0,9.19753378629684,0.306382566690445,89.5019993185997,93.9142456501722,19.7643942683935,12.9150178432465,1971.14723953605,3048.85412682593,1444.88955906034,7541.11126378179,1246.06391566992,0,9.63493870198727,603.653675928712,45.5059620141983,7.35037872195244,93.6760603636503,266.712670266628,0,0,0,0,5.59219014644623,3.31479533016682,0,0,386.950961023569,0,0,0,0.580970227718353,0,0.133251965045929,0,0,0,0,2378.72334834933,636.186791047454,1.7033958286047,90.0391152352095,0,2700.51075835526,2499.45826741308,33.4084211140871,52.7240741848946,862.248169578612,231.624062433839,1493.46957163513,1246.06391566992,10762.9603603333,1.4568735063076,110.8407343328,5912.37850865722,72.1507691144943,193.441809087992,520.781610310078,256.434462532401,1.9405657351017,0.345015525817871,5.22971354424953,0.640328407287598,103.086847960949,261.749629884958,1.61626839637756,3.38112968206406,167.194385543466,0.387968420982361,0,0,1152.71296644211,0,29.7893579080701,0,0,12.2181968986988,9.76099716126919,0,164.072804495692,11227.3611265123,960.382535681129,718.170047625899,19.0573850870132,243.796971693635,0.522506356239319,850.392720118165,0,0.229548886418343,0.298764824867249,0,1.4568735063076,7761.60337841511,4827.34341885895,4.5352608859539,688.664056912065,9.2365370541811,16.2463468909264,0,3.3075517565012,12.8413133174181,7.53969648480415,42.4159369319677,4.1081859767437,1.67496126890182,0,25.1408907473087,0,0,0,0,0,22.1354582607746,79.6571299657226,0,0,0,0,3.98987211287022,303.799753196537,3231.09275439382,1795.09606796503,3743.75569363683,2469.59735552222,1769.12028019875,159.036542519927,1818.26047492772,0,16.7701354324818,18.4310586303473,9.63493870198727,110.8407343328,4827.34341885895,17269.1595396549,72.6193957850337,599.301783643663,589.430416181684,118.804771661758,0.595301389694214,66.7615337520838,141.594268664718,302.315963193774,646.809126704931,518.320663481951,626.405152074993,34.352927044034,272.925569713116,0,2.22782088816166,12.2755098566413,4.69087213277817,39.698896586895,122.615292489529,2989.64554786682,34.820542037487,59.6011075824499,88.7710317745805,121.451105877757,355.404331043363,583.61024235934,1.76610526442528,111.628258302808,0,957.278271108866,4354.61131314933,19.0708487033844,99.931630089879,2539.32481791079,102.286775127053,2908.8960147202,603.653675928712,5912.37850865722,4.5352608859539,72.6193957850337,6762.30377674103,66.1730702519417,172.288126409054,960.663445264101,21.2953473329544,2.34411856532097,1.5242680311203,1.48137426376343,0,59.2851228863001,60.8650277704,1.34441089630127,2.49098905920982,132.206660091877,0,0,0,193.247286260128,0,21.5516812726855,0,0.383396565914154,7.87936529517174,9.11634039878845,15.3932883739471,5216.96860721707,2186.25551182777,432.174747750163,291.950404942036,117.632389783859,1212.08805935085,904.781030535698,7910.35141919553,0,1091.87475474179,51.8159214258194,45.5059620141983,72.1507691144943,688.664056912065,599.301783643663,66.1730702519417,2473.25800026953,356.21130900085,464.978338748217,0,2.89370256662369,11.9761092811823,44.2194393277168,47.5218687206507,14.7930849194527,20.7956436127424,0,44.1417086571455,0,0,0,0,2.68157412111759,18.2601919323206,170.976497337222,0.326012223958969,11.124583542347,4.99472293257713,5.70438574254513,127.412702083588,355.881725534797,18.0089276731014,684.116024404764,73.1441967785358,1027.9257439971,1686.90444283187,1335.57832580805,4358.69670251012,1.33950555324554,16.1847127974033,22.5677861869335,7.35037872195244,193.441809087992,9.2365370541811,589.430416181684,172.288126409054,356.21130900085,2352.42352488637,355.334998458624,2.2698380947113,5.34497218579054,11.0346038639545,12.5188201218843,1.17108225822449,428.425211727619,104.377455174923,281.885236650705,492.146944507957,0,0,3.4213604927063,0,8.51499152183533,1.28093990683556,148.695240162313,2.26892614364624,22.5270738303661,5294.59841997921,27.041832536459,41.1653341650963,2537.5619699806,29.1695717275143,299.336842924356,3.59010276198387,348.121144518256,4744.33548998833,52.754935503006,187.969063416123,1.48576402664185,121.738272950053,2289.18337991834,93.6760603636503,520.781610310078,16.2463468909264,118.804771661758,960.663445264101,464.978338748217,355.334998458624,3952.87956096232,0,7.5798405110836,0.238068535923958,11.758801355958,0,85.6090275794268,78.8458501547575,2.89869603514671,8.3285021930933,0.17669378221035,0,7.12722438573837,0.518875420093536,6.80836184322834,0.215287208557129,46.1509111747146,6.4943950176239,2.05546477437019,6.76000435650349,34.8260696530342,3368.00749646127,0.748339682817459,0,0.222589373588562,0,0.926736414432526,0,2.99928760528564,0,606.622282028198,28.681577950716,2.23566949367523,266.712670266628,256.434462532401,0,0.595301389694214,21.2953473329544,0,2.2698380947113,0,17776.1748541296,157.567532815039,2.83696889877319,2.76779019832611,0,526.675449803472,33.0813652873039,1231.53062513471,0.534195810556412,4277.16090877354,3320.93956264853,808.498038575053,12183.9740313441,2495.9046138972,0,2.59896546602249,257.402997970581,2.69026784598827,93.7269143164158,15.9948490858078,0,5.17771223187447,8.16393846273422,33.2356515899301,2.49232628941536,3.20349980890751,46.0422592610121,0,25.2897444665432,0,0,0.292503386735916,0,1.9405657351017,3.3075517565012,66.7615337520838,2.34411856532097,2.89370256662369,5.34497218579054,7.5798405110836,157.567532815039,29641.1782755703,1275.69203986228,345.012236334383,67.468774035573,753.077086471021,3609.29467025399,4199.45437265933,1803.99536912888,0,4140.63149216771,1972.84892531484,334.121192075312,407.03451295197,192.132010921836,572.047614999115,242.920804798603,3903.73543827236,232.754900433123,2903.36018619686,0,8.92719811201096,380.585220694542,63.5773445144296,69.6408531665802,0.24505341053009,22.646344974637,0.1381546407938,200.919218122959,0,0,0,0,0.345015525817871,12.8413133174181,141.594268664718,1.5242680311203,11.9761092811823,11.0346038639545,0.238068535923958,2.83696889877319,1275.69203986228,17255.5393643379,1101.4591820091,1329.13591180742,14.0127779841423,4276.36750971526,68.4095601439476,6937.97135016322,0,6.17888063192368,14.4471653997898,1.12673522531986,3.99132069945335,10728.3602794334,2462.15052201599,7.08008030056953,1991.58245380223,28.6674987375736,118.145875200629,0,19.5580934286118,24.9163730740547,177.261011622846,18.3623430579901,8.67622083425522,116.083652853966,1.67245987057686,149.676638051867,0,1.11555373668671,2.08535706996918,0,5.22971354424953,7.53969648480415,302.315963193774,1.48137426376343,44.2194393277168,12.5188201218843,11.758801355958,2.76779019832611,345.012236334383,1101.4591820091,3446.8509708643,191.511046126485,44.2038699090481,3495.29273236543,91.2612902224064,1499.36676566303,0,6.96088346838951,83.1313355267048,12.0589204281569,17.3329536616802,2032.37258045375,2027.00295566022,27.2257756739855,433.013206154108,204.781065769494,699.318522229791,0,3.61518529057503,174.873667985201,93.1958969831467,310.018491774797,100.290776520967,22.6293645501137,0,592.481193855405,0,0,0,0,0.640328407287598,42.4159369319677,646.809126704931,0,47.5218687206507,1.17108225822449,0,0,67.468774035573,1329.13591180742,191.511046126485,1194.05095914006,1593.99092449248,157.565391331911,0.870915472507477,3072.66875379533,0,0,3.81436486542225,0.78499510884285,1.92951184511185,833.754739806056,3371.31884662807,3.28312194347382,147.894981473684,17.1344341486692,22.3126296252012,18.8362758755684,57.5207457840443,2.66799119114876,89.7857175841928,182.983776062727,501.718237176538,449.480574756861,37.7005784064531,254.260672718287,0,8.30930760502815,14.1930921971798,5.59219014644623,103.086847960949,4.1081859767437,518.320663481951,59.2851228863001,14.7930849194527,428.425211727619,85.6090275794268,526.675449803472,753.077086471021,14.0127779841423,44.2038699090481,1593.99092449248,5154.80586411804,2162.40815149248,1245.72622689605,107.175300307572,9.24337422847748,109.658399447799,201.073392502964,198.472121238708,2888.7445383817,14.5703556239605,1597.76309000701,412.935988247395,135.628775656223,2008.50030037761,346.608136668801,1.80483666062355,19.4966351762414,6.74124911427498,214.800320118666,14.5033493936062,602.713580131531,2337.65626592189,18.2735740244389,151.950563296676,0.213941037654877,1.21107432246208,14.2835999578238,3.31479533016682,261.749629884958,1.67496126890182,626.405152074993,60.8650277704,20.7956436127424,104.377455174923,78.8458501547575,33.0813652873039,3609.29467025399,4276.36750971526,3495.29273236543,157.565391331911,2162.40815149248,23896.7611596137,383.429229862988,1721.46998507529,0.374936759471893,73.4797627180815,726.72901584208,230.004515148699,2250.70783632249,295.56367983669,2546.19386290759,3714.24570952356,1148.01990892738,1192.98385093361,6968.94689875096,0,0.41820439696312,0.690548658370972,9.72643468528986,0,5.54070915281773,29.0212772935629,43.2107331603765,29.4097455441952,0,1.66071331501007,0,0,1.61626839637756,0,34.352927044034,1.34441089630127,0,281.885236650705,2.89869603514671,1231.53062513471,4199.45437265933,68.4095601439476,91.2612902224064,0.870915472507477,1245.72622689605,383.429229862988,5535.09677895904,2613.83820107579,1.21938446164131,5166.07543681562,11.2807456701994,35.5456958264112,224.815146178007,3.65144136548042,254.459048993886,10.0617853701115,949.201546467841,2346.00425069034,117.106140121818,0,7.15975488722324,194.333166077733,160.903224945068,468.647100403905,16.7487255036831,101.655225604773,36.7578691840172,2055.04787945747,0,0,1.43084621429443,0,3.38112968206406,25.1408907473087,272.925569713116,2.49098905920982,44.1417086571455,492.146944507957,8.3285021930933,0.534195810556412,1803.99536912888,6937.97135016322,1499.36676566303,3072.66875379533,107.175300307572,1721.46998507529,2613.83820107579,10218.8119840398,0,206.94570967555,34.6366216391325,9.6282422542572,28.4072477817535,1198.65924726427,1681.36702743918,31.0041817873716,4646.64562021941,3688.4186360389,267.40003490448,834.042191624641,0,0,0,0,0,0,0,0,1054.1238020584,7.50502705574036,6.31541734933853,386.950961023569,167.194385543466,0,0,132.206660091877,0,0,0.17669378221035,4277.16090877354,0,0,0,0,9.24337422847748,0.374936759471893,1.21938446164131,0,2196.54444746673,38.919409096241,11.5031657963991,3281.71454018354,1120.74102729559,0,0,890.06595480442,0,0,1.36272270977497,0,0.236926734447479,0,0.73282390832901,0,0.911211669445038,2.99778699874878,0,0,0,0,0,0,0.387968420982361,0,2.22782088816166,0,0,0,0,3320.93956264853,4140.63149216771,6.17888063192368,6.96088346838951,0,109.658399447799,73.4797627180815,5166.07543681562,206.94570967555,38.919409096241,7917.82840031385,37.0609339177608,3009.34857399762,133.257677271962,0,28.0813435912132,10.7163141667843,269.697284445167,108.108439356089,24.8986758291721,0,2.14387133717537,0.622709572315216,4.63745200634003,0,0,13.0547075867653,3.21450161933899,5.1668668538332,0,0,0,0,0,0,12.2755098566413,0,0,3.4213604927063,7.12722438573837,808.498038575053,1972.84892531484,14.4471653997898,83.1313355267048,3.81436486542225,201.073392502964,726.72901584208,11.2807456701994,34.6366216391325,11.5031657963991,37.0609339177608,11720.9544463009,1699.4849909395,2196.67285063863,5.79094828665257,62.8342416658998,3436.09443019331,82.0022904127836,31.3325567394495,2041.56791506708,33.7957543730736,0,0.189713045954704,4.34142370522022,0,0,3.41999204456806,0,2.01116919517517,135.378400176764,0,0,0,0,0,4.69087213277817,0,0,0,0.518875420093536,12183.9740313441,334.121192075312,1.12673522531986,12.0589204281569,0.78499510884285,198.472121238708,230.004515148699,35.5456958264112,9.6282422542572,3281.71454018354,3009.34857399762,1699.4849909395,9128.15541905165,3628.91170911491,0.638287752866745,27.302230283618,1059.82009145617,27.512819558382,13.9810967296362,152.145737528801,2.15176820755005,3.33351448178291,1.87174414098263,14.025354206562,0.724953681230545,50.779500156641,93.8247894793749,0,3.64393416047096,8.04064816236496,0.440180212259293,3.40545177459717,0.580970227718353,1152.71296644211,0,39.698896586895,193.247286260128,2.68157412111759,8.51499152183533,6.80836184322834,2495.9046138972,407.03451295197,3.99132069945335,17.3329536616802,1.92951184511185,2888.7445383817,2250.70783632249,224.815146178007,28.4072477817535,1120.74102729559,133.257677271962,2196.67285063863,3628.91170911491,10601.3329998776,1.45973604917526,103.988420665264,6239.27516114712,58.8276533782482,113.133018791676,280.17647254467,0,3.59800213575363,64.3657655417919,39.5655254200101,49.0759582519531,3.21465054154396,19.4784061461687,0,119.917133644223,0,0,0,0,0,22.1354582607746,122.615292489529,0,18.2601919323206,1.28093990683556,0.215287208557129,0,192.132010921836,10728.3602794334,2032.37258045375,833.754739806056,14.5703556239605,295.56367983669,3.65144136548042,1198.65924726427,0,0,5.79094828665257,0.638287752866745,1.45973604917526,10715.1802986264,6469.50924945623,2.45385453104973,404.687238663435,16.2302614450455,24.9116947203875,0.366056993603706,95.8985160961747,246.708676233888,618.747033059597,372.31256159395,573.518692404032,562.542543016374,24.4318124204874,549.089265495539,0,2.47703213989735,6.55304597318172,0.133251965045929,29.7893579080701,79.6571299657226,2989.64554786682,21.5516812726855,170.976497337222,148.695240162313,46.1509111747146,2.59896546602249,572.047614999115,2462.15052201599,2027.00295566022,3371.31884662807,1597.76309000701,2546.19386290759,254.459048993886,1681.36702743918,0,28.0813435912132,62.8342416658998,27.302230283618,103.988420665264,6469.50924945623,15313.8715378568,98.5646831393242,402.437077455223,608.492732770741,279.669952176511,0,0.59453284740448,0,11.2946937829256,0.654208540916443,2.1473548412323,34.000670388341,3.2506582736969,0.891109779477119,0,0,0,0,0,0,34.820542037487,0,0.326012223958969,2.26892614364624,6.4943950176239,257.402997970581,242.920804798603,7.08008030056953,27.2257756739855,3.28312194347382,412.935988247395,3714.24570952356,10.0617853701115,31.0041817873716,890.06595480442,10.7163141667843,3436.09443019331,1059.82009145617,6239.27516114712,2.45385453104973,98.5646831393242,5421.9399214536,66.856448829174,52.2021123170853,736.270975917578,0,0.218385756015778,9.55962313711643,41.3784207552671,11.9722386598587,1.06018395721912,41.2709224671125,4.89666652679443,47.9454483836889,0,0,0,0,0,0,59.6011075824499,0.383396565914154,11.124583542347,22.5270738303661,2.05546477437019,2.69026784598827,3903.73543827236,1991.58245380223,433.013206154108,147.894981473684,135.628775656223,1148.01990892738,949.201546467841,4646.64562021941,0,269.697284445167,82.0022904127836,27.512819558382,58.8276533782482,404.687238663435,402.437077455223,66.856448829174,2476.19196500629,192.872412472963,406.394175752997,0,1.61079283058643,1.91812425851822,67.63854393363,0,24.2453478872776,109.26717697084,208.22696377337,269.375271305442,0,0,0.133460581302643,0,12.2181968986988,0,88.7710317745805,7.87936529517174,4.99472293257713,5294.59841997921,6.76000435650349,93.7269143164158,232.754900433123,28.6674987375736,204.781065769494,17.1344341486692,2008.50030037761,1192.98385093361,2346.00425069034,3688.4186360389,0,108.108439356089,31.3325567394495,13.9810967296362,113.133018791676,16.2302614450455,608.492732770741,52.2021123170853,192.872412472963,2613.64681322873,240.678536854684,0,3.1734367609024,1.39239874482155,38.3449219614267,0,17.8684985339642,156.459320560098,0,54.920873850584,0,0,2.41195550560951,0,9.76099716126919,0,121.451105877757,9.11634039878845,5.70438574254513,27.041832536459,34.8260696530342,15.9948490858078,2903.36018619686,118.145875200629,699.318522229791,22.3126296252012,346.608136668801,6968.94689875096,117.106140121818,267.40003490448,1.36272270977497,24.8986758291721,2041.56791506708,152.145737528801,280.17647254467,24.9116947203875,279.669952176511,736.270975917578,406.394175752997,240.678536854684,6461.10848487914
