11562.4553818107,1110.42058464885,0,0,0,403.466962650418,1.35605476796627,785.528184294701,1.48989546298981,1976.87307247519,2265.74662840366,1217.61789008975,5981.67648607492,3956.17754663527,0,0,996.580662727356,6.56903366744518,245.566425278783,13.8580925166607,1597.1694009304,0,0,0,0,57.3666041493416,0,30.535505771637,0,696.941197142005,0,0,0,199.430437475443,0,0,0,0,0,0,1110.42058464885,25906.257743001,1892.9649849385,5.51940180361271,6.31098897755146,151.303603336215,2026.61868071556,2742.40942516923,858.441155493259,1.10645353794098,2556.58228743076,4218.92095987499,737.018346220255,315.659066915512,1.10372544825077,38.0667300373316,501.569839715958,5279.27867537737,42.6036739647388,2211.7828437835,0,0,0,0,0,1.27522632479668,0,0,0,0,0,0,0,0.801320433616638,0,0,0,0,0,0,0,1892.9649849385,15784.6793527305,937.916298508644,3319.14102268219,0.932044968008995,2384.55243250728,1110.5420794785,4123.07979947329,0,0.217888131737709,0.883226871490479,0,2.51936739683151,10150.7252616286,1301.34142868221,4.50247621536255,5630.29093150795,71.099649772048,39.7889616340399,0,0,125.195750892162,0,156.493701815605,0,0,0,0,0,0,0,0,0,3.34722349047661,35.469735622406,0,0,0,0,0,5.51940180361271,937.916298508644,2227.99639630318,1064.29191881418,32.1756872460246,2593.45385840535,0,392.192851439118,0,0.755256071686745,4.57326757907867,0,15.3072816133499,1486.04910953343,2216.99186073244,18.0648385286331,648.666208148003,22.3202178478241,107.183903731406,0,0,0,0,0,0,0,0,0,0,0,0,0,0,0,0,0,0,0,0,0,6.31098897755146,3319.14102268219,1064.29191881418,735.37718243897,192.355013161898,214.155633211136,0,1210.96408449113,0,0,0.91461443901062,0,1.11820286512375,1536.22237205505,4425.68512575328,2.37748858332634,998.231682211161,37.8418281674385,17.9030638188124,0,0,108.160980552435,0,1230.27576822042,399.60481595993,1.72916895151138,0,5.13607054948807,0,0,0,0,0,8.45447945594788,226.135135501623,0,0.621687948703766,0.415646314620972,0,403.466962650418,151.303603336215,0.932044968008995,32.1756872460246,192.355013161898,6655.37990904599,2496.52511361986,676.273394212127,531.744843825698,24.7793297320604,26.3471318930387,312.247349865735,27.5679942816496,5126.93162124604,0,2458.81895834953,822.538416512311,21.0630409121513,748.582260772586,178.8729512766,7.35156810283661,2.00536923110485,0,13.6203422993422,376.013209015131,2089.38212931156,28.2392686754465,0.515184223651886,62.8044268786907,2.21833941340446,0,3.43024817109108,0,83.2288049608469,0,120.506496943533,3.33580011129379,6.61457549035549,0,2.50999216735363,1.35605476796627,2026.61868071556,2384.55243250728,2593.45385840535,214.155633211136,2496.52511361986,21272.4260544032,6.46198850870132,589.131198137999,0,26.5753756016493,313.608554527164,0.632022947072983,3321.98974005878,118.528035417199,4023.84548762441,3676.29617798328,3942.23357793689,131.742877006531,4077.20521077514,0,1.00858521461487,0,1.0185536891222,0,86.282369568944,63.2800993323326,0.549343585968018,1.29726302623749,0,0,0,0,0,0,16.6007375717163,0.155654117465019,0,0,0.256875991821289,785.528184294701,2742.40942516923,1110.5420794785,0,0,676.273394212127,6.46198850870132,3116.45286595821,1058.77312812209,0.358368009328842,2525.34784834087,280.78881944716,34.3484889566898,132.947193697095,0,0.515373229980469,25.3145444244146,1714.90902012587,582.14092373848,32.1305441707373,14.3542336523533,0,0,0,0,1.35356140136719,0,4.61690172553062,0,0,0,0,0,0.303836464881897,0,0,0,0,4.01228857040405,0,1.48989546298981,858.441155493259,4123.07979947329,392.192851439118,1210.96408449113,531.744843825698,589.131198137999,1058.77312812209,11339.8863598406,0,21.3241045773029,34.6298971772194,0.439824029803276,20.1275308430195,448.835512846708,100.878969863057,30.295101672411,7330.37837028503,4562.34638696909,145.310640916228,0,0,0,0,39.8247403502464,86.0748300254345,19.2464478313923,0,65.4656541347504,0,0,0,0,0,0,39.8681949824095,2.38773936033249,3.07500195503235,278.000980764627,0.218894496560097,1976.87307247519,1.10645353794098,0,0,0,24.7793297320604,0,0.358368009328842,0,1635.86113917828,2.84613621234894,68.872290790081,458.04939609766,2211.45479887724,0,0,1195.24184155464,0,0,0.282934159040451,181.798030391335,0,0,0,0,0,0,0,0,1036.65140891075,0,0,0,351.625332027674,0,0,0,0,0,0,2265.74662840366,2556.58228743076,0.217888131737709,0.755256071686745,0,26.3471318930387,26.5753756016493,2525.34784834087,21.3241045773029,2.84613621234894,3543.85101351142,256.809652581811,1566.6576706022,104.651895880699,0,3.53423823416233,46.9634847193956,202.151599571109,22.1214831471443,87.385773152113,7.6821229159832,0,0,0,0,0.180642917752266,0,0.433082908391953,0,0,0,0,0,0,0,0,0,0,0,0,1217.61789008975,4218.92095987499,0.883226871490479,4.57326757907867,0.91461443901062,312.247349865735,313.608554527164,280.78881944716,34.6298971772194,68.872290790081,256.809652581811,7901.48057864606,1116.28117538989,2223.22387536615,0.1431934684515,35.2356627136469,3424.6236550808,281.459168314934,2.24656009674072,2314.69996963441,2.01856717467308,1.24944388866425,0,0,0,3.39392541348934,0,0,0,0,0,0,0,12.5484210550785,0,0,0,0,0,0,5981.67648607492,737.018346220255,0,0,0,27.5679942816496,0.632022947072983,34.3484889566898,0.439824029803276,458.04939609766,1566.6576706022,1116.28117538989,4625.41546364129,381.677246436477,0,0,494.466390058398,6.56139799952507,3.81957963109016,5.588314473629,42.965009778738,0,0,0,0,0.134959205985069,0,0,0,87.5083367824554,0,0,0,4.01651766896248,0,0,0,0,0,0,3956.17754663527,315.659066915512,2.51936739683151,15.3072816133499,1.11820286512375,5126.93162124604,3321.98974005878,132.947193697095,20.1275308430195,2211.45479887724,104.651895880699,2223.22387536615,381.677246436477,11892.5295210183,0.468093127012253,230.951227344573,6423.45789247751,91.0739016085863,75.9648712426424,485.617111057043,253.94236689806,0.694425165653229,0,0,0,20.0681810602546,5.19502830505371,0,0,202.940622642636,0,0,0,1037.37651765347,0,4.35898996889591,0,0,1.20963335037231,0,0,1.10372544825077,10150.7252616286,1486.04910953343,1536.22237205505,0,118.528035417199,0,448.835512846708,0,0,0.1431934684515,0,0.468093127012253,12614.1231256574,4643.35696862638,1.97972355782986,294.171357020736,9.52066583931446,2.3063932210207,0,0,1.7598859667778,0,96.9182345271111,0,0,0,0,0,0,0,0,0,0.80815863609314,7.32462513446808,0,0,0,0,0,38.0667300373316,1301.34142868221,2216.99186073244,4425.68512575328,2458.81895834953,4023.84548762441,0.515373229980469,100.878969863057,0,3.53423823416233,35.2356627136469,0,230.951227344573,4643.35696862638,18507.9543981999,94.4260318130255,145.429537147284,4.44775973260403,169.878843076527,0,1.28250372409821,27.2523989677429,1.7086615562439,1786.94289588928,412.12584553659,8.0450633764267,0,16.424463301897,0,0,0.20678336918354,0,0,6.27888625860214,595.745265394449,0,3.11338207125664,0.250914573669434,0.648078262805939,996.580662727356,501.569839715958,4.50247621536255,18.0648385286331,2.37748858332634,822.538416512311,3676.29617798328,25.3145444244146,30.295101672411,1195.24184155464,46.9634847193956,3424.6236550808,494.466390058398,6423.45789247751,1.97972355782986,94.4260318130255,5474.98751868308,375.274431988597,7.98662114143372,1549.52184537053,26.239500194788,0,0,0,0,15.5253170877695,0.504075050354004,0,0,174.541925370693,0,0,0,106.350947842002,0,2.46002361178398,0,0,0,0.224138393998146,6.56903366744518,5279.27867537737,5630.29093150795,648.666208148003,998.231682211161,21.0630409121513,3942.23357793689,1714.90902012587,7330.37837028503,0,202.151599571109,281.459168314934,6.56139799952507,91.0739016085863,294.171357020736,145.429537147284,375.274431988597,6492.28339774907,593.315224245191,1949.73474255204,0,0,0,0,0,0.259117037057877,0,0,0,0,0,0,0,0,0,0,0,0,0,0,245.566425278783,42.6036739647388,71.099649772048,22.3202178478241,37.8418281674385,748.582260772586,131.742877006531,582.14092373848,4562.34638696909,0,22.1214831471443,2.24656009674072,3.81957963109016,75.9648712426424,9.52066583931446,4.44775973260403,7.98662114143372,593.315224245191,5182.75626505911,23.1173695623875,1.2143537402153,0,0,2.74888168275356,0,25.8044650554657,0,0,373.180162400007,0,0,0,0,0,0,3.39657981693745,0,5.97599810361862,2177.56852115691,0,13.8580925166607,2211.7828437835,39.7889616340399,107.183903731406,17.9030638188124,178.8729512766,4077.20521077514,32.1305441707373,145.310640916228,0.282934159040451,87.385773152113,2314.69996963441,5.588314473629,485.617111057043,2.3063932210207,169.878843076527,1549.52184537053,1949.73474255204,23.1173695623875,6451.07936501503,0,0,0,0,0,1.8212947845459,0,0,0,0,0,0.141611471772194,0,0,0,0.171307012438774,0,0,0,0,1597.1694009304,0,0,0,0,7.35156810283661,0,14.3542336523533,0,181.798030391335,7.6821229159832,2.01856717467308,42.965009778738,253.94236689806,0,0,26.239500194788,0,1.2143537402153,0,13684.4041258544,456.385856896639,0,1.76784414052963,0,1079.28055489063,14.080910474062,1135.65363194048,23.5445837527514,3010.52195645869,3025.07744628191,1039.95311690867,5557.41741740704,6363.19290570915,0,5.41203694045544,361.282090052962,3.65788294374943,138.405864819884,17.6020540744066,0,0,0,0,0,2.00536923110485,1.00858521461487,0,0,0,0,1.24944388866425,0,0.694425165653229,0,1.28250372409821,0,0,0,0,456.385856896639,23861.9033417851,1921.36759443581,82.4772861301899,1.18002000451088,332.08408344537,2235.43957335502,4131.83046489954,1967.17384290695,0,1809.25261439383,2668.17919044942,415.144245117903,212.256025098264,1.44330717623234,177.199913583696,165.324415773153,3395.16161566973,762.755430310965,4125.3568597734,0,0,125.195750892162,0,108.160980552435,0,0,0,0,0,0,0,0,0,1.7598859667778,27.2523989677429,0,0,0,0,0,1921.36759443581,14191.4144016206,800.390688940883,2726.40891723335,0,4449.19316478074,1192.23973485827,2631.22023910284,0,0.871927738189697,0,0,0.434515863656998,8241.00891578197,2490.86032928526,0,3421.04663029313,33.5737105756998,0.88670726120472,0,0,0,0,0,13.6203422993422,1.0185536891222,0,0,0,0,0,0,0,0,1.7086615562439,0,0,2.74888168275356,0,1.76784414052963,82.4772861301899,800.390688940883,3169.57498286664,160.907483711839,90.4940493628383,3435.22403557599,6.39729572832584,1487.50759103894,0,0,65.5569006130099,0,12.4034517630935,1433.6764473021,2453.60538298637,27.8531446605921,1131.23753961176,721.579461246729,236.881012432277,0,0,156.493701815605,0,1230.27576822042,376.013209015131,0,0,39.8247403502464,0,0,0,0,0,96.9182345271111,1786.94289588928,0,0,0,0,0,1.18002000451088,2726.40891723335,160.907483711839,3521.53991962969,654.277559965849,23.2204762548208,0.1949802339077,2713.52619068325,0,0,0.714182376861572,0,0,1397.57687310874,5828.05054758489,0,916.32177516818,83.6785111278296,4.06388093531132,57.3666041493416,1.27522632479668,0,0,399.60481595993,2089.38212931156,86.282369568944,1.35356140136719,86.0748300254345,0,0.180642917752266,3.39392541348934,0.134959205985069,20.0681810602546,0,412.12584553659,15.5253170877695,0.259117037057877,25.8044650554657,1.8212947845459,1079.28055489063,332.08408344537,0,90.4940493628383,654.277559965849,5879.6688830331,1582.26041999459,731.868937857449,2105.70669649541,97.0693988502026,43.3262897729874,426.240671552718,127.814442485571,4603.30423738062,0.687666594982147,2374.2950393334,628.079688727856,136.635323628783,1619.75062201917,420.983901396394,0,0,0,0,1.72916895151138,28.2392686754465,63.2800993323326,0,19.2464478313923,0,0,0,0,5.19502830505371,0,8.0450633764267,0.504075050354004,0,0,0,14.080910474062,2235.43957335502,4449.19316478074,3435.22403557599,23.2204762548208,1582.26041999459,16406.4907753766,62.1190013587475,1519.5241317749,0.390562236309052,0.681086495518684,814.414269171655,1.50794993340969,2016.49313318729,204.006053611636,2062.16009294242,3017.3313703984,3109.09384812415,505.715367943048,4967.43502988666,30.535505771637,0,0,0,0,0.515184223651886,0.549343585968018,4.61690172553062,0,0,0.433082908391953,0,0,0,0,0,0,0,0,0,1135.65363194048,4131.83046489954,1192.23973485827,6.39729572832584,0.1949802339077,731.868937857449,62.1190013587475,6698.03228312731,1326.69088560343,2.2917665541172,1317.6616524756,539.772077798843,153.122045129538,532.866176977754,0,24.0909277498722,30.6947827190161,738.695704326034,1526.21967089176,77.6150141060352,0,0,0,0,5.13607054948807,62.8044268786907,1.29726302623749,0,65.4656541347504,0,0,0,0,0,0,16.424463301897,0,0,373.180162400007,0,23.5445837527514,1967.17384290695,2631.22023910284,1487.50759103894,2713.52619068325,2105.70669649541,1519.5241317749,1326.69088560343,8713.35597090423,0,3.9325727969408,242.917526200414,0.419187501072884,138.166106194258,837.583024591208,2454.91242166609,87.3207523152232,6450.14765711129,5556.0998737365,359.391329705715,696.941197142005,0,0,0,0,2.21833941340446,0,0,0,1036.65140891075,0,0,87.5083367824554,202.940622642636,0,0,174.541925370693,0,0,0,3010.52195645869,0,0,0,0,97.0693988502026,0.390562236309052,2.2917665541172,0,1870.58285456896,20.080534696579,23.2074699103832,668.138433545828,2404.07859180868,0,0,297.623367011547,0,0.648467004299164,0,0,0,0,0,0,0,0,0,0,0,0,0,0,0,0,0,0,0,0,0,3025.07744628191,1809.25261439383,0.871927738189697,0,0,43.3262897729874,0.681086495518684,1317.6616524756,3.9325727969408,20.080534696579,2796.41757193208,98.2140734046698,1962.97111701965,157.004860267043,0,0,12.9411301463842,27.5816217064857,14.1262356042862,0.307382315397263,0,0,0,0,0,3.43024817109108,0,0,0,0,0,0,0,0,0,0.20678336918354,0,0,0,0.141611471772194,1039.95311690867,2668.17919044942,0,65.5569006130099,0.714182376861572,426.240671552718,814.414269171655,539.772077798843,242.917526200414,23.2074699103832,98.2140734046698,9054.77464599907,953.6197014153,2011.75936064124,1.9333148598671,192.520160861313,2816.38164459914,358.158545412123,188.315043106675,2183.62118156999,0,0,0,0,0,0,0,0,0,0,0,0,0,0,0,0,0,0,0,0,5557.41741740704,415.144245117903,0,0,0,127.814442485571,1.50794993340969,153.122045129538,0.419187501072884,668.138433545828,1962.97111701965,953.6197014153,3558.13067574799,1044.01399451494,0,1.23129805922508,242.889235928655,2.33084043860435,11.7098717093468,2.26934888958931,199.430437475443,0.801320433616638,0,0,0,83.2288049608469,0,0.303836464881897,0,351.625332027674,0,12.5484210550785,4.01651766896248,1037.37651765347,0,0,106.350947842002,0,0,0,6363.19290570915,212.256025098264,0.434515863656998,12.4034517630935,0,4603.30423738062,2016.49313318729,532.866176977754,138.166106194258,2404.07859180868,157.004860267043,2011.75936064124,1044.01399451494,15062.4609859139,1.31087945401669,190.395862564445,6100.57303422689,33.8785005509853,122.918935656548,249.935100190341,0,0,3.34722349047661,0,8.45447945594788,0,0,0,0,0,0,0,0,0,0.80815863609314,6.27888625860214,0,0,0,0,0,1.44330717623234,8241.00891578197,1433.6764473021,1397.57687310874,0.687666594982147,204.006053611636,0,837.583024591208,0,0,1.9333148598671,0,1.31087945401669,14849.8940374926,8344.94445993751,0.252419978380203,1529.4506559521,49.9875254184008,2.91368323564529,0,0,35.469735622406,0,226.135135501623,120.506496943533,16.6007375717163,0,39.8681949824095,0,0,0,0,4.35898996889591,7.32462513446808,595.745265394449,2.46002361178398,0,3.39657981693745,0.171307012438774,5.41203694045544,177.199913583696,2490.86032928526,2453.60538298637,5828.05054758489,2374.2950393334,2062.16009294242,24.0909277498722,2454.91242166609,0,0,192.520160861313,1.23129805922508,190.395862564445,8344.94445993751,15315.6574602947,142.599211081862,1212.61853536963,933.019837848842,358.767798401415,0,0,0,0,0,3.33580011129379,0.155654117465019,0,2.38773936033249,0,0,0,0,0,0,0,0,0,0,0,361.282090052962,165.324415773153,0,27.8531446605921,0,628.079688727856,3017.3313703984,30.6947827190161,87.3207523152232,297.623367011547,12.9411301463842,2816.38164459914,242.889235928655,6100.57303422689,0.252419978380203,142.599211081862,6956.76979402453,131.414792813361,32.6657660901546,1356.73339024931,0,0,0,0,0.621687948703766,6.61457549035549,0,0,3.07500195503235,0,0,0,0,0,0,3.11338207125664,0,0,5.97599810361862,0,3.65788294374943,3395.16161566973,3421.04663029313,1131.23753961176,916.32177516818,136.635323628783,3109.09384812415,738.695704326034,6450.14765711129,0,27.5816217064857,358.158545412123,2.33084043860435,33.8785005509853,1529.4506559521,1212.61853536963,131.414792813361,3972.16794875264,1207.4465399906,1662.75942763686,0,0,0,0,0.415646314620972,0,0,4.01228857040405,278.000980764627,0,0,0,0,1.20963335037231,0,0.250914573669434,0,0,2177.56852115691,0,138.405864819884,762.755430310965,33.5737105756998,721.579461246729,83.6785111278296,1619.75062201917,505.715367943048,1526.21967089176,5556.0998737365,0.648467004299164,14.1262356042862,188.315043106675,11.7098717093468,122.918935656548,49.9875254184008,933.019837848842,32.6657660901546,1207.4465399906,5335.33058789372,195.695362865925,0,0,0,0,0,2.50999216735363,0.256875991821289,0,0.218894496560097,0,0,0,0,0,0,0.648078262805939,0.224138393998146,0,0,0,17.6020540744066,4125.3568597734,0.88670726120472,236.881012432277,4.06388093531132,420.983901396394,4967.43502988666,77.6150141060352,359.391329705715,0,0.307382315397263,2183.62118156999,2.26934888958931,249.935100190341,2.91368323564529,358.767798401415,1356.73339024931,1662.75942763686,195.695362865925,9239.37325796485
