9899.89014230669,174.598258771002,0,0,0,410.777277290821,40.8249138966203,1206.84170496464,7.78604266047478,2370.13842989504,4044.29219058156,437.608399868011,7116.55649638176,1497.52012135834,0,4.52893026173115,1020.43020142615,14.3393507599831,83.9853908419609,20.2468727827072,2158.35134169459,0,0,0,0,0,0.247775346040726,0,0,443.818625599146,0,0,0,1.56600022315979,0,0.415347397327423,0,0,0,0,174.598258771002,34432.616890654,417.222054928541,91.9278886020184,16.0162575244904,573.259436279535,2515.23579986393,3087.81361737847,857.815738484263,7.90827925503254,5588.74770521373,2833.3090351373,863.281512148678,846.762598499656,16.6697707474232,169.704680100083,690.13426540792,2463.49399027228,203.166544765234,3375.61719080806,0.657860457897186,0,2.38625770807266,3.46554197371006,0,15.4591038823128,7.65337458997965,0,4.77671314775944,0.958703994750977,1.29922938346863,0,0,0.118891946971416,0.713836923241615,28.5525158047676,1.4374452829361,1.33660584688187,3.87911260128021,1.41843397915363,0,417.222054928541,15417.9714642167,433.082588538527,1350.24928787351,5.98143658041954,2534.65434203297,62.4453617334366,8018.39230433851,0,6.45104658603668,0,0,0.835707664489746,6861.54625155032,1426.91264007986,3.6272373944521,2067.11520799994,221.58976469934,23.4768715202808,0,0,29.3381568342447,55.8903832510114,80.2929331511259,1.2270867228508,9.88545769453049,0,171.71734982729,0,0,0,0,0,34.9456743299961,65.3260529115796,0,4.01411129534245,12.8269496336579,0.289472639560699,0,91.9278886020184,433.082588538527,3759.31161294132,369.462360739708,36.0138203948736,1734.81506851315,11.5339246988297,714.780240431428,0,2.43521225452423,3.2381781488657,0,3.48470744490623,1527.67281278968,2158.97747790068,19.6464225649834,424.951428294182,60.4233342111111,52.6138142794371,0,5.07762964069843,26.1304983496666,148.314141631126,110.301281474531,17.1086081340909,56.6958675086498,5.99148435890675,89.6969075724483,0,0.620247393846512,2.53551010787487,0,1.12247851490974,36.4110471978784,275.039252318442,0.176652774214745,14.3704147785902,23.1198879033327,9.03744744509459,0,16.0162575244904,1350.24928787351,369.462360739708,1991.60491593182,940.497437924147,141.75174549222,11.2702345252037,2329.8386048004,0,0,0.663786590099335,0,0.291245102882385,641.028014287353,3154.91556911916,3.20193856954575,331.024952724576,79.8968990445137,5.29031054675579,0,6.62915575504303,41.8882409781218,131.744096502662,546.206950694323,128.297694444656,31.8915290012956,5.34223312139511,301.468460798264,0,1.52110849320889,2.09880393743515,0,1.7496911585331,34.5060638040304,240.696461744606,3.8456130027771,22.3386447429657,17.3845846951008,9.47955767810345,410.777277290821,573.259436279535,5.98143658041954,36.0138203948736,940.497437924147,3735.38877394795,2543.19537075609,1118.56963093579,608.036214627326,1.49038743972778,92.5851021409035,184.077715665102,35.5077128112316,1978.63272610307,4.51370143890381,1746.3269380331,772.067028924823,162.680036693811,1277.98240045458,275.357223972678,0,0.593889996409416,1.34598076343536,7.48714883625507,8.61735033988953,640.609046339989,45.8294564634562,0.530329704284668,16.4280424416065,1.84017419815063,0,0.0892204195261002,0,0,0.207367271184921,217.433054357767,0.621208310127258,0,18.3400602787733,2.46034240722656,40.8249138966203,2515.23579986393,2534.65434203297,1734.81506851315,141.75174549222,2543.19537075609,24060.9357680008,340.233008354902,2540.56934596598,3.32791685312986,98.7406850382686,254.412824854255,63.0333651378751,1554.31986889988,151.549595966935,2645.17308857292,3782.74810901284,1525.03142389655,1297.40881834179,3637.83330561221,0,16.2653751075268,12.2458905950189,71.1342997699976,23.9141942858696,339.108703762293,716.082441225648,21.0444583892822,138.344116672873,0.465243726968765,5.72432467341423,8.17114749550819,0,11.3371486216784,5.09529647231102,510.421904921532,8.95597134530544,12.0905373245478,117.324257910252,62.6245120465755,1206.84170496464,3087.81361737847,62.4453617334366,11.5339246988297,11.2702345252037,1118.56963093579,340.233008354902,4554.38607227802,3621.50870069861,0,2247.24974538386,5.984240680933,12.8123243749142,203.094812870026,2.00411975383759,200.68083717674,20.7245456427336,1627.77514486015,1318.62892353535,41.3278171569109,0,0.9220090508461,3.91675442457199,5.13879297673702,0,57.1056960448623,7.39587533473969,31.8476218134165,13.2538351714611,0,0,0,0,0,0,33.9141939729452,0,5.60442304611206,108.165746986866,4.5849142074585,7.78604266047478,857.815738484263,8018.39230433851,714.780240431428,2329.8386048004,608.036214627326,2540.56934596598,3621.50870069861,8945.2591618076,0.15944430232048,475.063712656498,8.17269076406956,8.01635009050369,48.0485453754663,401.839531183243,1575.94609624147,107.103372260928,7832.38067816198,5429.45742088556,269.204915225506,0,5.5957103073597,56.0015819147229,99.5271264463663,451.725955069065,138.11983075738,224.246787488461,37.6986104846001,499.134067304432,0,2.52313441038132,3.34919247031212,0,1.34182985126972,31.5218499153852,328.001233488321,1.26887559890747,10.8331795334816,278.728614650667,38.0886696577072,2370.13842989504,7.90827925503254,0,0,0,1.49038743972778,3.32791685312986,0,0.15944430232048,914.908499613404,21.656448200345,49.6388985961676,798.792163699865,655.312371462584,0,0,938.861481904984,0.465304151177406,0,0,372.922122597694,0,0,0,0,0,0,0,0,319.923043638468,0.815134584903717,0,56.9355474710464,35.2118845582008,0,0,3.9704892039299,0,0,0,4044.29219058156,5588.74770521373,6.45104658603668,2.43521225452423,0,92.5851021409035,98.7406850382686,2247.24974538386,475.063712656498,21.656448200345,7497.58963225782,127.160349324346,3116.10452377796,141.996429778636,0,9.44453504681587,55.8259049803019,809.995584100485,32.2264586091042,36.0976695865393,101.706468045712,0,0,0.135126292705536,0,0,0,0,0,3.96396172046661,0,0,0,0,0,0.112915374338627,0,0,0.435783356428146,0,437.608399868011,2833.3090351373,0,3.2381781488657,0.663786590099335,184.077715665102,254.412824854255,5.984240680933,8.17269076406956,49.6388985961676,127.160349324346,9669.6878849268,1143.66925420612,1037.28616461903,0,16.6400031298399,4577.91224199533,36.506529584527,2.52438753843307,4441.09908297658,3.29108142852783,0,0,0,0,1.72220405936241,0.906431615352631,0,0,5.97305491566658,0,0,0,0,0,0,0,0,0,0,7116.55649638176,863.281512148678,0,0,0,35.5077128112316,63.0333651378751,12.8123243749142,8.01635009050369,798.792163699865,3116.10452377796,1143.66925420612,7669.41977389157,365.120482236147,0.701941668987274,8.00258369743824,803.468654468656,40.5285722911358,3.90979272127151,19.6231034398079,332.996880739927,0,0,0.876454472541809,0,0.217003747820854,0,0,0,164.248766988516,0,0,0,0,0,0.699148237705231,0,0,0,0.142709031701088,1497.52012135834,846.762598499656,0.835707664489746,3.48470744490623,0.291245102882385,1978.63272610307,1554.31986889988,203.094812870026,48.0485453754663,655.312371462584,141.996429778636,1037.28616461903,365.120482236147,10480.3297013938,0.742545783519745,54.917758718133,7175.4441331327,97.4280377775431,59.6332822442055,345.871772885323,46.4438926875591,0,0,0.130792990326881,0,14.076867416501,20.1770081818104,0,2.20076560974121,35.1190285086632,0,0.192950412631035,0,283.243697166443,0,6.22145038843155,0,0,1.07492050528526,0.592102825641632,0,16.6697707474232,6861.54625155032,1527.67281278968,641.028014287353,4.51370143890381,151.549595966935,2.00411975383759,401.839531183243,0,0,0,0.701941668987274,0.742545783519745,8819.55217182636,4491.31692577899,1.38612999022007,298.535701021552,8.07644495368004,0.476947411894798,0,0.316296964883804,17.0871889293194,37.5447465702891,30.9495790600777,0,3.88100956380367,0,17.4778960943222,0,0,0,0,0,15.435706987977,75.7889240756631,0.530435383319855,1.89452716708183,2.95418144762516,1.69457653164864,4.52893026173115,169.704680100083,1426.91264007986,2158.97747790068,3154.91556911916,1746.3269380331,2645.17308857292,200.68083717674,1575.94609624147,0,9.44453504681587,16.6400031298399,8.00258369743824,54.917758718133,4491.31692577899,19958.7612429112,93.6292007938027,580.40837212652,710.111440770328,122.183284200728,0,8.75461538136005,52.2982401773334,234.526966586709,203.771980792284,328.600466705859,339.198755308986,32.4683496728539,229.07758037746,0,1.34431616961956,4.01952286064625,0,3.25066974759102,43.2432988360524,1435.41583715379,7.17358326911926,19.194575920701,117.860574394464,34.1398349404335,1020.43020142615,690.13426540792,3.6272373944521,19.6464225649834,3.20193856954575,772.067028924823,3782.74810901284,20.7245456427336,107.103372260928,938.861481904984,55.8259049803019,4577.91224199533,803.468654468656,7175.4441331327,1.38612999022007,93.6292007938027,5458.39877580106,141.309162765741,52.0395498871803,723.486017845571,78.6397749781609,0,0,2.42484918236732,1.51648724079132,13.340650498867,25.9310121387243,0,0,124.178649425507,0,0.190190613269806,0,93.368329167366,0,12.6227353587747,0,0,3.80699646472931,0,14.3393507599831,2463.49399027228,2067.11520799994,424.951428294182,331.024952724576,162.680036693811,1525.03142389655,1627.77514486015,7832.38067816198,0.465304151177406,809.995584100485,36.506529584527,40.5285722911358,97.4280377775431,298.535701021552,580.40837212652,141.309162765741,1839.84159973264,346.540434122086,197.181660056114,0,3.5258996784687,11.1495523005724,30.1640237867832,29.1835042387247,37.1226344332099,21.489827901125,1.41169252991676,31.940970055759,0.409797191619873,0,0.198899939656258,0.139603331685066,0.172713801264763,16.0460748225451,74.719644933939,0.266643077135086,3.84489786624908,2.68921679258347,1.52342608571053,83.9853908419609,203.166544765234,221.58976469934,60.4233342111111,79.8968990445137,1277.98240045458,1297.40881834179,1318.62892353535,5429.45742088556,0,32.2264586091042,2.52438753843307,3.90979272127151,59.6332822442055,8.07644495368004,710.111440770328,52.0395498871803,346.540434122086,3642.95487427711,88.6994985938072,2.21266974508762,10.6794153004885,54.9379127621651,20.2308695912361,12.9471499025822,873.025300443172,89.0137334167957,181.534581929445,459.376710310578,0,2.4679100215435,0.79681721329689,0,14.0107725262642,2.99295017123222,200.548644483089,1.80130851268768,32.0331572890282,5621.97493390739,38.3758996427059,20.2468727827072,3375.61719080806,23.4768715202808,52.6138142794371,5.29031054675579,275.357223972678,3637.83330561221,41.3278171569109,269.204915225506,0,36.0976695865393,4441.09908297658,19.6231034398079,345.871772885323,0.476947411894798,122.183284200728,723.486017845571,197.181660056114,88.6994985938072,5579.20672974735,0,0.219361171126366,0,1.68272966146469,0.203863620758057,28.738877132535,26.8956267982721,0,9.18590219318867,0,0.384145230054855,0.162005320191383,0,0.508529245853424,0,42.2202384844422,0.160843223333359,0,6.13350960612297,6.89049246907234,2158.35134169459,0.657860457897186,0,0,0,0,0,0,0,372.922122597694,101.706468045712,3.29108142852783,332.996880739927,46.4438926875591,0,0,78.6397749781609,0,2.21266974508762,0,17400.7467615306,99.7156679034233,0.25396990776062,1.77203220129013,0,359.668823048472,36.9916558414698,1213.07666479051,6.89237214624882,3449.61742134392,3675.74770347774,642.542139261961,8097.1378428936,3435.41398562491,0.146624743938446,2.84016034007072,305.752103626728,17.3860943317413,0.431169271469116,13.5542508363724,0,0,0,5.07762964069843,6.62915575504303,0.593889996409416,16.2653751075268,0.9220090508461,5.5957103073597,0,0,0,0,0,0.316296964883804,8.75461538136005,0,3.5258996784687,10.6794153004885,0.219361171126366,99.7156679034233,33454.2281911969,316.268045119941,69.1528833582997,17.0192396938801,241.743854962289,1325.95624655485,3640.8200930059,1664.57015150785,0.938336774706841,4662.11713022739,2613.98436793685,482.941792905331,306.305769026279,34.4371700659394,142.19096724689,331.551317341626,3367.57858669013,249.532406784594,2999.02684054524,0,2.38625770807266,29.3381568342447,26.1304983496666,41.8882409781218,1.34598076343536,12.2458905950189,3.91675442457199,56.0015819147229,0,0,0,0,0,17.0871889293194,52.2982401773334,0,11.1495523005724,54.9379127621651,0,0.25396990776062,316.268045119941,14900.4023481011,416.175252243876,1249.53631044924,13.8170098215342,2698.34196740389,248.758769705892,7733.87084208429,0,7.2717323154211,11.6271489709616,0.43610742688179,5.76575879752636,7358.85043352842,1076.67392277718,8.56237600743771,2646.18381586671,274.920895785093,131.694685012102,0,3.46554197371006,55.8903832510114,148.314141631126,131.744096502662,7.48714883625507,71.1342997699976,5.13879297673702,99.5271264463663,0,0.135126292705536,0,0.876454472541809,0.130792990326881,37.5447465702891,234.526966586709,2.42484918236732,30.1640237867832,20.2308695912361,1.68272966146469,1.77203220129013,69.1528833582997,416.175252243876,2733.26904813945,451.533238247037,35.1231454461813,1783.24723365903,124.839430853724,818.421929977834,0,14.0949667468667,30.1599392592907,2.62563489377499,11.7758065462112,1668.9659345299,1928.62419679016,29.6189622282982,260.360017254949,201.587370127439,253.706724792719,0,0,80.2929331511259,110.301281474531,546.206950694323,8.61735033988953,23.9141942858696,0,451.725955069065,0,0,0,0,0,30.9495790600777,203.771980792284,1.51648724079132,29.1835042387247,12.9471499025822,0.203863620758057,0,17.0192396938801,1249.53631044924,451.533238247037,2415.64979402721,991.321486398578,365.763690121472,36.6672879382968,2619.39277504385,0,2.52934846282005,3.06838411092758,1.54999016225338,2.50863364338875,732.991895973682,3039.8886501193,3.5609288662672,299.466101452708,182.451429650187,22.3582283854485,0,15.4591038823128,1.2270867228508,17.1086081340909,128.297694444656,640.609046339989,339.108703762293,57.1056960448623,138.11983075738,0,0,1.72220405936241,0.217003747820854,14.076867416501,0,328.600466705859,13.340650498867,37.1226344332099,873.025300443172,28.738877132535,359.668823048472,241.743854962289,13.8170098215342,35.1231454461813,991.321486398578,4140.94349141419,2242.14473777264,2350.11830675602,546.774972952902,8.17197686433792,102.404022336006,204.028058871627,44.9577545821667,2640.34648342431,1.4753997027874,1415.54356023669,452.690626546741,151.192460164428,428.648108191788,316.622350007296,0.247775346040726,7.65337458997965,9.88545769453049,56.6958675086498,31.8915290012956,45.8294564634562,716.082441225648,7.39587533473969,224.246787488461,0,0,0.906431615352631,0,20.1770081818104,3.88100956380367,339.198755308986,25.9310121387243,21.489827901125,89.0137334167957,26.8956267982721,36.9916558414698,1325.95624655485,2698.34196740389,1783.24723365903,365.763690121472,2242.14473777264,27202.6388529465,514.373299956322,1957.44440259784,0.774450570344925,150.261716663837,466.278916165233,50.6370040923357,1733.3377649039,418.393569894135,2641.76969595253,4317.2708805725,1403.47605425119,1330.3549945727,5834.22166133672,0,0,0,5.99148435890675,5.34223312139511,0.530329704284668,21.0444583892822,31.8476218134165,37.6986104846001,0,0,0,0,0,0,32.4683496728539,0,1.41169252991676,181.534581929445,0,1213.07666479051,3640.8200930059,248.758769705892,124.839430853724,36.6672879382968,2350.11830675602,514.373299956322,4814.59550656378,4420.56084569544,0,3079.68520876765,30.7211407274008,43.9989478439093,449.536307841539,34.753320902586,369.75854126364,31.8174299299717,930.96100255847,2240.16234219819,198.842575535178,0,4.77671314775944,171.71734982729,89.6969075724483,301.468460798264,16.4280424416065,138.344116672873,13.2538351714611,499.134067304432,0,0,0,0,2.20076560974121,17.4778960943222,229.07758037746,0,31.940970055759,459.376710310578,9.18590219318867,6.89237214624882,1664.57015150785,7733.87084208429,818.421929977834,2619.39277504385,546.774972952902,1957.44440259784,4420.56084569544,9249.43907904625,0,354.303642384708,30.6872135400772,3.98247884213924,66.1041586846113,437.015794843435,1380.15169364214,65.1328190267086,5657.8170991838,5463.3433957696,359.575928047299,443.818625599146,0.958703994750977,0,0,0,1.84017419815063,0.465243726968765,0,0,319.923043638468,3.96396172046661,5.97305491566658,164.248766988516,35.1190285086632,0,0,124.178649425507,0.409797191619873,0,0,3449.61742134392,0.938336774706841,0,0,0,8.17197686433792,0.774450570344925,0,0,1175.25102686882,58.1708993166685,55.2953284978867,1112.14722338319,500.66898521781,0,0,648.59968572855,0,0,0,0,1.29922938346863,0,0.620247393846512,1.52110849320889,0,5.72432467341423,0,2.52313441038132,0.815134584903717,0,0,0,0,0,1.34431616961956,0,0,2.4679100215435,0.384145230054855,3675.74770347774,4662.11713022739,7.2717323154211,14.0949667468667,2.52934846282005,102.404022336006,150.261716663837,3079.68520876765,354.303642384708,58.1708993166685,8139.37074991316,341.377112299204,2914.767458722,247.733730815351,3.43591137230396,33.2162781730294,86.0881979241967,390.120228871703,53.363062903285,77.1220265179873,0,0,0,2.53551010787487,2.09880393743515,0.0892204195261002,8.17114749550819,0,3.34919247031212,0,0,0,0,0.192950412631035,0,4.01952286064625,0.190190613269806,0.198899939656258,0.79681721329689,0.162005320191383,642.542139261961,2613.98436793685,11.6271489709616,30.1599392592907,3.06838411092758,204.028058871627,466.278916165233,30.7211407274008,30.6872135400772,55.2953284978867,341.377112299204,8779.01182065904,1466.05631232262,1295.11092469096,10.4047916680574,54.4172726795077,5822.20136013627,213.774258330464,40.2083244919777,2916.63362907618,0,0,0,0,0,0,0,0,0,56.9355474710464,0,0,0,0,0,0,0,0.139603331685066,0,0,8097.1378428936,482.941792905331,0.43610742688179,2.62563489377499,1.54999016225338,44.9577545821667,50.6370040923357,43.9989478439093,3.98247884213924,1112.14722338319,2914.767458722,1466.05631232262,5780.58852994442,1315.85000117123,0.816372469067574,13.9062502160668,579.957447335124,42.2399949729443,9.58277386426926,33.8946303129196,1.56600022315979,0.118891946971416,0,1.12247851490974,1.7496911585331,0,11.3371486216784,0,1.34182985126972,35.2118845582008,0,0,0,283.243697166443,0,3.25066974759102,93.368329167366,0.172713801264763,14.0107725262642,0.508529245853424,3435.41398562491,306.305769026279,5.76575879752636,11.7758065462112,2.50863364338875,2640.34648342431,1733.3377649039,449.536307841539,66.1041586846113,500.66898521781,247.733730815351,1295.11092469096,1315.85000117123,13099.5353469402,4.764090269804,54.6537938565016,6239.60340248048,149.238478899002,44.0982462316751,398.567872956395,0,0.713836923241615,34.9456743299961,36.4110471978784,34.5060638040304,0.207367271184921,5.09529647231102,0,31.5218499153852,0,0,0,0,0,15.435706987977,43.2432988360524,0,16.0460748225451,2.99295017123222,0,0.146624743938446,34.4371700659394,7358.85043352842,1668.9659345299,732.991895973682,1.4753997027874,418.393569894135,34.753320902586,437.015794843435,0,3.43591137230396,10.4047916680574,0.816372469067574,4.764090269804,11561.7281288356,5523.03008777648,6.22017109394073,446.230470329523,33.6594098508358,85.5288378596306,0.415347397327423,28.5525158047676,65.3260529115796,275.039252318442,240.696461744606,217.433054357767,510.421904921532,33.9141939729452,328.001233488321,0,0.112915374338627,0,0.699148237705231,6.22145038843155,75.7889240756631,1435.41583715379,12.6227353587747,74.719644933939,200.548644483089,42.2202384844422,2.84016034007072,142.19096724689,1076.67392277718,1928.62419679016,3039.8886501193,1415.54356023669,2641.76969595253,369.75854126364,1380.15169364214,0,33.2162781730294,54.4172726795077,13.9062502160668,54.6537938565016,5523.03008777648,17110.6200012937,52.1985137015581,369.5581657812,835.057305850089,187.873352713883,0,1.4374452829361,0,0.176652774214745,3.8456130027771,0.621208310127258,8.95597134530544,0,1.26887559890747,3.9704892039299,0,0,0,0,0.530435383319855,7.17358326911926,0,0.266643077135086,1.80130851268768,0.160843223333359,305.752103626728,331.551317341626,8.56237600743771,29.6189622282982,3.5609288662672,452.690626546741,4317.2708805725,31.8174299299717,65.1328190267086,648.59968572855,86.0881979241967,5822.20136013627,579.957447335124,6239.60340248048,6.22017109394073,52.1985137015581,7925.77132950723,82.0158589482307,82.6591643095016,442.322203300893,0,1.33660584688187,4.01411129534245,14.3704147785902,22.3386447429657,0,12.0905373245478,5.60442304611206,10.8331795334816,0,0,0,0,0,1.89452716708183,19.194575920701,0,3.84489786624908,32.0331572890282,0,17.3860943317413,3367.57858669013,2646.18381586671,260.360017254949,299.466101452708,151.192460164428,1403.47605425119,930.96100255847,5657.8170991838,0,390.120228871703,213.774258330464,42.2399949729443,149.238478899002,446.230470329523,369.5581657812,82.0158589482307,3377.30987538397,533.674134358764,453.052486732602,0,3.87911260128021,12.8269496336579,23.1198879033327,17.3845846951008,18.3400602787733,117.324257910252,108.165746986866,278.728614650667,0,0.435783356428146,0,0,1.07492050528526,2.95418144762516,117.860574394464,3.80699646472931,2.68921679258347,5621.97493390739,6.13350960612297,0.431169271469116,249.532406784594,274.920895785093,201.587370127439,182.451429650187,428.648108191788,1330.3549945727,2240.16234219819,5463.3433957696,0,53.363062903285,40.2083244919777,9.58277386426926,44.0982462316751,33.6594098508358,835.057305850089,82.6591643095016,533.674134358764,4518.58173394948,330.391690194607,0,1.41843397915363,0.289472639560699,9.03744744509459,9.47955767810345,2.46034240722656,62.6245120465755,4.5849142074585,38.0886696577072,0,0,0,0.142709031701088,0.592102825641632,1.69457653164864,34.1398349404335,0,1.52342608571053,38.3758996427059,6.89049246907234,13.5542508363724,2999.02684054524,131.694685012102,253.706724792719,22.3582283854485,316.622350007296,5834.22166133672,198.842575535178,359.575928047299,0,77.1220265179873,2916.63362907618,33.8946303129196,398.567872956395,85.5288378596306,187.873352713883,442.322203300893,453.052486732602,330.391690194607,4896.65402554721
