9086.90335401893,765.670485019684,0.781457096338272,3.11529409885406,0,555.571946799755,65.0879891216755,647.91251462698,11.429462864995,1072.18014699221,3646.47254320979,490.11561922729,7477.97813124955,2393.6449380964,0.528129816055298,21.9703880697489,169.605716466904,15.4467519819736,146.310769408941,22.5397696495056,1874.11859193444,0,0,0,0,3.85286569595337,0,12.9028275609016,0,422.212799876928,0,0,0,1.25334656238556,0.552687168121338,0.491005510091782,0,0,0,0,765.670485019684,39045.62104211,1226.33048909903,124.496237963438,22.4375881403685,626.698357269168,2130.46617146581,3741.98906643689,1506.41640218347,3.8318720459938,4233.75230512023,2504.126713112,1354.43538321555,787.789193093777,55.0423898547888,494.320374950767,426.287675336003,5221.91349545121,297.156032159925,4214.2718726024,0,0,4.17996779084206,3.46834881603718,3.23888198286295,8.3066661208868,8.39106401801109,1.86406540870667,4.85719457268715,0,0,0.153719946742058,0,0,4.42719405889511,28.0762602612376,0,0.81527616083622,2.6201406121254,0,0.781457096338272,1226.33048909903,13968.2912992537,810.824439041317,2193.47687117755,10.5555654168129,2582.16832074523,587.063588619232,4050.02632948756,0,148.367626667023,0,0.536620318889618,1.8950217962265,12388.8029285371,2938.74104467779,5.56376427412033,1667.13265401125,19.2766955792904,68.5801070332527,0,1.68834578990936,68.9616907089949,50.0665938407183,150.876232177019,2.56409826874733,22.1421341449022,0,64.5301938802004,0,0,0,0,0,126.365229129791,152.742883861065,0,5.71051667630672,0.411302298307419,0.224599659442902,3.11529409885406,124.496237963438,810.824439041317,2897.02222667634,247.629667446017,44.407602660358,3461.78566869348,35.1835826933384,558.616158992052,0,0,11.9870073050261,0.635056123137474,8.11375945806503,2212.92199914157,2694.55717021972,15.1563620269299,159.511344328523,85.7842645943165,157.009095646441,0,0.850693121552467,52.0420720428228,66.3552397787571,59.4722920358181,14.3972043842077,32.2555376291275,2.60076738893986,54.9217333644629,0,0,0,0,0.902880609035492,63.7345172613859,228.627200648189,0.142471373081207,9.33350633084774,13.283555559814,1.2882639169693,0,22.4375881403685,2193.47687117755,247.629667446017,3517.43690891564,1233.32354190946,180.930456131697,14.3827397525311,2537.21993757784,0,0,0.328251481056213,1.20470690727234,1.15953052043915,1021.37390957773,3978.52165768296,0.213872179389,469.3003821522,49.2914458215237,8.7988068908453,0,0.433894664049149,71.3402830064297,89.4615295901895,491.627630591393,14.6685708165169,51.033147379756,0.211525142192841,606.234387218952,0,0,0.304054021835327,0,0,149.721807643771,263.489355996251,0.15618534386158,22.3616680651903,4.81670496612787,1.93318085372448,555.571946799755,626.698357269168,10.5555654168129,44.407602660358,1233.32354190946,4267.06774077564,2704.04250521213,1037.95401576161,1302.29092636704,0,71.8685058951378,360.093333147466,107.613826856017,1544.22074663639,4.57978510856628,2601.1368522346,729.5737965554,58.4479834511876,923.00313256681,383.00239174068,0,0.956256687641144,2.06846027076244,16.8405244350433,19.7948775887489,168.306886836886,56.7870385348797,5.4738438129425,18.9697218388319,0,0,0.148246809840202,0,3.40632289648056,1.43432985246181,116.153595872223,0,1.04889777302742,70.6858143508434,0.659335792064667,65.0879891216755,2130.46617146581,2582.16832074523,3461.78566869348,180.930456131697,2704.04250521213,22308.4422906712,234.814351797104,2430.12672577053,0.538584589958191,12.6968922019005,768.821255773306,65.2477507591248,1662.18885338306,486.283231332898,4674.31081976742,5211.25282968581,1406.38060252368,855.646944426,5817.19798206538,0,6.63790906965733,36.120614670217,126.978558674455,57.8279063105583,154.606805078685,512.154978901148,11.0814409852028,107.622098125517,0,0.210841998457909,1.73560377955437,0,0.850778371095657,51.3803537636995,402.222316712141,6.48450051248074,22.3966541737318,70.686425305903,17.0494124889374,647.91251462698,3741.98906643689,587.063588619232,35.1835826933384,14.3827397525311,1037.95401576161,234.814351797104,5912.01686674356,2419.6480795145,0.272873610258102,2882.54101894796,22.349054351449,59.8005560040474,250.823471903801,1.38138893246651,172.098146609962,18.4427883774042,1130.94211122394,1214.05577492714,52.3451880961657,30.6396517753601,1.82474386692047,0,14.0827962309122,0,6.84525801241398,41.9922802746296,23.333462625742,27.0281044244766,0,0,0.642832398414612,0,2.53326225280762,0.713036626577377,52.953861169517,1.7591997385025,2.69524848461151,210.62174654007,2.85328555107117,11.429462864995,1506.41640218347,4050.02632948756,558.616158992052,2537.21993757784,1302.29092636704,2430.12672577053,2419.6480795145,11725.2147343606,0,157.463340193033,70.891854763031,17.1547964513302,136.636604137719,886.668834805489,2580.88578745723,191.967267297208,6220.63861619681,4959.91437096894,361.055117636919,0,2.55092453956604,96.1922970712185,137.480441763997,541.407979898155,299.01963236928,93.2363827973604,14.150695502758,1245.17812541127,0,0,0.847227871417999,0,0.118387706577778,121.375305980444,440.636243760586,0.153740793466568,31.054988309741,238.322048820555,2.79799771308899,1072.18014699221,3.8318720459938,0,0,0,0,0.538584589958191,0.272873610258102,0,1190.16561198235,15.2600002586842,142.829343155026,2060.57750019431,1190.79325383902,0,0,1600.58126664162,0,0,0,68.5421413481236,0,0,0,0,0,0,0,0,390.527221262455,0,0,1.40104687213898,1.56179714202881,0,0,0,0,0,0,3646.47254320979,4233.75230512023,148.367626667023,0,0,71.8685058951378,12.6968922019005,2882.54101894796,157.463340193033,15.2600002586842,5922.33845505118,92.9652584344149,2340.42404460907,210.879323720932,0,4.00295349955559,18.9199325144291,1026.45340660214,18.0407553911209,11.3617527186871,45.3861128985882,0,0,0,0,0,0,0,0,5.03998336195946,0,0,0,0,0,0,0,0,0,0,490.11561922729,2504.126713112,0,11.9870073050261,0.328251481056213,360.093333147466,768.821255773306,22.349054351449,70.891854763031,142.829343155026,92.9652584344149,10671.8744083941,1341.47159031034,2489.4784283042,1.4753326177597,97.916100949049,3179.42275229096,66.1559054106474,15.9214684665203,2541.61237041652,0.978886723518372,0,0,0.675506308674812,0.295962572097778,5.52898165583611,1.43050420284271,0,0,4.98912590742111,0,0,0,1.65726290643215,0.78658539056778,6.62384979426861,0,0,0.336424887180328,0,7477.97813124955,1354.43538321555,0.536620318889618,0.635056123137474,1.20470690727234,107.613826856017,65.2477507591248,59.8005560040474,17.1547964513302,2060.57750019431,2340.42404460907,1341.47159031034,5988.50378200412,1892.16409300268,0,10.5724011510611,573.452358171344,15.877799898386,9.98287135362625,31.0932984352112,294.816228330135,0,0,0,0,0,0.367488384246826,0,0,279.613335430622,0,0,0,0,0,0.228514134883881,0,0,0,0,2393.6449380964,787.789193093777,1.8950217962265,8.11375945806503,1.15953052043915,1544.22074663639,1662.18885338306,250.823471903801,136.636604137719,1190.79325383902,210.879323720932,2489.4784283042,1892.16409300268,8149.53610543907,0.890596628189087,96.2550471276045,5937.63026699424,26.1610256284475,168.430594593287,221.324247971177,76.9373210668564,0,0,0.185329958796501,1.24375480413437,3.53352177143097,10.6739695668221,0,0,148.668315529823,0,0,0,66.3790204226971,0,2.5220860093832,0,0,0,0,0.528129816055298,55.0423898547888,12388.8029285371,2212.92199914157,1021.37390957773,4.57978510856628,486.283231332898,1.38138893246651,886.668834805489,0,0,1.4753326177597,0,0.890596628189087,12977.454511106,5937.96912419796,3.81250751018524,450.983805000782,5.52794635295868,19.1379187852144,0,0,19.1376789957285,16.8165998160839,79.6880894899368,1.08361503481865,5.84007807075977,0.678641140460968,11.8064905703068,0,0,0,0,0,47.4097416251898,67.5716508105397,0,3.40323428809643,0,0,21.9703880697489,494.320374950767,2938.74104467779,2694.55717021972,3978.52165768296,2601.1368522346,4674.31081976742,172.098146609962,2580.88578745723,0,4.00295349955559,97.916100949049,10.5724011510611,96.2550471276045,5937.96912419796,21834.29786475,164.506981983781,822.23773188889,648.434548854828,412.320594079792,0,6.55432396382093,121.178565219045,252.783931307495,534.395796626806,200.196692883968,286.899597704411,18.8963462859392,255.951973408461,0,0,2.79448209702969,0,4.36851754784584,135.243224009871,1377.30484935641,5.90155041962862,41.1527786329389,83.8338656872511,15.1781829148531,169.605716466904,426.287675336003,5.56376427412033,15.1563620269299,0.213872179389,729.5737965554,5211.25282968581,18.4427883774042,191.967267297208,1600.58126664162,18.9199325144291,3179.42275229096,573.452358171344,5937.63026699424,3.81250751018524,164.506981983781,6950.00068962574,65.132523342967,66.1080055013299,1014.85191427171,11.7621943056583,0,1.03481188416481,1.32229645550251,0.366870179772377,4.05826331675053,28.1090050041676,0,0,43.5260411798954,0,1.30630397796631,0,0,0.186498761177063,4.74892278015614,0,0,0,0,15.4467519819736,5221.91349545121,1667.13265401125,159.511344328523,469.3003821522,58.4479834511876,1406.38060252368,1130.94211122394,6220.63861619681,0,1026.45340660214,66.1559054106474,15.877799898386,26.1610256284475,450.983805000782,822.23773188889,65.132523342967,3216.72216685116,532.858293958008,524.910881973803,0,0,35.00172701478,25.5442553162575,50.9003204107285,3.84174704551697,20.6451067253947,4.71238133311272,42.8763338029385,0,2.47983860969543,0.498201578855515,0,0,25.0100837647915,115.307895481586,0,4.05146110057831,9.69533057510853,0.720760554075241,146.310769408941,297.156032159925,19.2766955792904,85.7842645943165,49.2914458215237,923.00313256681,855.646944426,1214.05577492714,4959.91437096894,0,18.0407553911209,15.9214684665203,9.98287135362625,168.430594593287,5.52794635295868,648.434548854828,66.1080055013299,532.858293958008,3012.26036241651,193.760222092271,0,2.53064274787903,4.93984045088291,34.4674672931433,3.04115158319473,216.687466770411,56.1208737790585,67.7532014548779,566.794477909803,0,0,0,0,0.630838453769684,0.984559655189514,115.981079995632,0,14.0602959096432,6991.45429955423,4.52831131219864,22.5397696495056,4214.2718726024,68.5801070332527,157.009095646441,8.7988068908453,383.00239174068,5817.19798206538,52.3451880961657,361.055117636919,0,11.3617527186871,2541.61237041652,31.0932984352112,221.324247971177,19.1379187852144,412.320594079792,1014.85191427171,524.910881973803,193.760222092271,4374.481834203,0,0,4.94765459001064,7.31682270765305,4.5785990357399,19.1058478653431,12.3082819133997,0,8.89402392506599,0,0,0,0,1.48809325695038,4.96609397232533,23.0625000298023,0,0.891691267490387,8.80145490169525,0.178229779005051,1874.11859193444,0,0,0,0,0,0,30.6396517753601,0,68.5421413481236,45.3861128985882,0.978886723518372,294.816228330135,76.9373210668564,0,0,11.7621943056583,0,0,0,13055.2615126073,668.049781285226,0,0,0,542.134722366929,52.9686841219664,921.815169394016,11.8639175444841,2793.20478603244,2983.70325683057,488.962518900633,7531.84808586538,3693.3514803946,0,1.58933924883604,154.47265855968,2.18214416503906,64.6614865958691,37.9924886077642,0,0,1.68834578990936,0.850693121552467,0.433894664049149,0.956256687641144,6.63790906965733,1.82474386692047,2.55092453956604,0,0,0,0,0,0,6.55432396382093,0,0,2.53064274787903,0,668.049781285226,35665.3219052181,839.752014011145,32.1539109945297,0.146413683891296,457.740886844695,1120.25324992836,5586.62268379331,928.252202115953,3.56349103152752,3117.47330287099,2508.9589657858,513.443168804049,829.012276932597,1.19512179493904,192.430522277951,473.193007126451,3969.67153252661,518.190301164985,2539.07970362902,0,4.17996779084206,68.9616907089949,52.0420720428228,71.3402830064297,2.06846027076244,36.120614670217,0,96.1922970712185,0,0,0,0,0,19.1376789957285,121.178565219045,1.03481188416481,35.00172701478,4.93984045088291,4.94765459001064,0,839.752014011145,15875.4662999958,457.845092028379,1572.54230964184,13.2986668348312,2295.03883813322,837.454760402441,5001.03849998862,0,15.5141474604607,1.86698397994041,0,0.722404479980469,13026.1545479,2499.36514103413,3.71634320914745,1133.35568593442,15.1681597530842,27.8063095957041,0,3.46834881603718,50.0665938407183,66.3552397787571,89.4615295901895,16.8405244350433,126.978558674455,14.0827962309122,137.480441763997,0,0,0.675506308674812,0,0.185329958796501,16.8165998160839,252.783931307495,1.32229645550251,25.5442553162575,34.4674672931433,7.31682270765305,0,32.1539109945297,457.845092028379,3886.79815801978,125.466491863132,109.62647087127,4002.4869042933,78.3818206787109,1278.7012809068,0,0,15.4097624272108,0,6.49957792460918,1229.26665690541,3003.83510159701,20.7761804312468,370.526252664626,212.608679682016,214.375756770372,0,3.23888198286295,150.876232177019,59.4722920358181,491.627630591393,19.7948775887489,57.8279063105583,0,541.407979898155,0,0,0.295962572097778,0,1.24375480413437,79.6880894899368,534.395796626806,0.366870179772377,50.9003204107285,3.04115158319473,4.5785990357399,0,0.146413683891296,1572.54230964184,125.466491863132,2806.05448836088,617.382881984115,134.736163079739,4.00962534546852,2072.19817364216,0,0,0,0,0.909731075167656,1075.50959655643,3235.73638413846,1.49577870965004,107.595255509019,18.1912562549114,2.66391378641129,3.85286569595337,8.3066661208868,2.56409826874733,14.3972043842077,14.6685708165169,168.306886836886,154.606805078685,6.84525801241398,299.01963236928,0,0,5.52898165583611,0,3.53352177143097,1.08361503481865,200.196692883968,4.05826331675053,3.84174704551697,216.687466770411,19.1058478653431,542.134722366929,457.740886844695,13.2986668348312,109.62647087127,617.382881984115,4994.56275121868,2797.31533972919,1792.93000839651,1343.22373792529,13.0377095043659,67.7948476970196,253.944710180163,81.5690376907587,1831.26489190757,7.21766036748886,2354.41753634065,386.090877071023,173.292833790183,1754.35130362958,516.987534947693,0,8.39106401801109,22.1421341449022,32.2555376291275,51.033147379756,56.7870385348797,512.154978901148,41.9922802746296,93.2363827973604,0,0,1.43050420284271,0.367488384246826,10.6739695668221,5.84007807075977,286.899597704411,28.1090050041676,20.6451067253947,56.1208737790585,12.3082819133997,52.9686841219664,1120.25324992836,2295.03883813322,4002.4869042933,134.736163079739,2797.31533972919,19741.9840809777,299.119347415864,2679.811829485,6.30843631923199,12.5501849204302,673.821230046451,72.8618825003505,2587.31948769838,802.577791035175,3425.30302984267,3020.93481272459,1774.27997763455,1180.60919759423,5207.30747611821,12.9028275609016,1.86406540870667,0,2.60076738893986,0.211525142192841,5.4738438129425,11.0814409852028,23.333462625742,14.150695502758,0,0,0,0,0,0.678641140460968,18.8963462859392,0,4.71238133311272,67.7532014548779,0,921.815169394016,5586.62268379331,837.454760402441,78.3818206787109,4.00962534546852,1792.93000839651,299.119347415864,6419.5162217617,2438.75584213436,2.72343230247498,3953.41448611021,44.3102633357048,117.001864120364,173.708061978221,2.81605426222086,246.680080346763,18.3387966603041,964.988446980715,1571.53671491146,133.514856353402,0,4.85719457268715,64.5301938802004,54.9217333644629,606.234387218952,18.9697218388319,107.622098125517,27.0281044244766,1245.17812541127,0,0,0,0,0,11.8064905703068,255.951973408461,0,42.8763338029385,566.794477909803,8.89402392506599,11.8639175444841,928.252202115953,5001.03849998862,1278.7012809068,2072.19817364216,1343.22373792529,2679.811829485,2438.75584213436,10668.670636937,2.09796810150146,49.109948694706,70.2630071491003,7.98938991129398,196.298405021429,1668.4754614681,2507.00730903447,165.45718087256,4266.28517848253,5437.73404134065,459.927086576819,422.212799876928,0,0,0,0,0,0,0,0,390.527221262455,5.03998336195946,4.98912590742111,279.613335430622,148.668315529823,0,0,43.5260411798954,0,0,0,2793.20478603244,3.56349103152752,0,0,0,13.0377095043659,6.30843631923199,2.72343230247498,2.09796810150146,1662.00979790092,11.4676578342915,17.3921046853065,1275.90174129605,1373.75930596888,0,0,548.519827395678,0.87470942735672,0,2.2170108705759,0,0,0,0,0,0,0.210841998457909,0,0,0,0,0,0,0,0,0,0,2.47983860969543,0,0,2983.70325683057,3117.47330287099,15.5141474604607,0,0,67.7948476970196,12.5501849204302,3953.41448611021,49.109948694706,11.4676578342915,5657.72901412845,35.1993621736765,1247.67837446928,137.463562592864,0,3.20401160418987,10.7351619899273,486.601320356131,12.4166785627604,12.8958605825901,0,0.153719946742058,0,0,0.304054021835327,0.148246809840202,1.73560377955437,0.642832398414612,0.847227871417999,0,0,0,0,0,0,2.79448209702969,1.30630397796631,0.498201578855515,0,0,488.962518900633,2508.9589657858,1.86698397994041,15.4097624272108,0,253.944710180163,673.821230046451,44.3102633357048,70.2630071491003,17.3921046853065,35.1993621736765,10606.9932088926,1293.5952513665,2114.93556450307,1.66048312187195,51.1005936563015,3341.28358571976,161.658371582627,45.4605962634087,1879.74946224689,0,0,0,0,0,0,0,0,0,1.40104687213898,0,0,0,0,0,0,0,0,0,0,7531.84808586538,513.443168804049,0,0,0,81.5690376907587,72.8618825003505,117.001864120364,7.98938991129398,1275.90174129605,1247.67837446928,1293.5952513665,6276.72500388324,2862.9863884747,0.42985987663269,4.90498457103968,932.990079320967,4.80887123942375,4.65501686930656,44.4867952764034,1.25334656238556,0,0,0.902880609035492,0,3.40632289648056,0.850778371095657,2.53326225280762,0.118387706577778,1.56179714202881,0,1.65726290643215,0,66.3790204226971,0,4.36851754784584,0,0,0.630838453769684,1.48809325695038,3693.3514803946,829.012276932597,0.722404479980469,6.49957792460918,0.909731075167656,1831.26489190757,2587.31948769838,173.708061978221,196.298405021429,1373.75930596888,137.463562592864,2114.93556450307,2862.9863884747,10691.1999708712,0,71.1176515668631,6000.1679636091,92.8761728107929,57.371364235878,449.484334148467,0.552687168121338,4.42719405889511,126.365229129791,63.7345172613859,149.721807643771,1.43432985246181,51.3803537636995,0.713036626577377,121.375305980444,0,0,0.78658539056778,0,0,47.4097416251898,135.243224009871,0.186498761177063,25.0100837647915,0.984559655189514,4.96609397232533,0,1.19512179493904,13026.1545479,1229.26665690541,1075.50959655643,7.21766036748886,802.577791035175,2.81605426222086,1668.4754614681,0,0,1.66048312187195,0.42985987663269,0,14016.5383520722,7618.06734790653,0.750058829784393,558.869100779295,13.2696642577648,16.1443931758404,0.491005510091782,28.0762602612376,152.742883861065,228.627200648189,263.489355996251,116.153595872223,402.222316712141,52.953861169517,440.636243760586,0,0,6.62384979426861,0.228514134883881,2.5220860093832,67.5716508105397,1377.30484935641,4.74892278015614,115.307895481586,115.981079995632,23.0625000298023,1.58933924883604,192.430522277951,2499.36514103413,3003.83510159701,3235.73638413846,2354.41753634065,3425.30302984267,246.680080346763,2507.00730903447,0,3.20401160418987,51.1005936563015,4.90498457103968,71.1176515668631,7618.06734790653,19628.1211665347,82.8625794574618,550.008698545396,801.197878703475,282.226677596569,0,0,0,0.142471373081207,0.15618534386158,0,6.48450051248074,1.7591997385025,0.153740793466568,0,0,0,0,0,0,5.90155041962862,0,0,0,0,154.47265855968,473.193007126451,3.71634320914745,20.7761804312468,1.49577870965004,386.090877071023,3020.93481272459,18.3387966603041,165.45718087256,548.519827395678,10.7351619899273,3341.28358571976,932.990079320967,6000.1679636091,0.750058829784393,82.8625794574618,6067.71805134416,123.332691267133,81.3377576619387,617.714163169265,0,0.81527616083622,5.71051667630672,9.33350633084774,22.3616680651903,1.04889777302742,22.3966541737318,2.69524848461151,31.054988309741,0,0,0,0,0,3.40323428809643,41.1527786329389,0,4.05146110057831,14.0602959096432,0.891691267490387,2.18214416503906,3969.67153252661,1133.35568593442,370.526252664626,107.595255509019,173.292833790183,1774.27997763455,964.988446980715,4266.28517848253,0.87470942735672,486.601320356131,161.658371582627,4.80887123942375,92.8761728107929,558.869100779295,550.008698545396,123.332691267133,2445.92850992084,643.77179633826,441.271216094494,0,2.6201406121254,0.411302298307419,13.283555559814,4.81670496612787,70.6858143508434,70.686425305903,210.62174654007,238.322048820555,0,0,0.336424887180328,0,0,0,83.8338656872511,0,9.69533057510853,6991.45429955423,8.80145490169525,64.6614865958691,518.190301164985,15.1681597530842,212.608679682016,18.1912562549114,1754.35130362958,1180.60919759423,1571.53671491146,5437.73404134065,0,12.4166785627604,45.4605962634087,4.65501686930656,57.371364235878,13.2696642577648,801.197878703475,81.3377576619387,643.77179633826,3652.31577204168,305.942761220038,0,0,0.224599659442902,1.2882639169693,1.93318085372448,0.659335792064667,17.0494124889374,2.85328555107117,2.79799771308899,0,0,0,0,0,0,15.1781829148531,0,0.720760554075241,4.52831131219864,0.178229779005051,37.9924886077642,2539.07970362902,27.8063095957041,214.375756770372,2.66391378641129,516.987534947693,5207.30747611821,133.514856353402,459.927086576819,2.2170108705759,12.8958605825901,1879.74946224689,44.4867952764034,449.484334148467,16.1443931758404,282.226677596569,617.714163169265,441.271216094494,305.942761220038,3759.58533114195
