7992.16163037717,890.247072562575,0,2.34248305857182,0,291.424888841808,156.645493984222,1091.21050620079,42.412653490901,3575.45662619174,2317.54214310646,742.968735069036,4994.06109040976,1572.15447799861,0,2.81373517215252,796.266637668014,187.335333511233,205.823668599129,66.1215788573027,1058.05661816895,0.340445518493652,0,0,0,27.2403226792812,0.25918248295784,0.837204575538635,0,666.146761059761,13.0832102149725,0,5.62240728735924,45.3380457013845,0,1.10630682110786,0,0,4.32988566160202,0,890.247072562575,24527.9818581194,789.703994244337,49.2003822922707,0.527110397815704,196.200152255595,3459.25979244709,2606.71770882607,1515.39291839302,6.96830034255981,4998.40749099851,2033.80860465765,533.845123201609,830.970940567553,0.141316786408424,49.7527460306883,273.04010399431,4796.47295567393,243.984251797199,4413.26215384156,0.227619409561157,0.231942400336266,0,0.22600719332695,0,33.2728781849146,4.73695383965969,0,3.00074574351311,0.164487481117249,0,0,0,4.73166393488646,0,0.432137101888657,0.17305226624012,0,1.35650181770325,1.20278103649616,0,789.703994244337,8051.25905939937,1852.12347471714,2651.56439447403,8.66844031214714,1857.31938025355,346.645973339677,1888.98811654747,0,92.067628249526,0,0,0.134359136223793,7028.55658806115,1891.25679904968,0,1380.25439305604,4.04151123762131,1.45064833760262,0,0,220.773247271776,0,320.12936450541,2.96517096459866,0,0,2.31102392077446,0,0,0,0,0,3.64539974927902,7.86312195658684,0,0,0,0,2.34248305857182,49.2003822922707,1852.12347471714,3545.06736379862,890.487361267209,277.69349489361,2805.61351126432,32.8564327806234,1096.54985399544,0,4.32878570258617,3.49577550590038,0.625267937779427,16.8169203028083,1724.95626032352,4235.61204227805,7.07788743078709,856.951628699899,195.153960682452,48.6568297892809,0,0,0,0,106.677832052112,130.958716332912,5.58157590031624,0,39.4661308526993,0,0,0,0,0.194291591644287,0,25.0015674233437,0,0,14.0152711123228,0.115188889205456,0,0.527110397815704,2651.56439447403,890.487361267209,3242.47005327046,84.8816919624805,175.648354545236,0.236005485057831,2058.57503531873,0,0.646062791347504,1.09743964672089,0,1.08478982746601,850.708664789796,2707.86127626151,1.35640862584114,202.980765342712,66.7973108291626,4.84877324104309,0,0,353.508049190044,0,1933.2479455173,67.6965368688107,0,0,260.586772531271,0,0,0,0,0,17.2278599441051,127.480639487505,0,0.976174116134644,5.08969487249851,0,291.424888841808,196.200152255595,8.66844031214714,277.69349489361,84.8816919624805,2102.3101406768,3001.39478809386,883.363919004798,694.0913220644,7.20484140515327,30.4661606103182,173.714189723134,32.0662957727909,2080.99270246923,3.91324426233768,1648.77496420592,163.526022151113,186.040195956826,926.277970418334,188.166610591114,0,1.05460478365421,0,2.17923617362976,52.1407441198826,3065.01002427936,646.896385863423,4.94698561728001,528.431307032704,0,0,11.5894707143307,0.985523283481598,105.421343415976,0.40702161192894,995.065233752131,6.05414071679115,8.06203284859657,99.4295526593924,20.7311345487833,156.645493984222,3459.25979244709,1857.31938025355,2805.61351126432,175.648354545236,3001.39478809386,16731.0489764959,253.84233866632,2192.92041724175,13.4603333026171,121.12055888772,690.987573288381,63.3753260970116,1586.22016233951,33.9709451049566,3042.83078293502,1519.87620347738,2256.30722491443,1751.85793027282,3737.72077938914,0,7.70775072276592,0.594161033630371,1.09654335677624,21.7058053463697,772.610437050462,274.345400981605,4.07764568924904,79.9697084575891,0,0,9.50927096605301,0,56.5858997702599,0,243.5582511127,2.89272604882717,1.22520786523819,52.1501906439662,21.3955550193787,1091.21050620079,2606.71770882607,346.645973339677,32.8564327806234,0.236005485057831,883.363919004798,253.84233866632,5372.3876940459,2348.91138455272,0,2392.07352991402,4.32003718614578,3.3374348282814,112.296896532178,0,58.9336361587048,3.08400356769562,1840.6102180779,1456.05428245664,23.3859922587872,17.6725375652313,1.45533716678619,0,0.973954826593399,8.44579493999481,61.213514149189,5.35527360439301,2.35188281536102,2.39070332050323,0,0.869219437241554,0,0,1.85935473442078,0,0.235364660620689,0,0,188.861228823662,0,42.412653490901,1515.39291839302,1888.98811654747,1096.54985399544,2058.57503531873,694.0913220644,2192.92041724175,2348.91138455272,11471.6969139427,0,497.843823105097,22.7405805289745,4.06272360682487,134.94619846344,151.095328435302,1340.62208174169,27.6169969886541,8050.57779854536,4698.56678578258,134.22609013319,0,0.871845126152039,4.56187504529953,1.41454339027405,1110.0901144594,584.719827845693,102.95557166636,13.1355833113194,797.186919748783,0,0,11.3276289701462,0.665303289890289,6.60698722302914,9.88582873344421,40.1187573671341,7.75191512703896,3.35267153382301,541.11829675734,32.2965353280306,3575.45662619174,6.96830034255981,0,0,0,7.20484140515327,13.4603333026171,0,0,1202.48779518902,2.54188141226768,263.187920629978,1207.43382456899,1045.16703386605,0,0.208382576704025,1713.28120860457,0,0,9.99419960379601,824.403282642365,0,0,0,0,2.57973670959473,0.167155891656876,0,0,2645.74191710353,0,0.316922187805176,207.224607080221,124.399974048138,0,0,4.93283787369728,0,0,0,2317.54214310646,4998.40749099851,92.067628249526,4.32878570258617,0.646062791347504,30.4661606103182,121.12055888772,2392.07352991402,497.843823105097,2.54188141226768,5688.34672042727,163.492498800159,278.856779575348,147.230829618871,0,5.18096745014191,38.6802633404732,750.240241810679,50.5319001227617,124.648805834353,63.8815391361713,0,0,0,0,5.10641902685165,0,0.217010408639908,0,0,24.882335588336,0,0.353663071990013,1.29811272025108,0,2.46273285150528,0,0,0,0,742.968735069036,2033.80860465765,0,3.49577550590038,1.09743964672089,173.714189723134,690.987573288381,4.32003718614578,22.7405805289745,263.187920629978,163.492498800159,9384.51001493633,2867.02009233832,1718.30704399198,0,11.4300103038549,3508.12839518487,86.3183641880751,18.9569616615772,2287.37402503192,1.52646517753601,0.140491798520088,0,0,0,21.2190482318401,2.23831842839718,0,0.974340006709099,16.0602531433105,0,0,0,38.5083106607199,0,0.206380814313889,0,0,0.314145475625992,0,4994.06109040976,533.845123201609,0,0.625267937779427,0,32.0662957727909,63.3753260970116,3.3374348282814,4.06272360682487,1207.43382456899,278.856779575348,2867.02009233832,5630.93203890324,665.826310813427,0,5.00798319280148,1686.07024255395,9.19771461188793,1.53645670413971,47.1456707715988,18.9628386795521,0,0,0,0,6.4034803211689,0.678738936781883,0.244146674871445,0,135.365483999252,0,0,0,25.7716458588839,0,0.141809970140457,0,0,0,0,1572.15447799861,830.970940567553,0.134359136223793,16.8169203028083,1.08478982746601,2080.99270246923,1586.22016233951,112.296896532178,134.94619846344,1045.16703386605,147.230829618871,1718.30704399198,665.826310813427,7607.22321665287,0,66.8038831055164,4972.40643134713,65.1475731357932,72.9235018342733,412.224284902215,27.9111323654652,0.729019224643707,0,0,0.302648603916168,648.28958363086,29.328678175807,0,20.0438361167908,236.526075899601,0,0,0,2040.82909291238,0,5.61305204033852,0.461812496185303,0,1.1116806268692,2.33652132749557,0,0.141316786408424,7028.55658806115,1724.95626032352,850.708664789796,3.91324426233768,33.9709451049566,0,151.095328435302,0,0,0,0,0,6219.85014493763,4119.62450632453,0,37.4692791849375,1.46817868947983,0.841566681861877,0,0,13.8019998669624,0,109.482781603932,1.54126504063606,0,0,0.215332105755806,0,0,0,0,0,2.28614132106304,17.8374239355326,0,0,0,0,2.81373517215252,49.7527460306883,1891.25679904968,4235.61204227805,2707.86127626151,1648.77496420592,3042.83078293502,58.9336361587048,1340.62208174169,0.208382576704025,5.18096745014191,11.4300103038549,5.00798319280148,66.8038831055164,4119.62450632453,14699.7469305322,21.8605483919382,436.402253910899,509.988627076149,60.3155534639955,0,0.741209387779236,15.1666099131107,0,1341.63405971974,650.411351144314,142.546602241695,0.626031696796417,41.6195689439774,0,0,0.921721488237381,0,3.84563493728638,2.24969409406185,3107.38014777005,0.965957850217819,1.14138230681419,17.6922774091363,3.19281469285488,796.266637668014,273.04010399431,0,7.07788743078709,1.35640862584114,163.526022151113,1519.87620347738,3.08400356769562,27.6169969886541,1713.28120860457,38.6802633404732,3508.12839518487,1686.07024255395,4972.40643134713,0,21.8605483919382,7137.46231435239,65.4727031290531,30.5862841010094,663.930825978518,22.8526427149773,0,0,0,0,15.8458339571953,3.61727766692638,0,0.417176187038422,482.153923362494,0,0,0,228.564566701651,0,0.422701209783554,0,0,0,0,187.335333511233,4796.47295567393,1380.25439305604,856.951628699899,202.980765342712,186.040195956826,2256.30722491443,1840.6102180779,8050.57779854536,0,750.240241810679,86.3183641880751,9.19771461188793,65.1475731357932,37.4692791849375,436.402253910899,65.4727031290531,4147.52320471406,1071.85350422561,395.630349606276,0,0,0,0.374546691775322,21.1454782783985,71.0006506443024,5.07717698812485,2.10784414410591,3.27156785130501,0,0,0,0,3.04565465450287,0,1.61782020330429,0,0,53.5075226277113,0.264478474855423,205.823668599129,243.984251797199,4.04151123762131,195.153960682452,66.7973108291626,926.277970418334,1751.85793027282,1456.05428245664,4698.56678578258,0,50.5319001227617,18.9569616615772,1.53645670413971,72.9235018342733,1.46817868947983,509.988627076149,30.5862841010094,1071.85350422561,2817.71892397106,71.7117442637682,2.41976019740105,9.50862000882626,0,3.60931445658207,3.31320053339005,603.522852897644,73.0465647578239,128.626967847347,701.342172056437,0,0.294062048196793,8.33449375629425,0,2.19019255042076,0,9.62574692070484,3.71199989318848,6.93521472811699,6012.66000235081,15.693789690733,66.1215788573027,4413.26215384156,1.45064833760262,48.6568297892809,4.84877324104309,188.166610591114,3737.72077938914,23.3859922587872,134.22609013319,9.99419960379601,124.648805834353,2287.37402503192,47.1456707715988,412.224284902215,0.841566681861877,60.3155534639955,663.930825978518,395.630349606276,71.7117442637682,5233.21054055542,0,0,0,0,0.335266202688217,48.0175673663616,7.11830005049706,0,2.76210367679596,0,0,0,0,7.05089262127876,0,0.309178501367569,0,0,1.57852464914322,1.21488925814629,1058.05661816895,0.227619409561157,0,0,0,0,0,17.6725375652313,0,824.403282642365,63.8815391361713,1.52646517753601,18.9628386795521,27.9111323654652,0,0,22.8526427149773,0,2.41976019740105,0,12492.6356279403,356.430283680558,0,0.736182272434235,0,561.333410769701,50.3616005778313,1156.1400039494,2.74099861085415,3262.74737994373,2876.85338971019,1436.78962361813,8920.98847292364,2596.51215562224,0,0,660.265755131841,4.80843544006348,55.7441605329514,19.5607799887657,0.340445518493652,0.231942400336266,0,0,0,1.05460478365421,7.70775072276592,1.45533716678619,0.871845126152039,0,0,0.140491798520088,0,0.729019224643707,0,0.741209387779236,0,0,9.50862000882626,0,356.430283680558,26716.9982719868,1469.04000456631,72.4737817645073,1.29371820390224,249.06163404882,2363.83071240783,5577.371386379,2053.17677788436,1.12858344614506,3192.1954767257,4032.94144104421,295.602106682956,392.488414548337,2.94281059503555,56.8235208690166,178.150925599039,3226.77408848703,742.240921542048,4020.14562650025,0,0,220.773247271776,0,353.508049190044,0,0.594161033630371,0,4.56187504529953,0,0,0,0,0,13.8019998669624,15.1666099131107,0,0,0,0,0,1469.04000456631,8298.53521251678,592.457093760371,1651.41031867266,4.38847333192825,1107.07571792603,904.925763309002,4142.5815680176,0,59.9907059967518,3.76386108994484,0,0,7471.88704387844,728.529510483146,1.14094233512878,2003.15776243806,28.5930185467005,42.8413066416979,0,0.22600719332695,0,0,0,2.17923617362976,1.09654335677624,0.973954826593399,1.41454339027405,0,0,0,0,0,0,0,0,0.374546691775322,3.60931445658207,0,0.736182272434235,72.4737817645073,592.457093760371,3138.54989688098,282.563849836588,63.5725671201944,2329.14666293561,56.8287390619516,2381.24588322639,0,1.69077301025391,21.1834713593125,0.318211451172829,10.6460370272398,1510.84458957613,2803.57062576711,16.5274697244167,1684.15583996475,284.078128293157,167.357338175178,0,0,320.12936450541,106.677832052112,1933.2479455173,52.1407441198826,21.7058053463697,8.44579493999481,1110.0901144594,0,0,0,0,0.302648603916168,109.482781603932,1341.63405971974,0,21.1454782783985,3.31320053339005,0.335266202688217,0,1.29371820390224,1651.41031867266,282.563849836588,3553.25750011206,124.013876073062,94.4556814730167,0.441901713609695,2125.76092864573,0,0,1.15213240683079,0.53306657075882,0,2164.02340787649,3586.27002607286,1.26729410886765,240.339961379766,5.79022888094187,2.95634734630585,27.2403226792812,33.2728781849146,2.96517096459866,130.958716332912,67.6965368688107,3065.01002427936,772.610437050462,61.213514149189,584.719827845693,2.57973670959473,5.10641902685165,21.2190482318401,6.4034803211689,648.28958363086,1.54126504063606,650.411351144314,15.8458339571953,71.0006506443024,603.522852897644,48.0175673663616,561.333410769701,249.06163404882,4.38847333192825,63.5725671201944,124.013876073062,4692.80286079645,4003.54439559579,1122.87715274096,612.113022014499,6.88974919915199,41.8602860271931,535.252725571394,34.5015785545111,2560.61518339813,3.86303626000881,2585.27565662563,267.057196438313,115.881341606379,1447.5357337743,433.207271188498,0.25918248295784,4.73695383965969,0,5.58157590031624,0,646.896385863423,274.345400981605,5.35527360439301,102.95557166636,0.167155891656876,0,2.23831842839718,0.678738936781883,29.328678175807,0,142.546602241695,3.61727766692638,5.07717698812485,73.0465647578239,7.11830005049706,50.3616005778313,2363.83071240783,1107.07571792603,2329.14666293561,94.4556814730167,4003.54439559579,13252.1506015137,480.679350420833,2388.42109106481,1.49272567033768,0.247064858675003,1263.61351040751,63.8235809057951,1719.47035825253,281.040454089642,2811.64801259339,1886.26158468425,2161.82872582227,1867.59566411376,5357.16694935411,0.837204575538635,0,0,0,0,4.94698561728001,4.07764568924904,2.35188281536102,13.1355833113194,0,0.217010408639908,0,0.244146674871445,0,0,0.626031696796417,0,2.10784414410591,128.626967847347,0,1156.1400039494,5577.371386379,904.925763309002,56.8287390619516,0.441901713609695,1122.87715274096,480.679350420833,8399.29313538969,2409.71102842689,0,3092.70104891062,50.6394445449114,30.6841771304607,14.1288318783045,1.76719188690186,43.5199947059155,4.95410937070847,1165.98006974161,1838.60608043522,136.02541616559,0,3.00074574351311,2.31102392077446,39.4661308526993,260.586772531271,528.431307032704,79.9697084575891,2.39070332050323,797.186919748783,0,0,0.974340006709099,0,20.0438361167908,0.215332105755806,41.6195689439774,0.417176187038422,3.27156785130501,701.342172056437,2.76210367679596,2.74099861085415,2053.17677788436,4142.5815680176,2381.24588322639,2125.76092864573,612.113022014499,2388.42109106481,2409.71102842689,12603.5541010648,0,117.059778034687,73.1148740500212,1.30514621734619,26.7291313633323,964.678084611893,1234.11283566803,39.4673642516136,9382.62309715152,5261.06047037989,284.837028712034,666.146761059761,0.164487481117249,0,0,0,0,0,0,0,2645.74191710353,0,16.0602531433105,135.365483999252,236.526075899601,0,0,482.153923362494,0,0,0,3262.74737994373,1.12858344614506,0,0,0,6.88974919915199,1.49272567033768,0,0,2564.7211663574,0.467464476823807,73.9879673719406,1535.65544863045,1548.51286095381,0,0.29161562025547,1841.69756916165,0,0,2.1513854265213,13.0832102149725,0,0,0,0,0,0,0.869219437241554,0,0,24.882335588336,0,0,0,0,0,0,0,0.294062048196793,0,2876.85338971019,3192.1954767257,59.9907059967518,1.69077301025391,0,41.8602860271931,0.247064858675003,3092.70104891062,117.059778034687,0.467464476823807,5696.13219410181,22.735151976347,2123.84153318405,29.7941419184208,0,0,7.70957851409912,113.27815592289,3.36303865909576,0.822457432746887,0,0,0,0,0,11.5894707143307,9.50927096605301,0,11.3276289701462,0.316922187805176,0,0,0,0,0,0.921721488237381,0,0,8.33449375629425,0,1436.78962361813,4032.94144104421,3.76386108994484,21.1834713593125,1.15213240683079,535.252725571394,1263.61351040751,50.6394445449114,73.1148740500212,73.9879673719406,22.735151976347,12539.9313994944,2411.26444167644,2682.52530953288,0,34.4687207788229,3596.57470295578,187.463648013771,52.3609568476677,2012.8697451055,5.62240728735924,0,0,0,0,0.985523283481598,0,0,0.665303289890289,207.224607080221,0.353663071990013,0,0,0,0,0,0,0,0,0,8920.98847292364,295.602106682956,0,0.318211451172829,0.53306657075882,34.5015785545111,63.8235809057951,30.6841771304607,1.30514621734619,1535.65544863045,2123.84153318405,2411.26444167644,6709.31974875927,1187.55374577641,0,0,1748.35580103844,7.15599226951599,3.18048343062401,20.5964803621173,45.3380457013845,4.73166393488646,0,0.194291591644287,0,105.421343415976,56.5858997702599,1.85935473442078,6.60698722302914,124.399974048138,1.29811272025108,38.5083106607199,25.7716458588839,2040.82909291238,0,3.84563493728638,228.564566701651,3.04565465450287,2.19019255042076,7.05089262127876,2596.51215562224,392.488414548337,0,10.6460370272398,0,2560.61518339813,1719.47035825253,14.1288318783045,26.7291313633323,1548.51286095381,29.7941419184208,2682.52530953288,1187.55374577641,6932.74292644858,0,72.557212755084,4398.06138184667,69.6330500394106,52.8419287651777,365.957165293396,0,0,3.64539974927902,0,17.2278599441051,0.40702161192894,0,0,9.88582873344421,0,0,0,0,0,2.28614132106304,2.24969409406185,0,0,0,0,0,2.94281059503555,7471.88704387844,1510.84458957613,2164.02340787649,3.86303626000881,281.040454089642,1.76719188690186,964.678084611893,0,0,0,0,0,9908.91664000601,4959.98583059013,2.45679000020027,708.753200829029,13.4146882593632,10.1145615428686,1.10630682110786,0.432137101888657,7.86312195658684,25.0015674233437,127.480639487505,995.065233752131,243.5582511127,0.235364660620689,40.1187573671341,0,2.46273285150528,0.206380814313889,0.141809970140457,5.61305204033852,17.8374239355326,3107.38014777005,0.422701209783554,1.61782020330429,9.62574692070484,0.309178501367569,0,56.8235208690166,728.529510483146,2803.57062576711,3586.27002607286,2585.27565662563,2811.64801259339,43.5199947059155,1234.11283566803,0.29161562025547,0,34.4687207788229,0,72.557212755084,4959.98583059013,15800.0904687792,20.9850928783417,515.669745445251,430.694125592709,100.251094788313,0,0.17305226624012,0,0,0,6.05414071679115,2.89272604882717,0,7.75191512703896,4.93283787369728,0,0,0,0.461812496185303,0,0.965957850217819,0,0,3.71199989318848,0,660.265755131841,178.150925599039,1.14094233512878,16.5274697244167,1.26729410886765,267.057196438313,1886.26158468425,4.95410937070847,39.4673642516136,1841.69756916165,7.70957851409912,3596.57470295578,1748.35580103844,4398.06138184667,2.45679000020027,20.9850928783417,6800.20517355204,95.0778813064098,19.7411365807056,554.325476944447,0,0,0,0,0.976174116134644,8.06203284859657,1.22520786523819,0,3.35267153382301,0,0,0,0,0,0,1.14138230681419,0,0,6.93521472811699,0,4.80843544006348,3226.77408848703,2003.15776243806,1684.15583996475,240.339961379766,115.881341606379,2161.82872582227,1165.98006974161,9382.62309715152,0,113.27815592289,187.463648013771,7.15599226951599,69.6330500394106,708.753200829029,515.669745445251,95.0778813064098,4260.9740806222,1192.91033625603,471.773881629109,4.32988566160202,1.35650181770325,0,14.0152711123228,5.08969487249851,99.4295526593924,52.1501906439662,188.861228823662,541.11829675734,0,0,0.314145475625992,0,1.1116806268692,0,17.6922774091363,0,53.5075226277113,6012.66000235081,1.57852464914322,55.7441605329514,742.240921542048,28.5930185467005,284.078128293157,5.79022888094187,1447.5357337743,1867.59566411376,1838.60608043522,5261.06047037989,0,3.36303865909576,52.3609568476677,3.18048343062401,52.8419287651777,13.4146882593632,430.694125592709,19.7411365807056,1192.91033625603,2609.61777631938,284.619838029146,0,1.20278103649616,0,0.115188889205456,0,20.7311345487833,21.3955550193787,0,32.2965353280306,0,0,0,0,2.33652132749557,0,3.19281469285488,0,0.264478474855423,15.693789690733,1.21488925814629,19.5607799887657,4020.14562650025,42.8413066416979,167.357338175178,2.95634734630585,433.207271188498,5357.16694935411,136.02541616559,284.837028712034,2.1513854265213,0.822457432746887,2012.8697451055,20.5964803621173,365.957165293396,10.1145615428686,100.251094788313,554.325476944447,471.773881629109,284.619838029146,4807.58687660098
