9548.89766600728,415.905489251018,0.27727609872818,7.58202460408211,0,372.661859318614,156.014057800174,715.206537306309,14.2475868910551,2082.57097832859,3167.92293375731,575.613404683769,7084.88430230319,2190.33292251825,0.259069621562958,16.3632329851389,926.736185193062,25.7024788409472,192.210387721658,33.7401539385319,2619.30409927666,0,0,0,0,0.30108579993248,2.4386157989502,1.50036877393723,0,1090.99672619998,0,0,0.28227773308754,16.9321411252022,0,1.46450027823448,0,0,10.0651759207249,0,415.905489251018,32484.6456326544,890.984183616936,189.364238917828,84.1457225233316,269.387043111026,2391.83511368185,2884.16601075232,1385.04894825071,5.04983928799629,4647.6620529592,1666.34792794287,837.103046514094,588.267960898578,66.2533696442842,292.410549253225,331.183206252754,5070.70284284651,400.893817611039,3112.93134956062,3.41376306116581,0,4.31222680211067,7.82933075726032,7.96766832470894,13.5878856480122,18.1513867080212,0,3.8873021453619,0.904601991176605,0,0,0,0.709544539451599,2.84822927415371,29.4564543440938,0,0,3.90724876523018,0,0.27727609872818,890.984183616936,12941.2259913683,855.012265697122,1260.76637946069,5.71129766106606,1777.90534156561,604.925468206406,2958.79234644771,0,60.462086468935,1.68900871276855,0,0.483869418501854,10621.2966387272,2478.4478379339,0.176921769976616,1250.61469528079,6.61427986621857,16.9804148823023,0,0,54.6256675794721,1.64646229147911,30.5944316089153,0,0.843984633684158,0,22.6177932024002,0,0,0,0,0,4.74994489550591,43.6205546483397,0,1.07236850261688,0,0,7.58202460408211,189.364238917828,855.012265697122,3313.45550741255,357.415078818798,26.7788058668375,3845.55385937542,38.0597560107708,1010.00632244349,1.22576487064362,5.11397896707058,26.9957606643438,5.39182662963867,37.0634578168392,1893.48171944916,3380.51034780592,33.8916238248348,295.443177998066,347.940553158522,222.585469156504,0,0,13.5960020720959,53.4424718618393,60.3198665678501,8.21872917562723,59.3239482343197,5.1081634759903,33.6929672658443,0,0.18064858019352,2.48884476721287,0,1.35313472151756,15.9948063343763,221.989050202072,2.00392106175423,3.19633941352367,30.5377565324306,8.25104215741158,0,84.1457225233316,1260.76637946069,357.415078818798,1783.78678376973,1339.87354336679,418.62600004673,2.47753205895424,4182.91050069034,0,0,2.88504242897034,1.38980579376221,2.957868039608,356.570484757423,3021.96872901917,1.20328359305859,724.394419550896,67.9025403112173,17.0326252430677,0,1.23797371983528,90.8756401836872,132.226989492774,843.176299273968,69.3118363171816,55.3789564073086,1.82251960039139,436.262927561998,0,0,0.452146217226982,0.790288746356964,0.674529805779457,119.452515460551,705.22347137332,0.607469469308853,20.9343649297953,12.6914975494146,4.27379336208105,372.661859318614,269.387043111026,5.71129766106606,26.7788058668375,1339.87354336679,3272.01087722182,2537.51325067133,918.775911673903,480.665096372366,0.427399009466171,61.6439217627048,176.378431648016,54.9930075332522,1683.98619163036,6.04227344691753,1768.28936883807,261.329448878765,94.3368518203497,1809.84379589558,105.239791087806,0,1.6490171700716,1.69319568574429,54.0506294965744,81.5736300349236,294.935268446803,178.046872630715,0.539104342460632,50.1246047466993,0,0,5.77182057499886,1.42764584720135,21.9791446626186,1.14939939975739,361.163640856743,1.21543578803539,6.54706007242203,346.374891966581,6.75708463788033,156.014057800174,2391.83511368185,1777.90534156561,3845.55385937542,418.62600004673,2537.51325067133,23630.7158480957,140.657496407628,2062.87379070371,3.39237594604492,115.412694074214,964.908003389835,163.262213289738,1959.54390967637,380.822756901383,3620.31714547426,3239.51889457554,1330.51491959393,1738.37350048125,5511.93250154704,0.222588747739792,2.42033088207245,17.0940264314413,76.9889190196991,89.1930029690266,216.550896093249,612.821854040027,3.42550265789032,49.8188677430153,0,0,3.80362147092819,0,23.3800790011883,18.9797227084637,416.078776493669,4.39251273870468,6.38207058608532,54.4663071781397,7.35578548908234,715.206537306309,2884.16601075232,604.925468206406,38.0597560107708,2.47753205895424,918.775911673903,140.657496407628,4179.74848297238,2254.9791033566,1.35844250023365,2607.26668478549,17.3126269578934,13.6988179981709,32.8896997869015,2.24265712499619,45.644735135138,5.0586943924427,1104.17921364307,687.038677811623,25.6873512864113,2.87000286579132,0,0,5.10929930210114,0,1.86729818582535,1.62021631002426,0.206136882305145,13.9376360177994,0,0,0,0,0,0,8.12044298648834,0.471751630306244,1.04769310355186,58.6904846578836,0,14.2475868910551,1385.04894825071,2958.79234644771,1010.00632244349,4182.91050069034,480.665096372366,2062.87379070371,2254.9791033566,10128.621505022,0,799.636999160051,70.5950982123613,17.1487317979336,175.571223087609,337.842707410455,2172.8703853488,167.324489921331,8106.1249037832,4157.62255116552,277.724453493953,0,0.905204594135284,65.2637363374233,94.7530585825443,1192.81241835654,105.886458650231,78.6247940585017,12.2541920393705,2102.28390851617,0,1.14708733558655,0,0,5.41677229106426,95.6862305700779,455.160265170038,0.559028804302216,17.0205948650837,462.515245318413,5.94532585144043,2082.57097832859,5.04983928799629,0,1.22576487064362,0,0.427399009466171,3.39237594604492,1.35844250023365,0,1404.585283041,91.5016565173864,309.446018517017,2702.43894073367,761.15090700984,0,0.539847031235695,1864.69668912888,0,0,0.34510999917984,58.9585527032614,0,0,0,0,0,0,0,0,1060.88038113713,0,0,0,22.3665616214275,0,0,0,0,0,0,3167.92293375731,4647.6620529592,60.462086468935,5.11397896707058,0,61.6439217627048,115.412694074214,2607.26668478549,799.636999160051,91.5016565173864,4574.63160994649,141.915612131357,1512.77190694213,205.261485248804,0.152613013982773,9.73122931271791,107.919861860573,1370.88967576623,31.3285554647446,39.9298769235611,80.1769685596228,0,0,0,0.14729055762291,1.58348870277405,1.35178816318512,0,0,17.1826440989971,0.675345778465271,0,0,1.41331544518471,0.183650389313698,4.17786169052124,0,0,1.84666663408279,0,575.613404683769,1666.34792794287,1.68900871276855,26.9957606643438,2.88504242897034,176.378431648016,964.908003389835,17.3126269578934,70.5950982123613,309.446018517017,141.915612131357,10400.0635429397,782.385717399418,2237.87280900031,2.48285880684853,49.98906160146,4676.85576666892,57.629816904664,74.0834752172232,2619.65153592825,7.78277176618576,0,0,1.62844103574753,0,8.26955719292164,5.5954571813345,0,0.431883245706558,19.5502308309078,0,0,0,4.97228482365608,0,7.23793670535088,0,0,0,0,7084.88430230319,837.103046514094,0,5.39182662963867,1.38980579376221,54.9930075332522,163.262213289738,13.6988179981709,17.1487317979336,2702.43894073367,1512.77190694213,782.385717399418,6613.02282969654,920.640551954508,1.59712788462639,14.600697889924,1163.68362724781,41.2502125501633,13.8551365435123,64.4494633451104,247.562919661403,0,0,0.969381660223007,0.977064430713654,1.41134810447693,0.343653440475464,0,0.238526031374931,370.630010187626,0,0,0,2.21333973109722,0,0.601443275809288,0,0,0,0,2190.33292251825,588.267960898578,0.483869418501854,37.0634578168392,2.957868039608,1683.98619163036,1959.54390967637,32.8896997869015,175.571223087609,761.15090700984,205.261485248804,2237.87280900031,920.640551954508,7856.39145102352,1.28944155573845,119.476042874157,5687.77651928365,64.8965998440981,399.828179836273,307.3816094473,32.3248522877693,0,0,0.937738090753555,0,16.8013154566288,19.694474235177,1.05665528774261,2.70690035820007,319.747634917498,0,0,0,291.312045708299,0,8.30400434136391,0,0,3.25452992320061,0,0.259069621562958,66.2533696442842,10621.2966387272,1893.48171944916,356.570484757423,6.04227344691753,380.822756901383,2.24265712499619,337.842707410455,0,0.152613013982773,2.48285880684853,1.59712788462639,1.28944155573845,8873.86522994936,4453.5829621926,0.383723139762878,407.084072306752,7.04643657803535,17.404348090291,0,0,1.34256106615067,3.34936510026455,23.8671509176493,2.06694936752319,0,0,0.887913435697556,0,0,0,0,0,0.885235846042633,42.2022330611944,0,0.281486660242081,0,0,16.3632329851389,292.410549253225,2478.4478379339,3380.51034780592,3021.96872901917,1768.28936883807,3620.31714547426,45.644735135138,2172.8703853488,0.539847031235695,9.73122931271791,49.98906160146,14.600697889924,119.476042874157,4453.5829621926,19272.5803848058,106.671776384115,809.794570200145,728.764665856957,158.431315250695,0,3.79054414480925,36.652838088572,178.515801280737,557.097850777209,254.694961883128,472.693725816905,12.5070686340332,231.809053875506,0,0,4.24328684806824,0.617026090621948,18.0609920918941,34.6679373756051,1991.78317114711,7.53428345918655,20.9507379829884,85.2126107439399,15.115669593215,926.736185193062,331.183206252754,0.176921769976616,33.8916238248348,1.20328359305859,261.329448878765,3239.51889457554,5.0586943924427,167.324489921331,1864.69668912888,107.919861860573,4676.85576666892,1163.68362724781,5687.77651928365,0.383723139762878,106.671776384115,5864.16286171973,41.5162689238787,92.805810213089,581.125117011368,28.0894692838192,0,0.965108394622803,3.28013843297958,0,9.7015593200922,11.0195459872484,0,0,260.143250107765,0,0,0,26.2014644443989,0,6.74566094577312,0,0,2.90100502967834,0,25.7024788409472,5070.70284284651,1250.61469528079,295.443177998066,724.394419550896,94.3368518203497,1330.51491959393,1104.17921364307,8106.1249037832,0,1370.88967576623,57.629816904664,41.2502125501633,64.8965998440981,407.084072306752,809.794570200145,41.5162689238787,3206.38738764822,501.564599707723,248.221636295319,0.579751193523407,0,5.21661341190338,9.64899727702141,40.4798579663038,6.98397788405418,8.09145270287991,0,10.5741098225117,0,0,1.04410302639008,0,1.99389445781708,5.74218420684338,78.520845733583,0,3.83790229260921,11.3977548778057,0,192.210387721658,400.893817611039,6.61427986621857,347.940553158522,67.9025403112173,1809.84379589558,1738.37350048125,687.038677811623,4157.62255116552,0,31.3285554647446,74.0834752172232,13.8551365435123,399.828179836273,7.04643657803535,728.764665856957,92.805810213089,501.564599707723,2968.21197232604,352.274838417768,0,3.78315794467926,8.28299739956856,76.0774643421173,7.36502869427204,557.301469609141,114.508632972836,54.7532215118408,584.113212943077,0,0,2.85558246076107,0,3.76675927639008,2.7304293513298,138.054696209729,0.288942277431488,14.067909091711,6402.88128997386,18.8728916049004,33.7401539385319,3112.93134956062,16.9804148823023,222.585469156504,17.0326252430677,105.239791087806,5511.93250154704,25.6873512864113,277.724453493953,0.34510999917984,39.9298769235611,2619.65153592825,64.4494633451104,307.3816094473,17.404348090291,158.431315250695,581.125117011368,248.221636295319,352.274838417768,5652.71844482422,0,0,0.38934750854969,6.49061526358128,4.37499302625656,16.5266003459692,3.12581160664558,0,4.42957323789597,0,0,0,0,2.90389722585678,0.73465821146965,17.6899234503508,0,0,1.01523149013519,0,2619.30409927666,3.41376306116581,0,0,0,0,0.222588747739792,2.87000286579132,0,58.9585527032614,80.1769685596228,7.78277176618576,247.562919661403,32.3248522877693,0,0,28.0894692838192,0.579751193523407,0,0,15989.1357591748,290.012139990926,2.4200704395771,4.99903631210327,0.307197719812393,320.828692406416,137.661783501506,774.225390598178,0,3785.90442426503,2946.92793346941,1193.78095763922,9136.00286543369,2934.63482426107,0.18238177895546,3.63145552575588,251.293942138553,11.0886343121529,29.3472202718258,18.6801598519087,0,0,0,0,1.23797371983528,1.6490171700716,2.42033088207245,0,0.905204594135284,0,0,0,0,0,0,3.79054414480925,0,0,3.78315794467926,0,290.012139990926,26377.7488417849,450.154386863112,89.9297689348459,4.2712464928627,91.7907240986824,1788.65873927623,4696.02237480879,707.851015627384,0.827718794345856,3227.28391437232,2533.15808928013,278.753088831902,311.835893988609,11.1699819266796,81.9850035980344,279.026013575494,2854.82274267077,702.768685281277,3124.65725474805,0,4.31222680211067,54.6256675794721,13.5960020720959,90.8756401836872,1.69319568574429,17.0940264314413,0,65.2637363374233,0,0,0,0,0,1.34256106615067,36.652838088572,0.965108394622803,5.21661341190338,8.28299739956856,0.38934750854969,2.4200704395771,450.154386863112,11036.5790970922,601.987064674497,1040.48658059537,11.6152662187815,3018.08724200726,144.763929590583,4714.58400312066,0,29.4774154722691,28.031327188015,2.67065063118935,33.6701834350824,9692.5046312958,1574.56536446512,60.4234383106232,1126.44140873849,89.6942236423492,101.773368030787,0,7.82933075726032,1.64646229147911,53.4424718618393,132.226989492774,54.0506294965744,76.9889190196991,5.10929930210114,94.7530585825443,0,0,1.62844103574753,0.969381660223007,0.937738090753555,3.34936510026455,178.515801280737,3.28013843297958,9.64899727702141,76.0774643421173,6.49061526358128,4.99903631210327,89.9297689348459,601.987064674497,3048.49234999716,283.576803326607,74.186380058527,2597.38008107245,164.507359966636,995.18084615469,0,3.35626667737961,77.9006402343512,10.504302740097,57.5423351079226,1497.04969130456,2560.03307244182,127.469518855214,207.937074884772,559.92074111104,224.681799352169,0,7.96766832470894,30.5944316089153,60.3198665678501,843.176299273968,81.5736300349236,89.1930029690266,0,1192.81241835654,0,0.14729055762291,0,0.977064430713654,0,23.8671509176493,557.097850777209,0,40.4798579663038,7.36502869427204,4.37499302625656,0.307197719812393,4.2712464928627,1040.48658059537,283.576803326607,2394.85593938828,1131.86564916372,204.430751264095,5.29198434948921,2789.35959883034,0,0,1.30544158816338,0,4.73033040761948,604.109599754214,2783.34186308831,5.92425616085529,109.302946120501,36.2648866772652,7.19366151094437,0.30108579993248,13.5878856480122,0,8.21872917562723,69.3118363171816,294.935268446803,216.550896093249,1.86729818582535,105.886458650231,0,1.58348870277405,8.26955719292164,1.41134810447693,16.8013154566288,2.06694936752319,254.694961883128,9.7015593200922,6.98397788405418,557.301469609141,16.5266003459692,320.828692406416,91.7907240986824,11.6152662187815,74.186380058527,1131.86564916372,3830.11936323345,2520.34418904036,1618.27803602815,509.724933311343,2.29907548427582,78.4568181186914,188.353833571076,90.4279102534056,2257.08064846694,9.67726112902164,2292.13231863081,122.127557709813,28.0747077316046,2536.74041205645,283.903372421861,2.4386157989502,18.1513867080212,0.843984633684158,59.3239482343197,55.3789564073086,178.046872630715,612.821854040027,1.62021631002426,78.6247940585017,0,1.35178816318512,5.5954571813345,0.343653440475464,19.694474235177,0,472.693725816905,11.0195459872484,8.09145270287991,114.508632972836,3.12581160664558,137.661783501506,1788.65873927623,3018.08724200726,2597.38008107245,204.430751264095,2520.34418904036,16769.6957138851,459.431614920497,1641.04848403484,1.04107302427292,42.8186252117157,1410.65983577073,247.398848645389,2200.30492798984,350.573248237371,2356.00358561426,2454.57714010775,999.963304415345,2302.60107018054,4795.35708985478,1.50036877393723,0,0,5.1081634759903,1.82251960039139,0.539104342460632,3.42550265789032,0.206136882305145,12.2541920393705,0,0,0,0,1.05665528774261,0,12.5070686340332,0,0,54.7532215118408,0,774.225390598178,4696.02237480879,144.763929590583,164.507359966636,5.29198434948921,1618.27803602815,459.431614920497,4361.63139148057,2965.36840072274,0,3744.86244529486,20.3439056575298,88.3227200061083,220.111229017377,19.383876465261,147.756564207375,9.15601024031639,1616.11506693065,1004.74651481211,122.092629492283,0,3.8873021453619,22.6177932024002,33.6929672658443,436.262927561998,50.1246047466993,49.8188677430153,13.9376360177994,2102.28390851617,0,0,0.431883245706558,0.238526031374931,2.70690035820007,0.887913435697556,231.809053875506,0,10.5741098225117,584.113212943077,4.42957323789597,0,707.851015627384,4714.58400312066,995.18084615469,2789.35959883034,509.724933311343,1641.04848403484,2965.36840072274,10800.2619643509,0,280.001993119717,34.4924829155207,5.29929894208908,95.192349717021,973.765041276813,1595.39061521739,70.7206225395203,6668.90553037822,3932.43435014784,155.152255654335,1090.99672619998,0.904601991176605,0,0,0,0,0,0,0,1060.88038113713,17.1826440989971,19.5502308309078,370.630010187626,319.747634917498,0,0,260.143250107765,0,0,0,3785.90442426503,0.827718794345856,0,0,0,2.29907548427582,1.04107302427292,0,0,2348.95764368773,47.3831720650196,68.9609676152468,2263.39876869321,1421.55910104513,0,0,1187.33117586374,0,0,0.742026150226593,0,0,0,0.18064858019352,0,0,0,0,1.14708733558655,0,0.675345778465271,0,0,0,0,0,0,0,0,0,2946.92793346941,3227.28391437232,29.4774154722691,3.35626667737961,0,78.4568181186914,42.8186252117157,3744.86244529486,280.001993119717,47.3831720650196,6617.31676512957,89.3492235541344,3326.36063823104,221.89846342802,0,2.84979428350925,15.4217173308134,459.506213635206,38.1271114647388,5.02429841458797,0,0,0,2.48884476721287,0.452146217226982,5.77182057499886,3.80362147092819,0,0,0,0,0,0,0,0,4.24328684806824,0,1.04410302639008,2.85558246076107,0,1193.78095763922,2533.15808928013,28.031327188015,77.9006402343512,1.30544158816338,188.353833571076,1410.65983577073,20.3439056575298,34.4924829155207,68.9609676152468,89.3492235541344,9712.40059842169,1455.46316865087,2743.27532034367,6.76329497992992,34.3837328776717,2423.04126232862,53.930024549365,137.73513686657,2290.21114394069,0.28227773308754,0,0,0,0.790288746356964,1.42764584720135,0,0,0,0,0,0,0,0,0,0.617026090621948,0,0,0,0,9136.00286543369,278.753088831902,2.67065063118935,10.504302740097,0,90.4279102534056,247.398848645389,88.3227200061083,5.29929894208908,2263.39876869321,3326.36063823104,1455.46316865087,8880.13287122548,2507.01724721491,0.470449611544609,6.96550664305687,562.932289585471,18.0100776106119,33.0760083049536,50.933355435729,16.9321411252022,0.709544539451599,0,1.35313472151756,0.674529805779457,21.9791446626186,23.3800790011883,0,5.41677229106426,22.3665616214275,1.41331544518471,4.97228482365608,2.21333973109722,291.312045708299,0,18.0609920918941,26.2014644443989,1.99389445781708,3.76675927639008,2.90389722585678,2934.63482426107,311.835893988609,33.6701834350824,57.5423351079226,4.73033040761948,2257.08064846694,2200.30492798984,220.111229017377,95.192349717021,1421.55910104513,221.89846342802,2743.27532034367,2507.01724721491,9506.58560257405,7.29834948480129,80.0955541133881,5606.25861983746,40.066045075655,218.909015119076,245.643626429141,0,2.84822927415371,4.74994489550591,15.9948063343763,119.452515460551,1.14939939975739,18.9797227084637,0,95.6862305700779,0,0.183650389313698,0,0,0,0.885235846042633,34.6679373756051,0,5.74218420684338,2.7304293513298,0.73465821146965,0.18238177895546,11.1699819266796,9692.5046312958,1497.04969130456,604.109599754214,9.67726112902164,350.573248237371,19.383876465261,973.765041276813,0,0,6.76329497992992,0.470449611544609,7.29834948480129,11256.297464028,6835.70108987391,9.56497152149677,286.123160094023,47.7594454586506,24.6238515079021,1.46450027823448,29.4564543440938,43.6205546483397,221.989050202072,705.22347137332,361.163640856743,416.078776493669,8.12044298648834,455.160265170038,0,4.17786169052124,7.23793670535088,0.601443275809288,8.30400434136391,42.2022330611944,1991.78317114711,6.74566094577312,78.520845733583,138.054696209729,17.6899234503508,3.63145552575588,81.9850035980344,1574.56536446512,2560.03307244182,2783.34186308831,2292.13231863081,2356.00358561426,147.756564207375,1595.39061521739,0,2.84979428350925,34.3837328776717,6.96550664305687,80.0955541133881,6835.70108987391,16645.7699186355,42.2160120233893,264.041059032083,931.203070744872,124.950488448143,0,0,0,2.00392106175423,0.607469469308853,1.21543578803539,4.39251273870468,0.471751630306244,0.559028804302216,0,0,0,0,0,0,7.53428345918655,0,0,0.288942277431488,0,251.293942138553,279.026013575494,60.4234383106232,127.469518855214,5.92425616085529,122.127557709813,2454.57714010775,9.15601024031639,70.7206225395203,1187.33117586374,15.4217173308134,2423.04126232862,562.932289585471,5606.25861983746,9.56497152149677,42.2160120233893,6710.39809902012,21.9702223241329,234.213371425867,613.590921014547,0,0,1.07236850261688,3.19633941352367,20.9343649297953,6.54706007242203,6.38207058608532,1.04769310355186,17.0205948650837,0,0,0,0,0,0.281486660242081,20.9507379829884,0,3.83790229260921,14.067909091711,0,11.0886343121529,2854.82274267077,1126.44140873849,207.937074884772,109.302946120501,28.0747077316046,999.963304415345,1616.11506693065,6668.90553037822,0,459.506213635206,53.930024549365,18.0100776106119,40.066045075655,286.123160094023,264.041059032083,21.9702223241329,2179.15289133787,726.00461153686,267.465804994106,10.0651759207249,3.90724876523018,0,30.5377565324306,12.6914975494146,346.374891966581,54.4663071781397,58.6904846578836,462.515245318413,0,1.84666663408279,0,0,3.25452992320061,0,85.2126107439399,2.90100502967834,11.3977548778057,6402.88128997386,1.01523149013519,29.3472202718258,702.768685281277,89.6942236423492,559.92074111104,36.2648866772652,2536.74041205645,2302.60107018054,1004.74651481211,3932.43435014784,0,38.1271114647388,137.73513686657,33.0760083049536,218.909015119076,47.7594454586506,931.203070744872,234.213371425867,726.00461153686,4433.09625926614,641.656520202756,0,0,0,8.25104215741158,4.27379336208105,6.75708463788033,7.35578548908234,0,5.94532585144043,0,0,0,0,0,0,15.115669593215,0,0,18.8728916049004,0,18.6801598519087,3124.65725474805,101.773368030787,224.681799352169,7.19366151094437,283.903372421861,4795.35708985478,122.092629492283,155.152255654335,0.742026150226593,5.02429841458797,2290.21114394069,50.933355435729,245.643626429141,24.6238515079021,124.950488448143,613.590921014547,267.465804994106,641.656520202756,4316.26810258627
