9339.45738479495,372.168348282576,2.84175372123718,2.19197502732277,0,316.948088183999,115.874583214521,913.292467325926,15.2063694149256,2421.80031974614,2817.61621755362,303.56921954453,10117.5602942705,1826.87029442191,0,1.83824427425861,484.493702545762,23.4506972134113,125.67568461597,64.8873907774687,2764.57697695494,0,0,0,0,1.70959770679474,3.65883074700832,0,2.43793678283691,836.156274095178,1.82554650306702,0,0,8.9360967874527,0,0,0,0,0,0,372.168348282576,38502.905655399,583.891516461968,140.928806126118,17.6077115535736,370.610611796379,2123.022405155,2461.37012931705,910.311251208186,14.8446610569954,5564.68486739695,2679.18913288414,871.412576913834,960.034864887595,23.2246685624123,96.7844969034195,465.627864599228,4362.16962185502,190.83538942039,3290.53223177791,1.55140507221222,0,0.215326339006424,0.227913916110992,1.34087052941322,14.6285234391689,26.3611160218716,0,9.24994915723801,0,0,0,0,3.5985295176506,0,12.9471832588315,0.576752483844757,0.501625001430511,9.51254253089428,3.54756744205952,2.84175372123718,583.891516461968,13383.9946140423,1358.54822447896,2039.74414636195,26.411881044507,1778.75532627851,209.033698841929,5153.70620067418,0,142.024744719267,1.17572236061096,0.219225481152534,2.98792646825314,9814.61064839363,2617.87193018198,11.2343589067459,1921.21922045201,35.3283868134022,20.8830446451902,0,0,91.4823126792908,15.0998893082142,292.857248514891,1.72976820170879,7.45233815908432,0,126.436395391822,0,0,0,0,0,5.15576803684235,46.7066632509232,0,8.0112861096859,1.9905968606472,0.942758440971375,2.19197502732277,140.928806126118,1358.54822447896,3172.29697042704,337.317315474153,28.3925563842058,3428.92177724838,144.723781704903,1016.73625492305,0,8.66767153143883,26.6927139759064,0.190950274467468,23.8043046742678,2263.39532981813,2777.96233616769,79.1645137518644,593.247485592961,112.200005561113,133.331913948059,0,0.445159912109375,26.250233784318,49.3839056193829,118.60643440485,10.4350768774748,69.5068058297038,3.10999329388142,132.304360836744,0,0.202976629137993,0.282110691070557,0,1.4399434030056,5.9511643499136,164.274326868355,0.527772203087807,19.4083178937435,21.1670518219471,2.93663518130779,0,17.6077115535736,2039.74414636195,337.317315474153,1874.19550660253,783.358582168818,112.272863224149,7.62965527176857,2416.74527257681,0,0.219012007117271,0.277069181203842,0,7.52503353357315,643.095582261682,3207.25321528316,2.47197233140469,277.703207969666,15.4105532616377,0.748436614871025,0,0,62.6640133410692,27.936189442873,479.968729481101,19.1549926996231,16.3619815409184,1.82160782814026,183.009275823832,0,0,0,0,0,3.32586131989956,179.866553634405,0,19.8375362753868,3.16143941879272,0,316.948088183999,370.610611796379,26.411881044507,28.3925563842058,783.358582168818,4484.25545156002,1675.82775199413,330.167014285922,456.304240703583,5.13730978965759,98.6163686066866,134.839288264513,47.8099659830332,2548.1879991591,9.08906018733978,2080.10748458654,364.573282033205,107.941894561052,281.734758228064,292.632035106421,3.13339653611183,3.0929956138134,0,20.3415494114161,62.6783298552036,344.655389279127,296.209327869117,6.74465811252594,24.4725879877806,0,6.13265812397003,2.41612994670868,0.757109761238098,134.294879719615,1.31433966755867,296.454981274903,0,6.40316054224968,20.5403137803078,11.7162916064262,115.874583214521,2123.022405155,1778.75532627851,3428.92177724838,112.272863224149,1675.82775199413,13390.2614687905,1087.49508303404,2768.00937478244,3.22751958668232,172.65155800432,366.882662475109,77.3570237159729,1003.4482485652,170.290686517954,2417.56404624134,1950.03691851348,1692.9622316286,1854.73562027514,4747.42668759823,10.9207628667355,27.1362466514111,4.79668362438679,24.9129487872124,24.9673403352499,373.073285296559,1348.06609586626,27.4135758727789,154.053117647767,0.25818657875061,14.2052914351225,30.3035314828157,5.69924858212471,98.6896126419306,2.14653081446886,247.401085808873,31.262448862195,22.6218502447009,208.087191693485,145.36309927702,913.292467325926,2461.37012931705,209.033698841929,144.723781704903,7.62965527176857,330.167014285922,1087.49508303404,2584.46147333086,4346.50211384892,0,1862.50897346437,18.1675050258636,10.9796673953533,184.969942644238,12.7238632440567,385.20293469727,38.7222329080105,2260.33928716183,1717.76343454421,176.676764786243,0.796625673770905,0,0.560935437679291,0.384827703237534,0,55.7818258106709,55.7501574605703,6.72761189937592,5.64279639720917,0,2.02307200431824,2.42721605300903,0,4.9855180978775,0,11.8762828409672,0.329850435256958,0,53.1160392612219,4.42758131027222,15.2063694149256,910.311251208186,5153.70620067418,1016.73625492305,2416.74527257681,456.304240703583,2768.00937478244,4346.50211384892,11803.2678901479,0.487374156713486,634.685810744762,31.0492258369923,1.99949267506599,65.6103406846523,954.948876217008,2341.16529438645,84.7371522933245,7210.26646491885,4727.79083072394,285.777372531593,0.729637563228607,11.1434239000082,175.688910335302,28.4300293773413,807.952597558498,66.4971940517426,274.987413436174,13.1785992085934,1124.94965755939,0,4.93492904305458,0.786320134997368,0.766547873616219,17.9193854480982,15.6799985170364,142.167858615518,5.92747928202152,11.6551857441664,473.079963624477,66.4710967242718,2421.80031974614,14.8446610569954,0,0,0,5.13730978965759,3.22751958668232,0,0.487374156713486,1225.61554902792,29.8096457123756,225.170591652393,2733.74927011132,499.36206895113,0,0.223903968930244,1299.4745876193,0,0,7.7428220808506,255.092336088419,0,0,0,0,0,0,0,0,1004.9371419251,0,0,60.6544411182404,12.0719117224216,0,0,0.701427221298218,0,0,0,2817.61621755362,5564.68486739695,142.024744719267,8.66767153143883,0.219012007117271,98.6163686066866,172.65155800432,1862.50897346437,634.685810744762,29.8096457123756,5310.17220117152,130.636541262269,1937.13950818777,330.936442613602,0.340160012245178,10.6261136382818,48.6614507511258,2098.01956021786,94.6115426570177,113.4548548311,42.1972588002682,0,0,0,0,0.646479845046997,1.50760677456856,0,0,3.7043584883213,0.613235712051392,0,0,0,0,0.695081233978271,0,0,3.32499785721302,0,303.56921954453,2679.18913288414,1.17572236061096,26.6927139759064,0.277069181203842,134.839288264513,366.882662475109,18.1675050258636,31.0492258369923,225.170591652393,130.636541262269,8162.26112791151,1771.64741779864,1176.11644755304,0.285548448562622,8.79050119966269,3047.35333832353,51.1733721792698,17.9424057006836,2782.45006523281,0.346137672662735,0,0,0,0,1.94825166463852,7.29896013438702,0,0,9.16840043663979,0,0.750033259391785,0,0.667340189218521,0,0,0,0.573040723800659,1.34140312671661,0.801970243453979,10117.5602942705,871.412576913834,0.219225481152534,0.190950274467468,0,47.8099659830332,77.3570237159729,10.9796673953533,1.99949267506599,2733.74927011132,1937.13950818777,1771.64741779864,7456.82209002972,1546.83366134763,0,1.58278186619282,941.633102566004,16.1321212202311,2.44144724309444,74.3244735002518,391.11449226737,0,0,0,0,0,0.611380040645599,0,0,189.305071413517,0,0,0,2.31139786541462,0,0.239874467253685,0,0,0.267810821533203,1.0241631269455,1826.87029442191,960.034864887595,2.98792646825314,23.8043046742678,7.52503353357315,2548.1879991591,1003.4482485652,184.969942644238,65.6103406846523,499.36206895113,330.936442613602,1176.11644755304,1546.83366134763,9516.3810588792,0,25.467645265162,4151.93959796429,58.1611435189843,172.385134086013,373.943645752966,91.8300173580647,0,0,0,0,12.4835271537304,30.0968010425568,0.82377815246582,8.60430040955544,117.356096446514,0,0.640107735991478,0.726511061191559,227.685042515397,0,6.60234349966049,0.813650906085968,0,6.62900832295418,8.49643827974796,0,23.2246685624123,9814.61064839363,2263.39532981813,643.095582261682,9.08906018733978,170.290686517954,12.7238632440567,954.948876217008,0,0.340160012245178,0.285548448562622,0,0,6483.60121034086,4682.65246913582,0.825498625636101,287.830145515501,10.5216548442841,1.8720860928297,0,0,15.4594747871161,12.1123352348804,59.2673265635967,0,6.43229277431965,0.957637965679169,44.2747426480055,0,0,0,0,0,0.680196344852448,40.3543510437012,0,3.51471281051636,1.25153636932373,0.190560966730118,1.83824427425861,96.7844969034195,2617.87193018198,2777.96233616769,3207.25321528316,2080.10748458654,2417.56404624134,385.20293469727,2341.16529438645,0.223903968930244,10.6261136382818,8.79050119966269,1.58278186619282,25.467645265162,4682.65246913582,16754.6521385908,41.9090032055974,661.854277335107,237.15283729881,70.7901748865843,1.3717624694109,3.25866961479187,72.1970722451806,240.657370559871,385.553286075592,259.996541440487,673.607668526471,8.95488899946213,302.234256818891,0.66859769821167,3.17288942635059,3.65960040688515,1.38361190259457,32.1207612007856,21.5145413726568,1581.22394704074,6.6805030182004,83.3087630867958,62.72260915488,35.0178847759962,484.493702545762,465.627864599228,11.2343589067459,79.1645137518644,2.47197233140469,364.573282033205,1950.03691851348,38.7222329080105,84.7371522933245,1299.4745876193,48.6614507511258,3047.35333832353,941.633102566004,4151.93959796429,0.825498625636101,41.9090032055974,6857.06668122113,34.149292036891,62.7872774004936,929.674237824976,12.615710914135,0.455347865819931,0,0,0.510784685611725,11.6233448386192,21.2637911736965,0,7.52997346222401,112.499944239855,2.33502542972565,0.196181207895279,0,9.70792007446289,0,4.05735708773136,4.569127202034,0,6.23219014704227,6.55592003464699,23.4506972134113,4362.16962185502,1921.21922045201,593.247485592961,277.703207969666,107.941894561052,1692.9622316286,2260.33928716183,7210.26646491885,0,2098.01956021786,51.1733721792698,16.1321212202311,58.1611435189843,287.830145515501,661.854277335107,34.149292036891,3190.21440565586,286.665610581636,166.743403598666,0,0,0.441391110420227,9.28094777464867,11.5800057500601,14.1070334464312,25.752098120749,0,25.6220085173845,0,0,0.238386318087578,0,2.42963546514511,0.223248615860939,33.4731307476759,0.916985869407654,3.28870737552643,11.8552080541849,0.529382556676865,125.67568461597,190.83538942039,35.3283868134022,112.200005561113,15.4105532616377,281.734758228064,1854.73562027514,1717.76343454421,4727.79083072394,0,94.6115426570177,17.9424057006836,2.44144724309444,172.385134086013,10.5216548442841,237.15283729881,62.7872774004936,286.665610581636,2520.65668098629,289.04937453568,0.572493851184845,4.26562657952309,7.30145326256752,1.60604745149612,4.70952335000038,219.924216151237,231.564751267433,143.142154082656,661.235816583037,0,10.1268969774246,7.36664894223213,1.33807694911957,15.0160344988108,0,24.0407475233078,6.88186946511269,10.9452446848154,4579.20552071929,38.1843414604664,64.8873907774687,3290.53223177791,20.8830446451902,133.331913948059,0.748436614871025,292.632035106421,4747.42668759823,176.676764786243,285.777372531593,7.7428220808506,113.4548548311,2782.45006523281,74.3244735002518,373.943645752966,1.8720860928297,70.7901748865843,929.674237824976,166.743403598666,289.04937453568,6869.26925183833,0,0,0,0.670973390340805,0.828427478671074,18.3644605278969,68.3543311804533,2.66859751939774,12.8647615760565,0.233983740210533,0.149402484297752,1.62839737534523,0,5.53866170346737,0,4.37693151831627,5.43805013597012,2.42426371574402,22.2142270058393,7.66673895716667,2764.57697695494,1.55140507221222,0,0,0,3.13339653611183,10.9207628667355,0.796625673770905,0.729637563228607,255.092336088419,42.1972588002682,0.346137672662735,391.11449226737,91.8300173580647,0,1.3717624694109,12.615710914135,0,0.572493851184845,0,16095.2444376498,144.828234389424,0.317887753248215,4.94798308610916,0.155232414603233,332.931173533201,146.753824055195,945.476515352726,18.6563299819827,3337.40022808313,5016.09281270206,356.781915947795,5475.28931197524,2410.14513263106,0.267285972833633,2.30155505239964,631.368432298303,60.2771110534668,30.6971468478441,160.688637346029,0,0,0,0.445159912109375,0,3.0929956138134,27.1362466514111,0,11.1434239000082,0,0,0,0,0,0,3.25866961479187,0.455347865819931,0,4.26562657952309,0,144.828234389424,38622.5712289363,148.744574353099,28.4736271947622,4.79901438951492,218.232873126864,1062.29280333966,4848.77366657555,743.353332266212,3.15772224962711,6664.86098173261,3395.74532812834,1053.68923397362,537.171839445829,3.84107232093811,15.7896060794592,509.969867914915,3811.86357998848,117.3801137954,2240.65910561383,0,0.215326339006424,91.4823126792908,26.250233784318,62.6640133410692,0,4.79668362438679,0.560935437679291,175.688910335302,0,0,0,0,0,15.4594747871161,72.1970722451806,0,0.441391110420227,7.30145326256752,0,0.317887753248215,148.744574353099,13317.0065638945,1069.54567365348,1708.79178284109,9.73890113830566,2823.98321065307,153.41525503993,5873.37137627602,0,12.4085217863321,4.4045767635107,0.139800846576691,8.78000093996525,11400.9878131896,1855.33811038733,4.1964929997921,2011.46621274948,68.5138887166977,26.839068710804,0,0.227913916110992,15.0998893082142,49.3839056193829,27.936189442873,20.3415494114161,24.9129487872124,0.384827703237534,28.4300293773413,0,0,0,0,0,12.1123352348804,240.657370559871,0,9.28094777464867,1.60604745149612,0.670973390340805,4.94798308610916,28.4736271947622,1069.54567365348,2097.12841662765,506.4725343436,28.0631169825792,3009.47066359222,53.827766880393,1222.42768642306,0,9.14373148977757,36.8714371025562,5.4540258795023,38.6519839465618,1534.54645900428,3113.7569456026,38.7903297692537,536.592932522297,65.8362134844065,194.557226464152,0,1.34087052941322,292.857248514891,118.60643440485,479.968729481101,62.6783298552036,24.9673403352499,0,807.952597558498,0,0,0,0,0,59.2673265635967,385.553286075592,0.510784685611725,11.5800057500601,4.70952335000038,0.828427478671074,0.155232414603233,4.79901438951492,1708.79178284109,506.4725343436,1710.473966524,432.827227383852,170.486401669681,4.10746402293444,2593.64961068332,0,2.22594681382179,2.58285253494978,1.69784772396088,15.0439988225698,472.522234246135,3814.47957672179,7.73135459423065,214.777388617396,12.6997347921133,13.1623354107141,1.70959770679474,14.6285234391689,1.72976820170879,10.4350768774748,19.1549926996231,344.655389279127,373.073285296559,55.7818258106709,66.4971940517426,0,0.646479845046997,1.94825166463852,0,12.4835271537304,0,259.996541440487,11.6233448386192,14.1070334464312,219.924216151237,18.3644605278969,332.931173533201,218.232873126864,9.73890113830566,28.0631169825792,432.827227383852,4447.10762262344,1942.53369896114,1460.99246501923,255.10200586915,52.7055283039808,159.79735404253,68.681999489665,39.2282581776381,2231.6900549829,6.06509236991405,1141.69888949394,98.3546531498432,155.127778857946,626.903552740812,278.902797996998,3.65883074700832,26.3611160218716,7.45233815908432,69.5068058297038,16.3619815409184,296.209327869117,1348.06609586626,55.7501574605703,274.987413436174,0,1.50760677456856,7.29896013438702,0.611380040645599,30.0968010425568,6.43229277431965,673.607668526471,21.2637911736965,25.752098120749,231.564751267433,68.3543311804533,146.753824055195,1062.29280333966,2823.98321065307,3009.47066359222,170.486401669681,1942.53369896114,15143.7666058093,1353.16743569821,4082.66700400412,16.5810684859753,261.954997673631,437.829868897796,136.238790929317,2277.32729554176,164.33965818584,2559.09401540458,1607.39759222418,1745.79037423432,1916.029437989,4469.54584949464,0,0,0,3.10999329388142,1.82160782814026,6.74465811252594,27.4135758727789,6.72761189937592,13.1785992085934,0,0,0,0,0.82377815246582,0.957637965679169,8.95488899946213,0,0,143.142154082656,2.66859751939774,945.476515352726,4848.77366657555,153.41525503993,53.827766880393,4.10746402293444,1460.99246501923,1353.16743569821,5355.31030015647,3997.9782859385,0,2832.66209834814,22.7987511008978,7.72319810092449,282.253216430545,3.54271830618382,116.83677790314,57.2631688565016,2354.38900236785,1421.29355920106,314.452608942986,2.43793678283691,9.24994915723801,126.436395391822,132.304360836744,183.009275823832,24.4725879877806,154.053117647767,5.64279639720917,1124.94965755939,0,0,0,0,8.60430040955544,44.2747426480055,302.234256818891,7.52997346222401,25.6220085173845,661.235816583037,12.8647615760565,18.6563299819827,743.353332266212,5873.37137627602,1222.42768642306,2593.64961068332,255.10200586915,4082.66700400412,3997.9782859385,13000.0984337777,0.87038891017437,297.71662196517,43.160304069519,19.6005597114563,108.563391461968,1029.2566152662,2136.49681205302,73.3941165804863,8755.03041788936,4234.94254501909,572.284567266703,836.156274095178,0,0,0,0,0,0.25818657875061,0,0,1004.9371419251,3.7043584883213,9.16840043663979,189.305071413517,117.356096446514,0,0.66859769821167,112.499944239855,0,0,0.233983740210533,3337.40022808313,3.15772224962711,0,0,0,52.7055283039808,16.5810684859753,0,0.87038891017437,1553.83439186215,25.4045692980289,5.94676747918129,1722.09854410589,1233.88148902357,0,0.126004070043564,726.964054629207,0,0,0.859667658805847,1.82554650306702,0,0,0.202976629137993,0,6.13265812397003,14.2052914351225,2.02307200431824,4.93492904305458,0,0.613235712051392,0,0,0,0,3.17288942635059,2.33502542972565,0,10.1268969774246,0.149402484297752,5016.09281270206,6664.86098173261,12.4085217863321,9.14373148977757,2.22594681382179,159.79735404253,261.954997673631,2832.66209834814,297.71662196517,25.4045692980289,5570.37247882783,514.160904064775,898.265814937651,523.922344908118,3.34148028492928,6.05578483641148,189.566925182939,1142.64256311953,83.9302440732718,267.769107207656,0,0,0,0.282110691070557,0,2.41612994670868,30.3035314828157,2.42721605300903,0.786320134997368,0,0,0.750033259391785,0,0.640107735991478,0,3.65960040688515,0.196181207895279,0.238386318087578,7.36664894223213,1.62839737534523,356.781915947795,3395.74532812834,4.4045767635107,36.8714371025562,2.58285253494978,68.681999489665,437.829868897796,22.7987511008978,43.160304069519,5.94676747918129,514.160904064775,10575.5432363898,2384.85056725144,1297.9186796844,2.49491097778082,14.0010014921427,2918.65380829573,61.0608494877815,28.9637077152729,2167.17374344915,0,0,0,0,0,0.757109761238098,5.69924858212471,0,0.766547873616219,60.6544411182404,0,0,0,0.726511061191559,0,1.38361190259457,0,0,1.33807694911957,0,5475.28931197524,1053.68923397362,0.139800846576691,5.4540258795023,1.69784772396088,39.2282581776381,136.238790929317,7.72319810092449,19.6005597114563,1722.09854410589,898.265814937651,2384.85056725144,5963.30940382183,2392.94108010828,1.63100406527519,2.84479421377182,1639.15938676894,52.5921778380871,14.1966133415699,204.659928187728,8.9360967874527,3.5985295176506,0,1.4399434030056,0,134.294879719615,98.6896126419306,4.9855180978775,17.9193854480982,12.0719117224216,0,0.667340189218521,2.31139786541462,227.685042515397,0,32.1207612007856,9.70792007446289,2.42963546514511,15.0160344988108,5.53866170346737,2410.14513263106,537.171839445829,8.78000093996525,38.6519839465618,15.0439988225698,2231.6900549829,2277.32729554176,282.253216430545,108.563391461968,1233.88148902357,523.922344908118,1297.9186796844,2392.94108010828,9983.31092274189,4.39889998733997,34.1832246929407,6906.39023111761,95.2245153039694,67.0747952610254,739.242169126868,0,0,5.15576803684235,5.9511643499136,3.32586131989956,1.31433966755867,2.14653081446886,0,15.6799985170364,0,0,0,0,0,0.680196344852448,21.5145413726568,0,0.223248615860939,0,0,0.267285972833633,3.84107232093811,11400.9878131896,1534.54645900428,472.522234246135,6.06509236991405,164.33965818584,3.54271830618382,1029.2566152662,0,3.34148028492928,2.49491097778082,1.63100406527519,4.39889998733997,7740.18870079517,6078.21399418265,2.46397823095322,556.771090388298,5.24542838335037,12.9961837977171,0,12.9471832588315,46.7066632509232,164.274326868355,179.866553634405,296.454981274903,247.401085808873,11.8762828409672,142.167858615518,0,0.695081233978271,0,0.239874467253685,6.60234349966049,40.3543510437012,1581.22394704074,4.05735708773136,33.4731307476759,24.0407475233078,4.37693151831627,2.30155505239964,15.7896060794592,1855.33811038733,3113.7569456026,3814.47957672179,1141.69888949394,2559.09401540458,116.83677790314,2136.49681205302,0.126004070043564,6.05578483641148,14.0010014921427,2.84479421377182,34.1832246929407,6078.21399418265,17189.3871900812,22.7241094410419,705.93200956285,144.125241026282,71.3321149796247,0,0.576752483844757,0,0.527772203087807,0,0,31.262448862195,0.329850435256958,5.92747928202152,0.701427221298218,0,0,0,0.813650906085968,0,6.6805030182004,4.569127202034,0.916985869407654,6.88186946511269,5.43805013597012,631.368432298303,509.969867914915,4.1964929997921,38.7903297692537,7.73135459423065,98.3546531498432,1607.39759222418,57.2631688565016,73.3941165804863,726.964054629207,189.566925182939,2918.65380829573,1639.15938676894,6906.39023111761,2.46397823095322,22.7241094410419,6923.17346782982,43.3813980221748,60.3039808124304,746.352646619081,0,0.501625001430511,8.0112861096859,19.4083178937435,19.8375362753868,6.40316054224968,22.6218502447009,0,11.6551857441664,0,0,0.573040723800659,0,0,3.51471281051636,83.3087630867958,0,3.28870737552643,10.9452446848154,2.42426371574402,60.2771110534668,3811.86357998848,2011.46621274948,536.592932522297,214.777388617396,155.127778857946,1745.79037423432,2354.38900236785,8755.03041788936,0,1142.64256311953,61.0608494877815,52.5921778380871,95.2245153039694,556.771090388298,705.93200956285,43.3813980221748,4640.64839299023,580.737573325634,474.608259230852,0,9.51254253089428,1.9905968606472,21.1670518219471,3.16143941879272,20.5403137803078,208.087191693485,53.1160392612219,473.079963624477,0,3.32499785721302,1.34140312671661,0.267810821533203,6.62900832295418,1.25153636932373,62.72260915488,6.23219014704227,11.8552080541849,4579.20552071929,22.2142270058393,30.6971468478441,117.3801137954,68.5138887166977,65.8362134844065,12.6997347921133,626.903552740812,1916.029437989,1421.29355920106,4234.94254501909,0,83.9302440732718,28.9637077152729,14.1966133415699,67.0747952610254,5.24542838335037,144.125241026282,60.3039808124304,580.737573325634,1860.30676343292,490.000523328781,0,3.54756744205952,0.942758440971375,2.93663518130779,0,11.7162916064262,145.36309927702,4.42758131027222,66.4710967242718,0,0,0.801970243453979,1.0241631269455,8.49643827974796,0.190560966730118,35.0178847759962,6.55592003464699,0.529382556676865,38.1843414604664,7.66673895716667,160.688637346029,2240.65910561383,26.839068710804,194.557226464152,13.1623354107141,278.902797996998,4469.54584949464,314.452608942986,572.284567266703,0.859667658805847,267.769107207656,2167.17374344915,204.659928187728,739.242169126868,12.9961837977171,71.3321149796247,746.352646619081,474.608259230852,490.000523328781,7904.58855913579
