8945.40954041481,667.71738947928,1.10896754264832,6.00432993471622,0,425.420722201467,64.8015548884869,745.916121661663,3.338832706213,2574.77358567715,3973.8937920481,883.23353998363,7633.75190770626,2384.96658594161,0,10.5016625374556,571.938805118203,4.07675752043724,257.874667778611,27.9702327847481,1258.89202129841,0,0,0,0,7.60264366865158,0.546990498900414,5.10253009200096,0,267.281762674451,0,0,0.814417719841003,0.166426703333855,0,0.524223446846008,0,0,13.7136539965868,0,667.71738947928,39216.4582141787,348.901537269354,179.5722245574,20.7711875289679,830.092830643058,1875.48144425452,3154.90455335379,876.018457323313,4.12009000778198,5881.12654788792,2234.85772001743,693.157018959522,556.077009364963,58.1025743335485,334.303219974041,800.24092553556,2922.20003990829,224.438370808959,3527.61306679249,0,11.6444425582886,2.41855807602406,0.747609913349152,6.92519624531269,16.9689160138369,65.4620821252465,3.98169374465942,14.6516764461994,0,2.21828036010265,3.01255784928799,1.58260750770569,2.10114380717278,1.66666430234909,33.2808830440044,8.08789831399918,6.86528667807579,7.67057523131371,10.8196226805449,1.10896754264832,348.901537269354,10580.8115466237,851.398970380425,4065.23998658359,24.6401524543762,2852.44309447706,24.8496550172567,5976.05534993112,0,13.2018240392208,16.0787486732006,0.273292541503906,5.94440890848637,10462.946634829,3099.34117553383,26.2039887756109,1441.52006310225,8.63336849212646,92.943545371294,0,1.76244983077049,128.733705669641,17.3570122122765,954.304220616817,5.9255333840847,10.5539938211441,3.39883464574814,122.086887136102,0,0,0,0,0,71.2133368849754,206.87435747683,0.325253576040268,4.26664260029793,0,0.399522393941879,6.00432993471622,179.5722245574,851.398970380425,2090.89623576403,163.125249192119,134.771011829376,4093.11500588059,194.234907984734,1195.70115070045,0,16.1825563162565,27.9416720867157,0.46154710650444,14.7609132677317,1382.31104807556,1937.27125871927,47.9464541077614,700.908563911915,110.456721752882,145.812997996807,0.889834254980087,1.30357722938061,18.5180705040693,31.0553178191185,106.798640787601,28.8845249265432,23.6466398835182,8.51832313835621,60.0575666129589,0,0,0,0,0,19.4676954895258,294.655415974557,1.38724184036255,6.95050330460072,11.0931168943644,2.3858787715435,0,20.7711875289679,4065.23998658359,163.125249192119,2104.23911587894,1283.27061617374,151.21688964963,45.6586616486311,1475.6338904649,0,1.27105927467346,1.8067179620266,0,0.67877534031868,780.506856530905,3613.5754352212,7.04249796271324,200.605358615518,43.0777013301849,9.21425867080688,0,0.704154461622238,214.312537968159,56.5433630645275,1314.4505366385,23.1811338067055,12.9832327067852,8.59073361754417,237.140041813254,0,0,0,0,0,315.435658559203,797.937210038304,0,18.9629786610603,2.06725004315376,2.84923735260963,425.420722201467,830.092830643058,24.6401524543762,134.771011829376,1283.27061617374,3133.5452195406,2458.44050742686,311.503030791879,436.20819362998,0,139.127135440707,317.424150928855,47.0564322918653,2955.35070920736,7.58486273884773,2704.19688055664,549.034963175654,58.765964448452,353.248783841729,433.683202080429,0,0.440722599625587,1.06135153770447,4.90888850390911,57.8809357732534,85.7355619519949,57.4733436405659,14.0932216495275,28.3249834179878,0,0,0.408182471990585,0,6.59378081560135,0,127.085706867278,3.58901244401932,2.52610874176025,34.792199164629,2.77309706807137,64.8015548884869,1875.48144425452,2852.44309447706,4093.11500588059,151.21688964963,2458.44050742686,17079.7834926918,258.125546067953,1151.15330659598,0.366838485002518,81.9864711761475,649.024365648627,60.385413967073,1600.96318602562,517.388543754816,3213.43277324736,3694.96640665829,1196.63900600374,400.279838249087,5739.23395817727,0.364109054207802,47.6162554994226,5.2178775370121,26.4132553637028,83.6210951805115,196.794742241502,477.743674553931,14.4160423725843,84.0496049523354,0,9.07170493900776,12.7805034816265,0,13.5149258077145,13.0884667634964,369.507766291499,20.5532894283533,27.5760451853275,40.3502546101809,49.2458677366376,745.916121661663,3154.90455335379,24.8496550172567,194.234907984734,45.6586616486311,311.503030791879,258.125546067953,4543.54196831584,4884.60062992573,0.449523866176605,4257.49102365971,27.3400022238493,92.3219268023968,87.1569110751152,12.847373560071,392.680590443313,7.4738372862339,1525.01106113195,1979.94752058387,14.8218872696161,0.748194456100464,8.60698589682579,0,10.478242367506,28.2106301486492,117.282888457179,27.1404350399971,245.754203990102,77.5872681289911,0,1.81079246103764,1.54224106669426,0,0,0.203664213418961,76.906014226377,2.71650804579258,3.37044623494148,313.154304563999,9.6901373565197,3.338832706213,876.018457323313,5976.05534993112,1195.70115070045,1475.6338904649,436.20819362998,1151.15330659598,4884.60062992573,10328.5351035446,0,290.524225696921,15.301828250289,0.977196305990219,18.1973082274199,668.818439766765,2663.00495833158,30.8907292634249,4524.82152462006,3619.46120536327,92.447555527091,0,9.16194006800652,225.538618087769,175.547424405813,1489.69330266118,167.089697539806,220.912011258304,266.555495858192,729.927191793919,0,3.24597588181496,1.98563122749329,0,2.80772551894188,121.430050984025,901.032742090523,9.94727948307991,34.7836907953024,165.890772387385,26.2813074737787,2574.77358567715,4.12009000778198,0,0,0,0,0.366838485002518,0.449523866176605,0,399.331448927522,33.4525830745697,282.637116596103,1103.87189334631,748.460970655084,0,0,1321.46960480511,0,0,0,348.424226462841,0,0,0,0,0,0,0,0,163.913605928421,0,0,1.46359896659851,0,0,0,0,0,0,0,3973.8937920481,5881.12654788792,13.2018240392208,16.1825563162565,1.27105927467346,139.127135440707,81.9864711761475,4257.49102365971,290.524225696921,33.4525830745697,7003.85973502696,219.319464489818,2749.87616200745,174.764412596822,4.10104393959045,34.6895582601428,42.2228195667267,709.079623878002,100.755962654948,26.2061347514391,28.2388302981853,0,0,0.215411901473999,0,3.34323763847351,1.0745994746685,4.17012755572796,0.884361565113068,0,0,0,0,0,0,1.61236700415611,1.10257470607758,0,0,0.197399705648422,883.23353998363,2234.85772001743,16.0787486732006,27.9416720867157,1.8067179620266,317.424150928855,649.024365648627,27.3400022238493,15.301828250289,282.637116596103,219.319464489818,5685.79549652338,1103.88725163043,2626.61085107923,1.40274339914322,80.1885812431574,2357.63983906806,36.5937096476555,12.5642310827971,1378.86875833571,4.51849421858788,8.41486755013466,1.37252819538116,0,0,2.64794471859932,26.3844206482172,5.08265152573586,6.48229995369911,0,0,0,0,0,0,9.36689826846123,4.65700721740723,1.88564920425415,0.124804243445396,9.99642112851143,7633.75190770626,693.157018959522,0.273292541503906,0.46154710650444,0,47.0564322918653,60.385413967073,92.3219268023968,0.977196305990219,1103.87189334631,2749.87616200745,1103.88725163043,5246.89314742386,1291.54960942268,0,7.76431021094322,792.176700487733,1.46018452942371,11.3853234946728,45.2999074757099,117.727937832475,0,0,0,0,0.22590434551239,4.50219149887562,0,0.996703743934631,24.0183483958244,0,0,0,0,0,0.349162727594376,1.19858622550964,0,0.477233022451401,0,2384.96658594161,556.077009364963,5.94440890848637,14.7609132677317,0.67877534031868,2955.35070920736,1600.96318602562,87.1569110751152,18.1973082274199,748.460970655084,174.764412596822,2626.61085107923,1291.54960942268,3614.89479617774,2.80930157005787,228.276560328901,3195.08792755008,14.1871123611927,46.7624961137772,202.49943266809,119.963048398495,2.73826315999031,0,0,0,11.0534988194704,18.9940443634987,0,0.278002232313156,20.4387196302414,0.668342113494873,0,0,8.71980512142181,0,6.53846715390682,0.344844728708267,2.03064489364624,2.38735562562943,3.09977187216282,0,58.1025743335485,10462.946634829,1382.31104807556,780.506856530905,7.58486273884773,517.388543754816,12.847373560071,668.818439766765,0,4.10104393959045,1.40274339914322,0,2.80930157005787,9919.30380921066,5479.03168977797,13.9821578264236,402.478033050895,5.76373794674873,26.072258040309,0,0,15.8324568867683,6.90758940577507,111.913086861372,2.21300873160362,1.15887601673603,0,6.31838442385197,0,0,0.591542422771454,0,0,16.5381021648645,59.2066141068935,0,1.36631935834885,0.192959606647491,0.134483054280281,10.5016625374556,334.303219974041,3099.34117553383,1937.27125871927,3613.5754352212,2704.19688055664,3213.43277324736,392.680590443313,2663.00495833158,0,34.6895582601428,80.1885812431574,7.76431021094322,228.276560328901,5479.03168977797,11226.8016300425,149.277714580297,1107.07251890004,638.940614581108,213.353017039597,1.29199302196503,9.23296481370926,70.4615779519081,71.9417586177588,509.445026233792,114.28380459547,160.16340868175,35.4239598587155,173.679262503982,0,0.140844151377678,0.962901890277863,0,3.54068666696548,51.6690637022257,817.385814316571,3.12047828733921,33.8493910506368,26.4152705222368,17.4143211171031,571.938805118203,800.24092553556,26.2039887756109,47.9464541077614,7.04249796271324,549.034963175654,3694.96640665829,7.4738372862339,30.8907292634249,1321.46960480511,42.2228195667267,2357.63983906806,792.176700487733,3195.08792755008,13.9821578264236,149.277714580297,4716.41379708052,8.74695551395416,22.506948813796,650.253350257874,20.2384280264378,1.36188971996307,0.230913370847702,0,0,10.5636660903692,21.7148660570383,0.226986065506935,3.48906069993973,0.779297828674316,0,0,0,2.11445569992065,1.27974784374237,6.81586812436581,0,2.97702920436859,0.979175105690956,1.39604657888412,4.07675752043724,2922.20003990829,1441.52006310225,700.908563911915,200.605358615518,58.765964448452,1196.63900600374,1525.01106113195,4524.82152462006,0,709.079623878002,36.5937096476555,1.46018452942371,14.1871123611927,402.478033050895,1107.07251890004,8.74695551395416,1815.81926640868,161.299693033099,93.5094259232283,0,12.0753511786461,22.7149897217751,18.3812220543623,115.875732302666,24.1446638256311,51.4988986849785,9.53033822774887,71.5834613293409,0,0,1.35545475780964,0.188137903809547,3.87174722552299,18.0151223093271,171.402311220765,3.84205090999603,8.15101197361946,15.6607887148857,4.03307139873505,257.874667778611,224.438370808959,8.63336849212646,110.456721752882,43.0777013301849,353.248783841729,400.279838249087,1979.94752058387,3619.46120536327,0,100.755962654948,12.5642310827971,11.3853234946728,46.7624961137772,5.76373794674873,638.940614581108,22.506948813796,161.299693033099,1431.54807859659,63.3288885354996,2.9734360575676,41.4755402207375,57.9774559140205,15.744349449873,20.5660362839699,341.972934052348,148.40967233479,832.510761633515,967.592655166984,0,0.891434386372566,2.37832003831863,0,1.10540747642517,1.27219676971436,166.845820508897,5.27321219444275,48.8009510040283,3970.76522038877,44.2452748566866,27.9702327847481,3527.61306679249,92.943545371294,145.812997996807,9.21425867080688,433.683202080429,5739.23395817727,14.8218872696161,92.447555527091,0,26.2061347514391,1378.86875833571,45.2999074757099,202.49943266809,26.072258040309,213.353017039597,650.253350257874,93.5094259232283,63.3288885354996,4793.86124478281,0,4.25065134465694,0,3.54835850000381,6.11170442402363,26.8839570879936,69.663784250617,5.78487239778042,16.8716797530651,0,0.175420001149178,0.583774924278259,0,2.94702926278114,0,39.0918871685863,10.3993717581034,7.33231601119041,3.50519874691963,8.53893467783928,1258.89202129841,0,0,0.889834254980087,0,0,0.364109054207802,0.748194456100464,0,348.424226462841,28.2388302981853,4.51849421858788,117.727937832475,119.963048398495,0,1.29199302196503,20.2384280264378,0,2.9734360575676,0,14075.5497450083,410.711890235543,0,1.77526634931564,0,510.430578917265,65.9369211047888,1342.77305550873,11.510919213295,3218.38568280637,3989.01434122026,784.938399508595,7911.48379394412,2954.48591776192,0,7.66221366077662,186.464122876525,13.207974806428,35.8460152596235,67.0573626309633,0,11.6444425582886,1.76244983077049,1.30357722938061,0.704154461622238,0.440722599625587,47.6162554994226,8.60698589682579,9.16194006800652,0,0,8.41486755013466,0,2.73826315999031,0,9.23296481370926,1.36188971996307,12.0753511786461,41.4755402207375,4.25065134465694,410.711890235543,34253.1935464665,338.045876204967,33.4401703327894,4.70305114984512,734.008863709867,1023.86192710698,6409.97882480919,1251.25763512403,10.9442127048969,4067.57931145281,1489.5543152988,350.85719307512,375.876874163747,14.5971414148808,268.635015524924,473.340233877301,2791.07978823781,199.090333476663,2666.82715376467,0,2.41855807602406,128.733705669641,18.5180705040693,214.312537968159,1.06135153770447,5.2178775370121,0,225.538618087769,0,0,1.37252819538116,0,0,15.8324568867683,70.4615779519081,0.230913370847702,22.7149897217751,57.9774559140205,0,0,338.045876204967,16272.2506918907,747.415995806456,2858.45090529323,11.2473433464766,3291.01309899986,150.51493473351,7769.51714596152,0,9.64919255673885,3.7664207816124,2.00008392333984,0,12146.1983231381,2690.92905719578,6.52746516466141,1947.49050919712,64.8264702558517,113.66771364212,0,0.747609913349152,17.3570122122765,31.0553178191185,56.5433630645275,4.90888850390911,26.4132553637028,10.478242367506,175.547424405813,0,0.215411901473999,0,0,0,6.90758940577507,71.9417586177588,0,18.3812220543623,15.744349449873,3.54835850000381,1.77526634931564,33.4401703327894,747.415995806456,2095.53560051322,324.319218277931,35.6883375793695,2541.27968044579,214.407644450665,1400.72805330157,0,12.4428130835295,8.32946461439133,0.312068045139313,1.86165475845337,1408.48276665807,2728.71181031317,6.56655250489712,365.502803534269,232.544332742691,154.286497578025,0,6.92519624531269,954.304220616817,106.798640787601,1314.4505366385,57.8809357732534,83.6210951805115,28.2106301486492,1489.69330266118,0,0,0,0,0,111.913086861372,509.445026233792,0,115.875732302666,20.5660362839699,6.11170442402363,0,4.70305114984512,2858.45090529323,324.319218277931,2090.14803417027,839.06133249402,172.177154272795,12.8798133283854,2016.35759817064,0,0.383695885539055,0.432013481855392,0,0,1322.28390197456,4484.49142266065,2.00756585597992,157.951896309853,22.7039784491062,14.7340194433928,7.60264366865158,16.9689160138369,5.9255333840847,28.8845249265432,23.1811338067055,85.7355619519949,196.794742241502,117.282888457179,167.089697539806,0,3.34323763847351,2.64794471859932,0.22590434551239,11.0534988194704,2.21300873160362,114.28380459547,10.5636660903692,24.1446638256311,341.972934052348,26.8839570879936,510.430578917265,734.008863709867,11.2473433464766,35.6883375793695,839.06133249402,4473.28715642542,2289.0811463967,1284.95381484926,994.040540762246,3.96513141691685,374.311859302223,613.396125048399,101.032048165798,3226.99767296761,7.33167988061905,1328.54937236756,742.416437715292,162.571357741952,1734.37463492155,617.801583752036,0.546990498900414,65.4620821252465,10.5539938211441,23.6466398835182,12.9832327067852,57.4733436405659,477.743674553931,27.1404350399971,220.912011258304,0,1.0745994746685,26.3844206482172,4.50219149887562,18.9940443634987,1.15887601673603,160.16340868175,21.7148660570383,51.4988986849785,148.40967233479,69.663784250617,65.9369211047888,1023.86192710698,3291.01309899986,2541.27968044579,172.177154272795,2289.0811463967,12164.85936445,527.030951522291,3030.94092476368,2.00737363100052,110.2286375314,517.023287504911,36.7179801613092,1221.03614164889,1145.1831561625,2937.98055902123,2854.5557218343,2281.52659091353,1298.23227611184,5349.43643349409,5.10253009200096,3.98169374465942,3.39883464574814,8.51832313835621,8.59073361754417,14.0932216495275,14.4160423725843,245.754203990102,266.555495858192,0,4.17012755572796,5.08265152573586,0,0,0,35.4239598587155,0.226986065506935,9.53033822774887,832.510761633515,5.78487239778042,1342.77305550873,6409.97882480919,150.51493473351,214.407644450665,12.8798133283854,1284.95381484926,527.030951522291,5010.95918819308,4879.17538356781,4.41458639502525,5730.68237128854,68.1056686341763,162.230003893375,1050.61483569443,48.347453430295,547.983949624002,67.9919870942831,1370.82793307304,3081.70743119717,203.482638821006,0,14.6516764461994,122.086887136102,60.0575666129589,237.140041813254,28.3249834179878,84.0496049523354,77.5872681289911,729.927191793919,0,0.884361565113068,6.48229995369911,0.996703743934631,0.278002232313156,6.31838442385197,173.679262503982,3.48906069993973,71.5834613293409,967.592655166984,16.8716797530651,11.510919213295,1251.25763512403,7769.51714596152,1400.72805330157,2016.35759817064,994.040540762246,3030.94092476368,4879.17538356781,10872.3979577869,0,148.295092731714,61.1962511390448,1.7832420617342,80.6155308932066,1385.66263943911,3291.25228964537,183.864937216043,5456.21245658398,3634.08279766142,607.864251680672,267.281762674451,0,0,0,0,0,0,0,0,163.913605928421,0,0,24.0183483958244,20.4387196302414,0,0,0.779297828674316,0,0,0,3218.38568280637,10.9442127048969,0,0,0,3.96513141691685,2.00737363100052,4.41458639502525,0,1144.54979872704,53.1122145056725,66.8262856900692,958.832129910588,1415.32470603287,0,0,164.565853983164,0,0,2.53941212594509,0,2.21828036010265,0,0,0,0,9.07170493900776,1.81079246103764,3.24597588181496,0,0,0,0,0.668342113494873,0,0.140844151377678,0,0,0.891434386372566,0.175420001149178,3989.01434122026,4067.57931145281,9.64919255673885,12.4428130835295,0.383695885539055,374.311859302223,110.2286375314,5730.68237128854,148.295092731714,53.1122145056725,6826.76343588531,352.829925857484,2835.51790551841,374.256508335471,3.37890535593033,52.3363416045904,57.7639920413494,281.918425232172,27.5163927674294,151.272813186049,0,3.01255784928799,0,0,0,0.408182471990585,12.7805034816265,1.54224106669426,1.98563122749329,0,0,0,0,0,0.591542422771454,0.962901890277863,0,1.35545475780964,2.37832003831863,0.583774924278259,784.938399508595,1489.5543152988,3.7664207816124,8.32946461439133,0.432013481855392,613.396125048399,517.023287504911,68.1056686341763,61.1962511390448,66.8262856900692,352.829925857484,6891.85977746546,1283.26455618441,1598.2555641681,0.366255164146423,69.2154453843832,1767.807336092,164.088539153337,15.8227185755968,2531.40095390379,0.814417719841003,1.58260750770569,0,0,0,0,0,0,0,1.46359896659851,0,0,0,0,0,0,0,0.188137903809547,0,0,7911.48379394412,350.85719307512,2.00008392333984,0.312068045139313,0,101.032048165798,36.7179801613092,162.230003893375,1.7832420617342,958.832129910588,2835.51790551841,1283.26455618441,4490.14679940045,1164.79510907829,0,9.74161148071289,171.237394422293,6.35335125029087,3.18774318695068,93.3977653980255,0.166426703333855,2.10114380717278,0,0,0,6.59378081560135,13.5149258077145,0,2.80772551894188,0,0,0,0,8.71980512142181,0,3.54068666696548,2.11445569992065,3.87174722552299,1.10540747642517,2.94702926278114,2954.48591776192,375.876874163747,0,1.86165475845337,0,3226.99767296761,1221.03614164889,1050.61483569443,80.6155308932066,1415.32470603287,374.256508335471,1598.2555641681,1164.79510907829,6198.96522964537,0,60.3130838721991,3933.29024350643,53.5740607529879,113.913672059774,198.722463145852,0,1.66666430234909,71.2133368849754,19.4676954895258,315.435658559203,0,13.0884667634964,0.203664213418961,121.430050984025,0,0,0,0,0,16.5381021648645,51.6690637022257,1.27974784374237,18.0151223093271,1.27219676971436,0,0,14.5971414148808,12146.1983231381,1408.48276665807,1322.28390197456,7.33167988061905,1145.1831561625,48.347453430295,1385.66263943911,0,3.37890535593033,0.366255164146423,0,0,9759.49925021827,6620.11344651133,4.7884536087513,484.09900957346,18.7043515592813,38.8817040324211,0.524223446846008,33.2808830440044,206.87435747683,294.655415974557,797.937210038304,127.085706867278,369.507766291499,76.906014226377,901.032742090523,0,1.61236700415611,9.36689826846123,0.349162727594376,6.53846715390682,59.2066141068935,817.385814316571,6.81586812436581,171.402311220765,166.845820508897,39.0918871685863,7.66221366077662,268.635015524924,2690.92905719578,2728.71181031317,4484.49142266065,1328.54937236756,2937.98055902123,547.983949624002,3291.25228964537,0,52.3363416045904,69.2154453843832,9.74161148071289,60.3130838721991,6620.11344651133,13645.5218467712,76.0195242464542,679.484579473734,1001.76932097226,348.067303441465,0,8.08789831399918,0.325253576040268,1.38724184036255,0,3.58901244401932,20.5532894283533,2.71650804579258,9.94727948307991,0,1.10257470607758,4.65700721740723,1.19858622550964,0.344844728708267,0,3.12047828733921,0,3.84205090999603,5.27321219444275,10.3993717581034,186.464122876525,473.340233877301,6.52746516466141,6.56655250489712,2.00756585597992,742.416437715292,2854.5557218343,67.9919870942831,183.864937216043,164.565853983164,57.7639920413494,1767.807336092,171.237394422293,3933.29024350643,4.7884536087513,76.0195242464542,3347.73783281446,276.321752682328,43.0870037525892,860.854170635343,0,6.86528667807579,4.26664260029793,6.95050330460072,18.9629786610603,2.52610874176025,27.5760451853275,3.37044623494148,34.7836907953024,0,0,1.88564920425415,0,2.03064489364624,1.36631935834885,33.8493910506368,2.97702920436859,8.15101197361946,48.8009510040283,7.33231601119041,13.207974806428,2791.07978823781,1947.49050919712,365.502803534269,157.951896309853,162.571357741952,2281.52659091353,1370.82793307304,5456.21245658398,0,281.918425232172,164.088539153337,6.35335125029087,53.5740607529879,484.09900957346,679.484579473734,276.321752682328,2529.88043786585,203.987989321351,720.975096032023,13.7136539965868,7.67057523131371,0,11.0931168943644,2.06725004315376,34.792199164629,40.3502546101809,313.154304563999,165.890772387385,0,0,0.124804243445396,0.477233022451401,2.38735562562943,0.192959606647491,26.4152705222368,0.979175105690956,15.6607887148857,3970.76522038877,3.50519874691963,35.8460152596235,199.090333476663,64.8264702558517,232.544332742691,22.7039784491062,1734.37463492155,1298.23227611184,3081.70743119717,3634.08279766142,0,27.5163927674294,15.8227185755968,3.18774318695068,113.913672059774,18.7043515592813,1001.76932097226,43.0870037525892,203.987989321351,1221.46675661206,308.245977014303,0,10.8196226805449,0.399522393941879,2.3858787715435,2.84923735260963,2.77309706807137,49.2458677366376,9.6901373565197,26.2813074737787,0,0.197399705648422,9.99642112851143,0,3.09977187216282,0.134483054280281,17.4143211171031,1.39604657888412,4.03307139873505,44.2452748566866,8.53893467783928,67.0573626309633,2666.82715376467,113.66771364212,154.286497578025,14.7340194433928,617.801583752036,5349.43643349409,203.482638821006,607.864251680672,2.53941212594509,151.272813186049,2531.40095390379,93.3977653980255,198.722463145852,38.8817040324211,348.067303441465,860.854170635343,720.975096032023,308.245977014303,4100.32939611375
