7799.47328740358,313.182413831353,0,0,0,456.350576996803,69.8436718285084,810.868616312742,32.361510425806,1266.96127030253,1534.65144981444,852.021925136447,9832.65302907676,2633.9353043586,0,20.1175466924906,537.563446491957,63.7403704375029,416.75634086132,40.1034493893385,986.403814911842,2.73479187488556,0,0,0,38.6598335057497,13.8259738832712,5.56534290313721,0,455.585672408342,2.40702238678932,1.47120797634125,0,24.6367218196392,0,1.55695205926895,0.575860738754272,0.317520946264267,41.6690525859594,7.17215979099274,313.182413831353,30530.6525861993,252.476083166897,153.356386214495,70.178124666214,397.215803846717,2829.14643422514,3348.68866050243,2003.75667565316,7.2756146043539,4929.46703068912,2092.49221259356,214.470389842987,484.745173767209,28.6916444301605,439.797129742801,1082.14815028012,5428.6465099901,483.129675269127,3571.95835220069,2.32760944962502,15.1804721653461,2.4787455201149,12.7040978372097,5.932976603508,175.201453626156,103.610486254096,23.024380967021,17.5153759121895,0,0.281196117401123,6.50004884600639,0.488804817199707,15.8128758221865,1.34071779251099,60.9591176137328,4.29730045050383,11.8453558236361,196.453020960093,57.087043389678,0,252.476083166897,15100.6966789961,875.377467155457,2253.87757468224,2.58712515234947,1378.15398731828,132.709867089987,3742.43268252909,0,61.5117230266333,2.81484140455723,0.233678236603737,0.12630757689476,11614.6800300926,2563.65586963296,5.51414357125759,1753.29581721127,17.113939806819,27.8752072528005,0,1.28375548124313,247.02391038835,13.1390561014414,44.5791381895542,4.04717564582825,3.38418591022491,0,15.9771939814091,0,0,0,0,0,15.1569287478924,60.0040938407183,0,0,3.19627180695534,0.473924547433853,0,153.356386214495,875.377467155457,1180.88922338188,286.010371670127,16.8586836159229,2709.05441099405,125.439814314246,948.907606750727,0,3.86652019619942,9.19919756054878,0.146544545888901,5.93968515098095,1028.54998019338,2346.34242740273,33.2673720121384,147.893979199231,320.141622364521,135.621537685394,0,0.991124987602234,18.8740544319153,59.1958869844675,73.0782749354839,49.300332903862,78.2250030189753,2.73254366219044,61.316193446517,0,0,1.1212046444416,0,0.881978452205658,11.3473225086927,259.480764202774,2.38485059142113,6.62046204507351,59.7193755954504,4.64214071631432,0,70.178124666214,2253.87757468224,286.010371670127,1346.06985576451,463.721458703279,334.187840439379,14.0978988707066,4364.05194661021,0,0,1.93193100392818,0,0.522756665945053,788.992363020778,4323.73926854134,8.94450977444649,680.680945940316,145.011160388589,36.4013370573521,0,1.20198455452919,190.097039327025,102.532241389155,493.858970046043,339.356060758233,37.506474584341,0.511007249355316,896.557769760489,0,0,0.188265919685364,0,0,119.999495461583,641.709076620638,0.938614636659622,7.70258782804012,16.147958189249,2.45619398355484,456.350576996803,397.215803846717,2.58712515234947,16.8586836159229,463.721458703279,2496.96376296878,1564.72868984938,526.254337266088,189.338521420956,12.5107440948486,56.7914693504572,319.142529517412,100.145226448774,3206.50631144643,1.05264616012573,1925.99447125196,580.986309483647,35.6507662832737,584.976240605116,184.482684507966,3.16861446201801,9.41995984315872,2.97270812094212,21.5313993245363,100.161491185427,1891.92556989193,100.849726587534,77.2877928763628,27.132120013237,0.752000480890274,0.270938664674759,5.23492255806923,0,159.240895479918,3.11434680223465,368.376577757299,1.30463998019695,3.76972073316574,294.511211335659,27.3779178857803,69.8436718285084,2829.14643422514,1378.15398731828,2709.05441099405,334.187840439379,1564.72868984938,20423.5821308494,384.594574421644,2518.8821888715,12.5436674207449,58.3401416391134,508.142424732447,64.9874045699835,1003.89645828307,238.581526502967,2516.63290312141,2963.84867219627,1631.60079596937,1488.38535352051,4251.23537493497,9.08980762958527,13.0917797982693,20.8705422580242,76.6811231225729,59.6928232163191,484.438982382417,1470.49542123824,28.2486723065376,112.806294493377,0.693016767501831,0,10.5807125270367,0,36.3591957688332,13.2622160166502,506.330804906785,12.3184243142605,13.7978919073939,419.101645082235,83.3052026331425,810.868616312742,3348.68866050243,132.709867089987,125.439814314246,14.0978988707066,526.254337266088,384.594574421644,4269.90122681856,4056.4665914923,0.319723546504974,2570.28415039182,20.986837759614,46.7241479158401,113.669933781028,2.51711642742157,228.05301117897,32.8244945257902,1776.28675799072,1820.35392597318,107.123677685857,3.78920969367027,3.19045190513134,1.55637359619141,4.98540911078453,2.79799351096153,100.2936296314,30.4961924478412,63.49150583148,4.45131507515907,0,0,1.35387554764748,0,4.14550845324993,0,14.2330894395709,0.628570884466171,1.95939046144485,305.379486247897,12.0593078136444,32.361510425806,2003.75667565316,3742.43268252909,948.907606750727,4364.05194661021,189.338521420956,2518.8821888715,4056.4665914923,15685.5768241137,1.70355266332626,468.791629984975,58.267534956336,3.77680890262127,58.6306696087122,395.793892964721,2590.84159312397,166.184074446559,6876.62650512159,5489.05406783521,411.520216785371,0,5.17268279194832,181.944041416049,74.6095738336444,650.420818582177,113.567305624485,93.3451915979385,34.1479997336864,2095.30596631765,0,0,2.79952549934387,0,8.85271769762039,30.1194370388985,367.992079131305,3.0602300465107,21.5224401950836,744.970059752464,21.5869154036045,1266.96127030253,7.2756146043539,0,0,0,12.5107440948486,12.5436674207449,0.319723546504974,1.70355266332626,637.63861194253,5.99116286635399,145.609797984362,1806.96095363796,578.665274217725,0,1.17464564740658,1066.67742593586,0,0.69879549741745,1.74515713751316,58.5503237843513,0,0,0.144443407654762,0,0,0,0,0,512.845904052258,0,0,0,0,0,0,0,0,1.1647025346756,0,1534.65144981444,4929.46703068912,61.5117230266333,3.86652019619942,0,56.7914693504572,58.3401416391134,2570.28415039182,468.791629984975,5.99116286635399,6452.37729617953,180.254550740123,1677.77286614478,118.834898471832,0,11.1902297139168,62.2853638827801,854.777623713017,107.06367701292,18.7926386147738,0.972331404685974,0,0.285962253808975,0,0,4.82463425397873,2.54556334018707,0,0,0.958213090896606,0.388904273509979,0,0,2.19081321358681,0.346327632665634,1.50435326993465,0,0,10.4520257413387,4.30388161540031,852.021925136447,2092.49221259356,2.81484140455723,9.19919756054878,1.93193100392818,319.142529517412,508.142424732447,20.986837759614,58.267534956336,145.609797984362,180.254550740123,9187.47355288267,1328.11284506321,1375.15460077673,2.20907098054886,97.8864908516407,3261.90613135695,108.31418479979,44.501575127244,1954.5485561043,4.84040868282318,6.12114521861076,0,0.698567569255829,0,93.0907283127308,39.0104595571756,8.97634816169739,3.52777706086636,0.75372302532196,0,1.72936718165874,1.23208332061768,8.70049931108952,0,11.0330564081669,0.154226392507553,3.44428572058678,40.8372967541218,8.49493907392025,9832.65302907676,214.470389842987,0.233678236603737,0.146544545888901,0,100.145226448774,64.9874045699835,46.7241479158401,3.77680890262127,1806.96095363796,1677.77286614478,1328.11284506321,6248.46186968684,1951.29070575535,0,13.0561984181404,1049.9984267205,13.4667941778898,11.0893857181072,22.7370534688234,165.498353123665,0.223621249198914,0,0,0,6.48762765526772,5.58937388658524,0,0,150.518272578716,0,0,0,4.05184003710747,0,0.754736177623272,0,0.194169476628304,1.5820839703083,1.17792534828186,2633.9353043586,484.745173767209,0.12630757689476,5.93968515098095,0.522756665945053,3206.50631144643,1003.89645828307,113.669933781028,58.6306696087122,578.665274217725,118.834898471832,1375.15460077673,1951.29070575535,6692.13747026026,2.25850391387939,121.621030636132,5389.4127137661,35.9640724956989,273.600657045841,170.464352436364,0.884959891438484,2.10890692472458,0,2.74978774785995,0,395.898795872927,46.1145532131195,16.2039240300655,2.10042513906956,165.933651745319,0,2.19458213448524,0,681.81527851522,0.495838701725006,16.936307951808,1.49406155943871,0.191047251224518,50.4930810332298,1.79099652171135,0,28.6916444301605,11614.6800300926,1028.54998019338,788.992363020778,1.05264616012573,238.581526502967,2.51711642742157,395.793892964721,0,0,2.20907098054886,0,2.25850391387939,6100.24039281905,3717.48520894349,5.240693166852,465.484733514488,12.5081869959831,16.8414721786976,0,0,29.1274246275425,4.59778510034084,18.7026154398918,1.99482846260071,2.4866406172514,0,5.15162554383278,0,0,0,0,0,6.07303377985954,53.1047320812941,0,0.305635273456573,0.229494169354439,0,20.1175466924906,439.797129742801,2563.65586963296,2346.34242740273,4323.73926854134,1925.99447125196,2516.63290312141,228.05301117897,2590.84159312397,1.17464564740658,11.1902297139168,97.8864908516407,13.0561984181404,121.621030636132,3717.48520894349,16353.6177066416,142.663405023515,657.038863062859,1061.99602255225,480.990275971591,2.6674726754427,20.9794979095459,85.8786263912916,307.952468834817,716.62733630836,1288.98094621301,503.450895220041,20.857207596302,341.861059591174,0.183748185634613,0.223976939916611,11.493370436132,0,17.2714292258024,87.0862471610308,3795.42043586075,6.19421045482159,26.7832000330091,306.888685636222,64.8002910688519,537.563446491957,1082.14815028012,5.51414357125759,33.2673720121384,8.94450977444649,580.986309483647,2963.84867219627,32.8244945257902,166.184074446559,1066.67742593586,62.2853638827801,3261.90613135695,1049.9984267205,5389.4127137661,5.240693166852,142.663405023515,5326.00920441747,163.284986957908,104.666149035096,1211.20699994266,11.3279245197773,2.21721482276917,0.1524418592453,3.54873782396317,1.77278916537762,84.1963551193476,74.9347551912069,7.35859036445618,1.24197858572006,115.280200153589,0,1.21013349294662,0,137.167928785086,0.391003429889679,19.7499866783619,0.788045480847359,2.22372594475746,62.5308004617691,13.3859147727489,63.7403704375029,5428.6465099901,1753.29581721127,147.893979199231,680.680945940316,35.6507662832737,1631.60079596937,1776.28675799072,6876.62650512159,0,854.777623713017,108.31418479979,13.4667941778898,35.9640724956989,465.484733514488,657.038863062859,163.284986957908,1737.80479253829,342.357717007399,298.002836130559,1.2221794128418,0.224835246801376,2.90227827429771,17.6224233955145,64.9346216470003,17.0569474846125,15.6432912498713,0,28.1996383816004,0,0,2.72991591691971,0,0,3.06477636098862,64.1801558583975,0,1.44670498371124,36.4399980455637,9.28173588216305,416.75634086132,483.129675269127,17.113939806819,320.141622364521,145.011160388589,584.976240605116,1488.38535352051,1820.35392597318,5489.05406783521,0.69879549741745,107.06367701292,44.501575127244,11.0893857181072,273.600657045841,12.5081869959831,1061.99602255225,104.666149035096,342.357717007399,4786.39423640072,429.478067368269,16.3996717333794,10.3527292907238,29.7273378372192,15.4708752334118,9.72744634747505,528.40750464797,109.487120196223,409.024316325784,802.158954948187,0,0,1.83705165982246,0,9.94866874814034,3.34643444418907,134.657646581531,0.218348681926727,14.9253959655762,7520.93581423163,25.552630469203,40.1034493893385,3571.95835220069,27.8752072528005,135.621537685394,36.4013370573521,184.482684507966,4251.23537493497,107.123677685857,411.520216785371,1.74515713751316,18.7926386147738,1954.5485561043,22.7370534688234,170.464352436364,16.8414721786976,480.990275971591,1211.20699994266,298.002836130559,429.478067368269,6045.76345959306,0.285034775733948,15.7887336090207,1.91321630775928,13.4248756766319,4.81809592247009,106.188319668174,85.0646286606789,7.09565234184265,13.948738604784,0,0.816294595599174,4.85165376961231,0,4.4385748654604,0.653906464576721,46.483182862401,2.83963289856911,5.58988191187382,143.562272727489,29.9006609842181,986.403814911842,2.32760944962502,0,0,0,3.16861446201801,9.08980762958527,3.78920969367027,0,58.5503237843513,0.972331404685974,4.84040868282318,165.498353123665,0.884959891438484,0,2.6674726754427,11.3279245197773,1.2221794128418,16.3996717333794,0.285034775733948,13235.8211743534,335.130781471729,1.3541886806488,3.09274896979332,0.841541111469269,939.146603986621,173.304387807846,1189.55050109327,19.3179255723953,2173.78187161684,2687.07440361381,1508.28245784342,6350.29375858605,4117.1018024385,0.270922690629959,21.6837589666247,1123.31713365018,95.5365604907274,117.653165429831,131.953265324235,2.73479187488556,15.1804721653461,1.28375548124313,0.991124987602234,1.20198455452919,9.41995984315872,13.0917797982693,3.19045190513134,5.17268279194832,0,0,6.12114521861076,0.223621249198914,2.10890692472458,0,20.9794979095459,2.21721482276917,0.224835246801376,10.3527292907238,15.7887336090207,335.130781471729,37499.1700614244,189.666165709496,39.143365830183,4.00901141762733,332.490612909198,1226.13490594923,5089.10172012448,1282.97953434289,1.2772319316864,4678.13358642906,3171.10115008801,1019.29191972315,554.930860452354,5.32517774403095,96.0187557563186,440.726313754916,3487.56316786259,701.496949858963,2829.38808593899,0,2.4787455201149,247.02391038835,18.8740544319153,190.097039327025,2.97270812094212,20.8705422580242,1.55637359619141,181.944041416049,0,0.285962253808975,0,0,0,29.1274246275425,85.8786263912916,0.1524418592453,2.90227827429771,29.7273378372192,1.91321630775928,1.3541886806488,189.666165709496,17304.8888994753,712.252575352788,1370.63954779506,8.98503594100475,2308.11262072623,103.875916495919,5944.74683190882,0,1.18625345826149,7.15330819785595,0.62027633190155,5.54980798065662,11931.2849685997,1854.1324006319,8.60927020013332,2788.20695702732,166.875269107521,51.4930683523417,0,12.7040978372097,13.1390561014414,59.1958869844675,102.532241389155,21.5313993245363,76.6811231225729,4.98540911078453,74.6095738336444,0.144443407654762,0,0.698567569255829,0,2.74978774785995,4.59778510034084,307.952468834817,3.54873782396317,17.6224233955145,15.4708752334118,13.4248756766319,3.09274896979332,39.143365830183,712.252575352788,2045.54767221212,188.395613521338,47.4184933975339,1969.80928149074,46.9343284517527,1118.22794099152,0,4.23719692230225,27.2780659496784,0,13.1169433891773,959.753164693713,1813.31334543228,22.0709368363023,177.301315739751,252.293227910995,122.450895629823,0,5.932976603508,44.5791381895542,73.0782749354839,493.858970046043,100.161491185427,59.6928232163191,2.79799351096153,650.420818582177,0,0,0,0,0,18.7026154398918,716.62733630836,1.77278916537762,64.9346216470003,9.72744634747505,4.81809592247009,0.841541111469269,4.00901141762733,1370.63954779506,188.395613521338,1783.40017932653,535.628394216299,153.166115216911,6.82055582106113,3400.53160129488,0,0,0.608635455369949,0.30425900220871,2.02256964147091,595.567284375429,4228.33607676625,2.36465874314308,149.691569536924,94.3321264460683,11.7676868438721,38.6598335057497,175.201453626156,4.04717564582825,49.300332903862,339.356060758233,1891.92556989193,484.438982382417,100.2936296314,113.567305624485,0,4.82463425397873,93.0907283127308,6.48762765526772,395.898795872927,1.99482846260071,1288.98094621301,84.1963551193476,17.0569474846125,528.40750464797,106.188319668174,939.146603986621,332.490612909198,8.98503594100475,47.4184933975339,535.628394216299,3775.75653345883,2562.50992735475,2762.85813561827,275.639659255743,15.3701331317425,61.3546950519085,243.158724576235,23.2700859159231,2702.97535781562,7.98741096258163,2039.86293572932,271.439651861787,82.53429441154,947.907472796738,324.988699011505,13.8259738832712,103.610486254096,3.38418591022491,78.2250030189753,37.506474584341,100.849726587534,1470.49542123824,30.4961924478412,93.3451915979385,0,2.54556334018707,39.0104595571756,5.58937388658524,46.1145532131195,2.4866406172514,503.450895220041,74.9347551912069,15.6432912498713,109.487120196223,85.0646286606789,173.304387807846,1226.13490594923,2308.11262072623,1969.80928149074,153.166115216911,2562.50992735475,19273.2853180096,484.07900711149,2218.29677591473,0.813641607761383,45.0172133818269,1045.90128666162,29.6094484627247,1981.99999580532,322.484954982996,2522.54558553547,2247.24404857308,1004.62121322751,2485.20626831055,5579.77244279534,5.56534290313721,23.024380967021,0,2.73254366219044,0.511007249355316,77.2877928763628,28.2486723065376,63.49150583148,34.1479997336864,0,0,8.97634816169739,0,16.2039240300655,0,20.857207596302,7.35859036445618,0,409.024316325784,7.09565234184265,1189.55050109327,5089.10172012448,103.875916495919,46.9343284517527,6.82055582106113,2762.85813561827,484.07900711149,5943.97636277974,3894.12835155427,2.59734171628952,3366.92380785942,59.7228174805641,14.0569570064545,300.200021535158,14.814270362258,98.9852840900421,33.713014960289,1459.97738426924,2469.4798785001,311.780549034476,0,17.5153759121895,15.9771939814091,61.316193446517,896.557769760489,27.132120013237,112.806294493377,4.45131507515907,2095.30596631765,0,0,3.52777706086636,0,2.10042513906956,5.15162554383278,341.861059591174,1.24197858572006,28.1996383816004,802.158954948187,13.948738604784,19.3179255723953,1282.97953434289,5944.74683190882,1118.22794099152,3400.53160129488,275.639659255743,2218.29677591473,3894.12835155427,11018.7901158407,0,186.059567555785,52.2636075019836,3.32086542248726,26.5688486397266,1124.50387626886,1969.2330250442,51.1868459433317,8206.28583158553,5317.18192884326,320.499751582742,455.585672408342,0,0,0,0,0.752000480890274,0.693016767501831,0,0,512.845904052258,0.958213090896606,0.75372302532196,150.518272578716,165.933651745319,0,0.183748185634613,115.280200153589,0,0,0,2173.78187161684,1.2772319316864,0,0,0,15.3701331317425,0.813641607761383,2.59734171628952,0,1110.93585172296,3.7432137131691,21.730375379324,1009.44370250404,1221.06252011657,0,0,826.113505661488,0,0,0.188902139663696,2.40702238678932,0.281196117401123,0,0,0,0.270938664674759,0,0,0,0,0.388904273509979,0,0,0,0,0.223976939916611,0,0,0,0.816294595599174,2687.07440361381,4678.13358642906,1.18625345826149,4.23719692230225,0,61.3546950519085,45.0172133818269,3366.92380785942,186.059567555785,3.7432137131691,5587.49396106601,427.472348988056,1802.15869522095,227.649050980806,0,4.12706470489502,39.0893346816301,342.221286252141,64.4151305109262,33.3378636240959,1.47120797634125,6.50004884600639,0,1.1212046444416,0.188265919685364,5.23492255806923,10.5807125270367,1.35387554764748,2.79952549934387,0,0,1.72936718165874,0,2.19458213448524,0,11.493370436132,1.21013349294662,2.72991591691971,1.83705165982246,4.85165376961231,1508.28245784342,3171.10115008801,7.15330819785595,27.2780659496784,0.608635455369949,243.158724576235,1045.90128666162,59.7228174805641,52.2636075019836,21.730375379324,427.472348988056,10849.5648901165,2388.05166091025,1867.640169397,2.35944233834743,49.2441001683474,2773.13090328127,228.305110029876,104.643400087953,3354.1940445751,0,0.488804817199707,0,0,0,0,0,0,0,0,0,1.23208332061768,0,0,0,0,0,0,0,0,6350.29375858605,1019.29191972315,0.62027633190155,0,0.30425900220871,23.2700859159231,29.6094484627247,14.0569570064545,3.32086542248726,1009.44370250404,1802.15869522095,2388.05166091025,8886.45815566182,1199.69549770653,0.181643471121788,0.538206458091736,1340.21586667001,24.7849812954664,9.7910779863596,16.3658130019903,24.6367218196392,15.8128758221865,0,0.881978452205658,0,159.240895479918,36.3591957688332,4.14550845324993,8.85271769762039,0,2.19081321358681,8.70049931108952,4.05184003710747,681.81527851522,0,17.2714292258024,137.167928785086,0,9.94866874814034,4.4385748654604,4117.1018024385,554.930860452354,5.54980798065662,13.1169433891773,2.02256964147091,2702.97535781562,1981.99999580532,300.200021535158,26.5688486397266,1221.06252011657,227.649050980806,1867.640169397,1199.69549770653,7660.53470927477,0.92374649643898,198.601196035743,5242.31288869679,82.5265053510666,89.39878462255,468.55352704227,0,1.34071779251099,15.1569287478924,11.3473225086927,119.999495461583,3.11434680223465,13.2622160166502,0,30.1194370388985,0,0.346327632665634,0,0,0.495838701725006,6.07303377985954,87.0862471610308,0.391003429889679,3.06477636098862,3.34643444418907,0.653906464576721,0.270922690629959,5.32517774403095,11931.2849685997,959.753164693713,595.567284375429,7.98741096258163,322.484954982996,14.814270362258,1124.50387626886,0,0,2.35944233834743,0.181643471121788,0.92374649643898,8138.19069013,5586.37819577008,5.36402435600758,393.907967984676,63.7104875445366,11.3755087256432,1.55695205926895,60.9591176137328,60.0040938407183,259.480764202774,641.709076620638,368.376577757299,506.330804906785,14.2330894395709,367.992079131305,0,1.50435326993465,11.0330564081669,0.754736177623272,16.936307951808,53.1047320812941,3795.42043586075,19.7499866783619,64.1801558583975,134.657646581531,46.483182862401,21.6837589666247,96.0187557563186,1854.1324006319,1813.31334543228,4228.33607676625,2039.86293572932,2522.54558553547,98.9852840900421,1969.2330250442,0,4.12706470489502,49.2441001683474,0.538206458091736,198.601196035743,5586.37819577008,12065.9834526554,72.9467264935374,306.504945389926,835.086866982281,179.112984150648,0.575860738754272,4.29730045050383,0,2.38485059142113,0.938614636659622,1.30463998019695,12.3184243142605,0.628570884466171,3.0602300465107,0,0,0.154226392507553,0,1.49406155943871,0,6.19421045482159,0.788045480847359,0,0.218348681926727,2.83963289856911,1123.31713365018,440.726313754916,8.60927020013332,22.0709368363023,2.36465874314308,271.439651861787,2247.24404857308,33.713014960289,51.1868459433317,826.113505661488,39.0893346816301,2773.13090328127,1340.21586667001,5242.31288869679,5.36402435600758,72.9467264935374,6175.67610177398,125.454902812839,102.878707334399,587.761513933539,0.317520946264267,11.8453558236361,0,6.62046204507351,7.70258782804012,3.76972073316574,13.7978919073939,1.95939046144485,21.5224401950836,0,0,3.44428572058678,0.194169476628304,0.191047251224518,0.305635273456573,26.7832000330091,2.22372594475746,1.44670498371124,14.9253959655762,5.58988191187382,95.5365604907274,3487.56316786259,2788.20695702732,177.301315739751,149.691569536924,82.53429441154,1004.62121322751,1459.97738426924,8206.28583158553,0,342.221286252141,228.305110029876,24.7849812954664,82.5265053510666,393.907967984676,306.504945389926,125.454902812839,4253.13112434745,857.509347900748,395.639939546585,41.6690525859594,196.453020960093,3.19627180695534,59.7193755954504,16.147958189249,294.511211335659,419.101645082235,305.379486247897,744.970059752464,1.1647025346756,10.4520257413387,40.8372967541218,1.5820839703083,50.4930810332298,0.229494169354439,306.888685636222,62.5308004617691,36.4399980455637,7520.93581423163,143.562272727489,117.653165429831,701.496949858963,166.875269107521,252.293227910995,94.3321264460683,947.907472796738,2485.20626831055,2469.4798785001,5317.18192884326,0,64.4151305109262,104.643400087953,9.7910779863596,89.39878462255,63.7104875445366,835.086866982281,102.878707334399,857.509347900748,3824.62051251531,845.897616252303,7.17215979099274,57.087043389678,0.473924547433853,4.64214071631432,2.45619398355484,27.3779178857803,83.3052026331425,12.0593078136444,21.5869154036045,0,4.30388161540031,8.49493907392025,1.17792534828186,1.79099652171135,0,64.8002910688519,13.3859147727489,9.28173588216305,25.552630469203,29.9006609842181,131.953265324235,2829.38808593899,51.4930683523417,122.450895629823,11.7676868438721,324.988699011505,5579.77244279534,311.780549034476,320.499751582742,0.188902139663696,33.3378636240959,3354.1940445751,16.3658130019903,468.55352704227,11.3755087256432,179.112984150648,587.761513933539,395.639939546585,845.897616252303,5019.9472303167
