10357.973795265,468.128119327128,0,13.3900681436062,2.6676878631115,406.99774646759,88.7874590456486,670.806433841586,10.853477165103,3170.43956084549,2958.83322131634,700.034085482359,9601.60040190816,1928.16193276644,0,2.82434152066708,1233.84118151665,15.0737284272909,97.6174844056368,96.4174733310938,2694.48807418346,0,0,0,0,3.58774185180664,2.46841110289097,1.16309595108032,0,376.034271359444,0,0,0,5.9898678958416,0,0,0,0,3.23103928565979,0,468.128119327128,34914.8797398433,366.771007791162,197.91087833792,18.5837223380804,475.158058948815,2784.54603311419,2523.50720071793,688.413658775389,15.9095416814089,5166.5496417135,2969.16061350703,497.157696500421,731.622323930264,45.1432126164436,94.0366516858339,573.530438065529,3828.82398426533,153.700040027499,2787.20309306681,4.37509739398956,0.481177106499672,0.892887234687805,4.61165381968021,3.7831022143364,19.8056312948465,53.8089068382978,0,7.61009224504232,0.412866085767746,1.2650283575058,1.40787196159363,0,12.1147579699755,0,11.765969991684,3.21968787908554,0,8.50938153266907,3.46405829489231,0,366.771007791162,13417.3981839418,540.609847918153,2299.24153257906,21.1268182694912,2270.11960005015,22.0407445728779,5191.0267297104,0,7.23290586471558,1.42129373550415,0,0.732100322842598,11352.5766526461,2526.26342605054,19.9993709623814,3597.54993753135,9.01008783280849,5.73661181330681,0,0.893204212188721,13.2655042111874,2.81643545627594,64.598470851779,3.57364122569561,27.5048796385527,0.162903517484665,39.0433685928583,0,0,0,0,0,0,24.6274388357997,0.634136080741882,4.7356116771698,2.1779588162899,0,13.3900681436062,197.91087833792,540.609847918153,3858.76019145548,282.484236851335,29.2871939241886,3574.22611903399,28.1881453692913,608.069383233786,0.26647099852562,7.89203071594238,54.2612417787313,0.402103066444397,18.676079288125,1488.67055436969,2875.54508975148,67.82777787745,656.479959622025,20.2512334883213,192.694345936179,0,0.341543972492218,11.0754387229681,38.2018264085054,139.382584646344,44.7330198287964,102.757142603397,0.881935000419617,66.3341372013092,0,0,1.18927791714668,0.86440372467041,2.66041329503059,2.14202174544334,102.910475604236,3.22018519043922,9.86381261050701,4.58052664995193,7.85557685792446,2.6676878631115,18.5837223380804,2299.24153257906,282.484236851335,1085.06860403717,826.405191153288,139.355013586581,1.16809344291687,1813.5378164053,0,0.180659458041191,0.390779569745064,0,0.599041640758514,665.467213600874,3156.81960894167,10.9916007965803,281.913198396564,6.39166259765625,4.83363497257233,0,0,10.2192684412003,7.14453023672104,570.175199523568,27.3249275237322,82.3452983126044,0,265.292754799128,0,0,0,0,0,3.6092691719532,42.4064629524946,4.21128082275391,5.7053614705801,0.655328169465065,2.77445304393768,406.99774646759,475.158058948815,21.1268182694912,29.2871939241886,826.405191153288,4074.41473892331,1481.83315691352,577.105704605579,347.666104748845,2.51346066594124,92.5317341834307,168.210364729166,35.6775519698858,1934.66857878864,19.4604984670877,804.724352374673,806.94813002646,176.477660655975,932.728178411722,176.106828808784,0,3.66691173613071,2.93217033147812,15.4740559607744,28.4276041835546,268.565393164754,343.247683018446,11.3283030092716,32.9856776148081,0.319619357585907,0,0,0,11.3995080888271,0,61.9046187996864,7.8233428299427,9.83604943752289,25.6754677444696,9.71321445703506,88.7874590456486,2784.54603311419,2270.11960005015,3574.22611903399,139.355013586581,1481.83315691352,19254.8603805527,1061.34597293288,4410.60019388795,2.8039636015892,153.292314171791,283.609763547778,15.0804100632668,688.011384524405,363.676599659026,3979.14227558672,3323.25148952752,3476.6492761299,1229.63158401847,4027.12325499207,0,20.6869002580643,14.3464273810387,83.9319550842047,92.4954287186265,508.343093983829,1819.40073214471,21.9859308451414,131.264188669622,0,5.42592400312424,5.62182000279427,1.20504528284073,71.9022041857243,7.01159512251616,288.835269443691,46.6197749376297,46.2629256621003,145.5837277174,79.6376378685236,670.806433841586,2523.50720071793,22.0407445728779,28.1881453692913,1.16809344291687,577.105704605579,1061.34597293288,3298.76957546175,4008.72430862486,0,2276.50231289864,18.499054774642,3.09121842682362,75.7461718171835,0.303712129592896,31.9400471746922,84.4120227843523,2685.17131836712,1449.7335986197,72.8307198137045,0.536437511444092,0,5.72123286128044,0,1.15940809249878,20.213326767087,26.6683888137341,194.09649631381,9.47816175222397,0,0,0,0,3.15027189254761,0,3.80071441829205,0,6.75992657244205,126.99607488513,0,10.853477165103,688.413658775389,5191.0267297104,608.069383233786,1813.5378164053,347.666104748845,4410.60019388795,4008.72430862486,11767.7343923822,0.185086026787758,167.100276902318,53.3436874747276,1.3939746171236,63.151525914669,769.142851859331,1425.71422728151,243.954864323139,6137.2205806002,3613.70932490379,169.055241912603,0,0.267347365617752,326.706081926823,29.2313507795334,787.276593953371,117.947051897645,327.11937571317,20.4809811711311,1130.37982699275,0,1.08805871009827,0,0.307326227426529,6.74466383457184,0.977730631828308,91.4310440868139,7.6416986733675,6.88308709859848,274.923231229186,17.4966514855623,3170.43956084549,15.9095416814089,0,0.26647099852562,0,2.51346066594124,2.8039636015892,0,0.185086026787758,1305.47899407148,89.0522119402885,202.220922812819,1920.56136366725,716.053107827902,0,0.334933638572693,1149.30418884754,0,0,0.921448826789856,226.58868098259,0,0,0,0,0,0,0,0,160.156439483166,0,0,0,2.91445994377136,0,0,0,0,0,0,2958.83322131634,5166.5496417135,7.23290586471558,7.89203071594238,0.180659458041191,92.5317341834307,153.292314171791,2276.50231289864,167.100276902318,89.0522119402885,8521.08725115657,335.096158608794,2937.39181439579,312.781074866652,0,4.43926377594471,129.693925946951,1864.73655575514,38.8268305510283,53.7974186241627,31.6502066701651,0,0,0,0,1.08708316087723,3.53396882116795,0,2.00171346962452,4.04172658920288,0,0,0,0.321614444255829,0,0,0,0,0,0,700.034085482359,2969.16061350703,1.42129373550415,54.2612417787313,0.390779569745064,168.210364729166,283.609763547778,18.499054774642,53.3436874747276,202.220922812819,335.096158608794,7420.96878542006,1467.4324541986,1202.19437487423,0,8.02287670969963,2601.19152277708,27.5118546485901,30.3104200512171,1507.5677831322,5.30197075009346,0.289028644561768,0,0,2.16113567352295,10.4240656197071,15.4868065416813,0,4.38143873214722,6.91696962714195,0,0,0,2.99118092656136,0,0.816101662814617,0,0,3.23972642421722,1.76438319683075,9601.60040190816,497.157696500421,0,0.402103066444397,0,35.6775519698858,15.0804100632668,3.09121842682362,1.3939746171236,1920.56136366725,2937.39181439579,1467.4324541986,9075.13384622335,634.68218319118,0,0,1040.93175730109,1.13721287250519,1.41223537921906,17.570702791214,823.243871539831,0,0,0,0,0.180846080183983,1.69913911819458,0,0,270.13554418087,0,0,0,1.11948132514954,0,0,0,0,0,0,1928.16193276644,731.622323930264,0.732100322842598,18.676079288125,0.599041640758514,1934.66857878864,688.011384524405,75.7461718171835,63.151525914669,716.053107827902,312.781074866652,1202.19437487423,634.68218319118,6566.94478879869,0.929306387901306,15.256536796689,4155.97485844791,83.0114583969116,131.253124684095,221.945007458329,69.4530457556248,2.37949228286743,0.316788136959076,0.216329410672188,0,26.6383387297392,31.0431390404701,0.684795737266541,1.47980463504791,36.8100892007351,0,0,0,102.705730497837,0,2.41829386353493,0.684282779693604,2.97779023647308,0,0.762564420700073,0,45.1432126164436,11352.5766526461,1488.67055436969,665.467213600874,19.4604984670877,363.676599659026,0.303712129592896,769.142851859331,0,0,0,0,0.929306387901306,9077.8316809386,6113.62985704094,4.69738286733627,663.413902044296,2.08597105741501,1.62783068418503,0,0,0.71797314286232,7.37239564955235,27.6792815029621,4.41513420641422,17.1894552782178,0,3.95116539299488,0,0,0,0,0,0,16.3000733107328,0,0.738111913204193,0,0.605014801025391,2.82434152066708,94.0366516858339,2526.26342605054,2875.54508975148,3156.81960894167,804.724352374673,3979.14227558672,31.9400471746922,1425.71422728151,0.334933638572693,4.43926377594471,8.02287670969963,0,15.256536796689,6113.62985704094,19664.7986713648,98.3931726813316,752.383404180408,46.1761480271816,33.5686363577843,0.300943523645401,3.17379170656204,11.7191391885281,41.3228928595781,183.147240966558,171.019435219467,385.623018205166,0.862898081541061,91.3113958612084,0,0,0,0,5.25443094968796,3.99847611039877,295.807598106563,7.5872401446104,17.5772327631712,9.63268655538559,4.8282366245985,1233.84118151665,573.530438065529,19.9993709623814,67.82777787745,10.9916007965803,806.94813002646,3323.25148952752,84.4120227843523,243.954864323139,1149.30418884754,129.693925946951,2601.19152277708,1040.93175730109,4155.97485844791,4.69738286733627,98.3931726813316,4147.41208457202,122.935488790274,226.522611953318,698.149143740535,34.8891850113869,0.497834116220474,3.28210692107677,3.65283793210983,8.77179896831512,57.5146000087261,108.260549522936,3.99093133211136,6.06062868237495,53.5848170816898,0,0,0,24.0429720431566,0.637268245220184,6.72168809175491,4.67025792598724,2.18144583702087,7.71689768135548,9.88685318827629,15.0737284272909,3828.82398426533,3597.54993753135,656.479959622025,281.913198396564,176.477660655975,3476.6492761299,2685.17131836712,6137.2205806002,0,1864.73655575514,27.5118546485901,1.13721287250519,83.0114583969116,663.413902044296,752.383404180408,122.935488790274,5979.17010310292,460.345421612263,190.301322177052,0,0.180250704288483,13.2741285562515,17.0947689414024,28.9088113605976,17.3226906806231,106.416948094964,6.88303351402283,58.1033246964216,0,0,0,0,2.07051828503609,2.93295454978943,37.3142352700233,6.66035866737366,1.59342515468597,10.7384308874607,2.55842414498329,97.6174844056368,153.700040027499,9.01008783280849,20.2512334883213,6.39166259765625,932.728178411722,1229.63158401847,1449.7335986197,3613.70932490379,0,38.8268305510283,30.3104200512171,1.41223537921906,131.253124684095,2.08597105741501,46.1761480271816,226.522611953318,460.345421612263,2021.62408050895,152.303071260452,0,17.6122710555792,34.9757562875748,10.5049752444029,7.35474373400211,197.40030272305,324.383626095951,342.571280032396,589.731610104442,0,5.35739108920097,0.90058134496212,2.49044823646545,24.9140629172325,1.79818239808083,7.37952571362257,19.0420956760645,56.8627390861511,3606.55701290816,48.9780940711498,96.4174733310938,2787.20309306681,5.73661181330681,192.694345936179,4.83363497257233,176.106828808784,4027.12325499207,72.8307198137045,169.055241912603,0.921448826789856,53.7974186241627,1507.5677831322,17.570702791214,221.945007458329,1.62783068418503,33.5686363577843,698.149143740535,190.301322177052,152.303071260452,4917.19663387537,0,0.147755578160286,0.38717694580555,3.63961005210876,3.73322483897209,34.203978061676,97.5652638226748,0.636267438530922,4.40468688309193,0.204756006598473,0.665874660015106,0,0,1.1038011610508,0,4.59893241524696,3.92328949272633,4.76775359362364,14.5856092572212,8.17604948580265,2694.48807418346,4.37509739398956,0,0,0,0,0,0.536437511444092,0,226.58868098259,31.6502066701651,5.30197075009346,823.243871539831,69.4530457556248,0,0.300943523645401,34.8891850113869,0,0,0,20249.2492378354,139.337593004107,3.51815760135651,14.5812876671553,0,313.620606839657,121.699742354453,564.594148300588,22.1997971981764,4335.28700876236,3062.57394190133,409.550987824798,5050.15339580178,2614.16187684238,0,0,1541.097404778,19.29488517344,6.30713102221489,174.708797737956,0,0.481177106499672,0.893204212188721,0.341543972492218,0,3.66691173613071,20.6869002580643,0,0.267347365617752,0,0,0.289028644561768,0,2.37949228286743,0,3.17379170656204,0.497834116220474,0.180250704288483,17.6122710555792,0.147755578160286,139.337593004107,36881.8622215241,370.949712574482,40.9074451774359,10.2487857490778,275.947165250778,882.043023303151,4240.01178977638,695.539301112294,1.42176569998264,6857.22129692882,3220.92314980179,468.232531413436,429.152769498527,28.2268497422338,18.6233879327774,496.558465078473,2668.88506029546,409.008212141693,2177.52061600983,0,0.892887234687805,13.2655042111874,11.0754387229681,10.2192684412003,2.93217033147812,14.3464273810387,5.72123286128044,326.706081926823,0,0,0,0,0.316788136959076,0.71797314286232,11.7191391885281,3.28210692107677,13.2741285562515,34.9757562875748,0.38717694580555,3.51815760135651,370.949712574482,15349.0480882376,886.787107408047,2514.71194795519,42.2341227829456,2560.85677061975,179.834494128823,7161.88784425706,0,1.32427528500557,3.54078578948975,0.515727207064629,20.895893573761,12980.3042517453,2718.5366864875,20.4818993508816,2323.64342471957,152.479290693998,42.3526994585991,0,4.61165381968021,2.81643545627594,38.2018264085054,7.14453023672104,15.4740559607744,83.9319550842047,0,29.2313507795334,0,0,0,0,0.216329410672188,7.37239564955235,41.3228928595781,3.65283793210983,17.0947689414024,10.5049752444029,3.63961005210876,14.5812876671553,40.9074451774359,886.787107408047,3016.60060290992,529.110183387995,109.415946528316,3146.6903853938,61.948609277606,1231.22112130374,0.379283040761948,13.496185541153,19.6947225630283,5.69599467515945,83.3455148339272,2354.19424974918,2341.60310959816,76.1821894198656,722.137705132365,53.641082495451,234.106786295772,0,3.7831022143364,64.598470851779,139.382584646344,570.175199523568,28.4276041835546,92.4954287186265,1.15940809249878,787.276593953371,0,0,2.16113567352295,0,0,27.6792815029621,183.147240966558,8.77179896831512,28.9088113605976,7.35474373400211,3.73322483897209,0,10.2487857490778,2514.71194795519,529.110183387995,2663.9999679029,1211.10848914087,391.117086566985,15.7433797568083,3553.5301278457,0,0.84762054681778,1.76300969719887,0,57.2114688009024,1221.2037666291,3696.04034091532,8.29856616258621,241.107235580683,109.585681706667,20.8325925469398,3.58774185180664,19.8056312948465,3.57364122569561,44.7330198287964,27.3249275237322,268.565393164754,508.343093983829,20.213326767087,117.947051897645,0,1.08708316087723,10.4240656197071,0.180846080183983,26.6383387297392,4.41513420641422,171.019435219467,57.5146000087261,17.3226906806231,197.40030272305,34.203978061676,313.620606839657,275.947165250778,42.2341227829456,109.415946528316,1211.10848914087,3856.18595731258,1795.21397691965,1375.58475343138,329.908495150506,51.589510679245,234.680731326342,53.3234426677227,33.1332466155291,2606.32009929419,44.1132010817528,807.252888038754,159.254096582532,182.90211135149,537.787442244589,380.677288532257,2.46841110289097,53.8089068382978,27.5048796385527,102.757142603397,82.3452983126044,343.247683018446,1819.40073214471,26.6683888137341,327.11937571317,0,3.53396882116795,15.4868065416813,1.69913911819458,31.0431390404701,17.1894552782178,385.623018205166,108.260549522936,106.416948094964,324.383626095951,97.5652638226748,121.699742354453,882.043023303151,2560.85677061975,3146.6903853938,391.117086566985,1795.21397691965,15698.2921550348,1024.19661743939,5230.9167471081,2.67659002542496,211.785712219775,205.910315223038,71.4277006387711,1858.73791623861,396.883435077965,3043.47612655163,2367.18823150545,2381.24778770655,1752.94099523127,4705.66596995294,1.16309595108032,0,0.162903517484665,0.881935000419617,0,11.3283030092716,21.9859308451414,194.09649631381,20.4809811711311,0,0,0,0,0.684795737266541,0,0.862898081541061,3.99093133211136,6.88303351402283,342.571280032396,0.636267438530922,564.594148300588,4240.01178977638,179.834494128823,61.948609277606,15.7433797568083,1375.58475343138,1024.19661743939,4930.37356260419,4756.41039946675,0,4271.65238490701,12.6763560771942,0.586929187178612,175.241053953767,7.13245682418346,9.86123435199261,66.0353050529957,3113.05710440874,1362.68417036533,350.057688266039,0,7.61009224504232,39.0433685928583,66.3341372013092,265.292754799128,32.9856776148081,131.264188669622,9.47816175222397,1130.37982699275,0,2.00171346962452,4.38143873214722,0,1.47980463504791,3.95116539299488,91.3113958612084,6.06062868237495,58.1033246964216,589.731610104442,4.40468688309193,22.1997971981764,695.539301112294,7161.88784425706,1231.22112130374,3553.5301278457,329.908495150506,5230.9167471081,4756.41039946675,11272.5633574799,1.34395527839661,369.559364855289,22.0075845569372,6.77506816387177,159.683179356158,1642.90561757982,1523.76644720137,70.7027743533254,5402.04247659445,4104.47291758657,719.462116889656,376.034271359444,0.412866085767746,0,0,0,0.319619357585907,0,0,0,160.156439483166,4.04172658920288,6.91696962714195,270.13554418087,36.8100892007351,0,0,53.5848170816898,0,0,0.204756006598473,4335.28700876236,1.42176569998264,0,0.379283040761948,0,51.589510679245,2.67659002542496,0,1.34395527839661,1167.81861361861,76.3890078216791,55.8603457063437,1389.46033972502,869.660410910845,0,0.451409786939621,785.421349063516,0,0,2.34711666405201,0,1.2650283575058,0,0,0,0,5.42592400312424,0,1.08805871009827,0,0,0,0,0,0,0,0,0,5.35739108920097,0.665874660015106,3062.57394190133,6857.22129692882,1.32427528500557,13.496185541153,0.84762054681778,234.680731326342,211.785712219775,4271.65238490701,369.559364855289,76.3890078216791,7226.29577326775,501.962064497173,3074.61496397853,710.659249551594,0.223327472805977,0.960399523377419,383.752678304911,609.018001824617,125.171543329954,458.8117370978,0,1.40787196159363,0,1.18927791714668,0,0,5.62182000279427,0,0,0,0,0,0,0,0,0,0,0,0.90058134496212,0,409.550987824798,3220.92314980179,3.54078578948975,19.6947225630283,1.76300969719887,53.3234426677227,205.910315223038,12.6763560771942,22.0075845569372,55.8603457063437,501.962064497173,6225.77694123983,2202.61425216496,1438.96542565525,1.85333579778671,0.5128213763237,2650.62487107515,20.6684826463461,25.1230004578829,749.168699011207,0,0,0,0.86440372467041,0,0,1.20504528284073,0,0.307326227426529,0,0,0,0,0,0,0,0,0,2.49044823646545,0,5050.15339580178,468.232531413436,0.515727207064629,5.69599467515945,0,33.1332466155291,71.4277006387711,0.586929187178612,6.77506816387177,1389.46033972502,3074.61496397853,2202.61425216496,5722.40520744026,1002.58186867833,0,0.274689912796021,1576.2971034497,7.37727485597134,4.4475702047348,127.52472448349,5.9898678958416,12.1147579699755,0,2.66041329503059,0,11.3995080888271,71.9022041857243,3.15027189254761,6.74466383457184,2.91445994377136,0.321614444255829,2.99118092656136,1.11948132514954,102.705730497837,0,5.25443094968796,24.0429720431566,2.07051828503609,24.9140629172325,1.1038011610508,2614.16187684238,429.152769498527,20.895893573761,83.3455148339272,57.2114688009024,2606.32009929419,1858.73791623861,175.241053953767,159.683179356158,869.660410910845,710.659249551594,1438.96542565525,1002.58186867833,8468.32255057991,7.39309477806091,30.6903773844242,4792.81876115501,96.1412337869406,68.1849989145994,553.889298483729,0,0,0,2.14202174544334,3.6092691719532,0,7.01159512251616,0,0.977730631828308,0,0,0,0,0,0,3.99847611039877,0.637268245220184,2.93295454978943,1.79818239808083,0,0,28.2268497422338,12980.3042517453,2354.19424974918,1221.2037666291,44.1132010817528,396.883435077965,7.13245682418346,1642.90561757982,0,0.223327472805977,1.85333579778671,0,7.39309477806091,6954.41382095218,6104.26925110817,7.8997268974781,762.726261630654,9.15600456297398,26.7085444629192,0,11.765969991684,24.6274388357997,102.910475604236,42.4064629524946,61.9046187996864,288.835269443691,3.80071441829205,91.4310440868139,0,0,0.816101662814617,0,2.41829386353493,16.3000733107328,295.807598106563,6.72168809175491,37.3142352700233,7.37952571362257,4.59893241524696,0,18.6233879327774,2718.5366864875,2341.60310959816,3696.04034091532,807.252888038754,3043.47612655163,9.86123435199261,1523.76644720137,0.451409786939621,0.960399523377419,0.5128213763237,0.274689912796021,30.6903773844242,6104.26925110817,20672.2260165289,11.8288371860981,321.531191527843,40.0108683556318,17.1102868169546,0,3.21968787908554,0.634136080741882,3.22018519043922,4.21128082275391,7.8233428299427,46.6197749376297,0,7.6416986733675,0,0,0,0,0.684282779693604,0,7.5872401446104,4.67025792598724,6.66035866737366,19.0420956760645,3.92328949272633,1541.097404778,496.558465078473,20.4818993508816,76.1821894198656,8.29856616258621,159.254096582532,2367.18823150545,66.0353050529957,70.7027743533254,785.421349063516,383.752678304911,2650.62487107515,1576.2971034497,4792.81876115501,7.8997268974781,11.8288371860981,5047.30002108216,86.3468073755503,103.522160589695,714.795458719134,0,0,4.7356116771698,9.86381261050701,5.7053614705801,9.83604943752289,46.2629256621003,6.75992657244205,6.88308709859848,0,0,0,0,2.97779023647308,0.738111913204193,17.5772327631712,2.18144583702087,1.59342515468597,56.8627390861511,4.76775359362364,19.29488517344,2668.88506029546,2323.64342471957,722.137705132365,241.107235580683,182.90211135149,2381.24778770655,3113.05710440874,5402.04247659445,0,609.018001824617,20.6684826463461,7.37727485597134,96.1412337869406,762.726261630654,321.531191527843,86.3468073755503,2502.68583454192,876.994687601924,361.677564188838,3.23103928565979,8.50938153266907,2.1779588162899,4.58052664995193,0.655328169465065,25.6754677444696,145.5837277174,126.99607488513,274.923231229186,0,0,3.23972642421722,0,0,0,9.63268655538559,7.71689768135548,10.7384308874607,3606.55701290816,14.5856092572212,6.30713102221489,409.008212141693,152.479290693998,53.641082495451,109.585681706667,537.787442244589,1752.94099523127,1362.68417036533,4104.47291758657,0,125.171543329954,25.1230004578829,4.4475702047348,68.1849989145994,9.15600456297398,40.0108683556318,103.522160589695,876.994687601924,1689.11280198395,366.413986437023,0,3.46405829489231,0,7.85557685792446,2.77445304393768,9.71321445703506,79.6376378685236,0,17.4966514855623,0,0,1.76438319683075,0,0.762564420700073,0.605014801025391,4.8282366245985,9.88685318827629,2.55842414498329,48.9780940711498,8.17604948580265,174.708797737956,2177.52061600983,42.3526994585991,234.106786295772,20.8325925469398,380.677288532257,4705.66596995294,350.057688266039,719.462116889656,2.34711666405201,458.8117370978,749.168699011207,127.52472448349,553.889298483729,26.7085444629192,17.1102868169546,714.795458719134,361.677564188838,366.413986437023,4116.30406303704
