8994.34281474352,656.615316495299,0,0,0,517.042149960995,0.175436675548553,1768.34961476922,0,1511.39207993448,3535.75559687614,795.688588574529,10722.2982924432,2116.9366299212,0,0,383.969290457666,2.55341005325317,19.6969328522682,1.89513273537159,144.045377984643,0,0,0,0,0,0,0,0,75.0317957401276,0,0,2.64080789685249,0,0,0,0,0,0,0,656.615316495299,34432.1380060464,84.6843986958265,10.9116740971804,2.56598743051291,192.210668154061,672.701736971736,2266.92946508527,1496.77193894237,0,7247.15867216885,2237.12160658836,962.730205953121,927.782276839018,3.96735470741987,152.805015139282,430.558373898268,4867.3607480973,119.398345068097,3089.98836648464,0,0,0.30560328066349,0.0966928005218506,0.772655107080936,1.84479224681854,0,0.724828988313675,10.5951034128666,0,0,0,0,0,0,0.508881330490112,0,0,1.47673612833023,0,0,84.6843986958265,16474.6948181018,415.408644251525,2492.80376815051,1.41147983819246,2177.89707189053,14.5859676301479,3453.88214407861,0,0,0.46007464826107,0,0,13257.2687237412,1574.032326065,2.87461313605309,2106.5255266428,27.749941021204,40.1315205395222,0,0,607.583142250776,0.956755101680756,271.507285967469,0.341049648821354,0.422600314021111,0.323926076292992,479.712392650545,0,0,0,0,0,28.9296613782644,39.1366446316242,0,12.0787159949541,4.52872149646282,0,0,10.9116740971804,415.408644251525,3447.96712319553,48.2461981773376,7.62094459682703,2699.66066679358,15.5629029422998,103.678878448904,0,0,0,0,0,1452.06993973255,2048.2363602668,7.88612112402916,270.089158885181,54.4646070152521,44.9566055238247,0,0,3.76647061109543,0,16.8430305495858,1.22692981362343,1.58083958178759,2.97644951939583,91.2823277339339,0,0,0,0,0,0.18638813495636,5.56222993135452,0,0,34.9973631575704,0,0,2.56598743051291,2492.80376815051,48.2461981773376,1073.78539625555,174.023188382387,88.3944587558508,29.6891858503222,520.018278352916,0,0,0,0,0,1489.33561430871,1982.18440979719,0.755645483732224,106.315685942769,54.4363375529647,4.78447092324495,0,0,106.993422493339,5.17065243422985,125.283520571887,29.9749124348164,7.2947158664465,13.1624454185367,317.689264133573,0,0,0,0,0,3.96240419149399,61.7852302640676,0,6.60134527087212,33.8309838250279,1.06731933355331,517.042149960995,192.210668154061,1.41147983819246,7.62094459682703,174.023188382387,2612.95024572313,1193.75946297497,840.157188020647,810.507533013821,0,15.1721269786358,223.859470836818,2.22897288203239,1174.05510860682,0,724.89947334677,1083.14796717465,298.473256900907,671.834937527776,725.820308879018,0,1.54929327964783,0,0,34.2928402125835,53.9084458053112,14.3714731633663,1.55029784142971,26.4882448464632,0,0,6.29832834005356,0,0,0,28.3743102550507,0,4.5452970713377,34.4517425447702,3.35106065869331,0.175436675548553,672.701736971736,2177.89707189053,2699.66066679358,88.3944587558508,1193.75946297497,26742.968990624,38.4225102886558,542.85388725996,0,0.441107213497162,261.501342952251,1.35155129432678,760.086992800236,239.99619205296,3886.65004386008,3988.59925355017,2753.10157775879,251.199195466936,3155.4889100492,0,0,4.11804331839085,1.29040522873402,19.7167761400342,18.5499681159854,191.896800927818,2.88173510879278,109.467777535319,0,0,0.472627371549606,0,0.765995651483536,0.200005397200584,12.1271356940269,2.53144070506096,1.52400237321854,34.027534455061,0.722060680389404,1768.34961476922,2266.92946508527,14.5859676301479,15.5629029422998,29.6891858503222,840.157188020647,38.4225102886558,2462.90035635233,2313.49549084157,0,2518.64877437055,0,1.13584077358246,324.741758033633,0.491289526224136,144.998846895993,4.10270982980728,587.480665527284,791.061299905181,3.65077482908964,10.6450588703156,0.173204556107521,0.457823097705841,0.132513105869293,2.92531221359968,69.4004130735993,8.21915503591299,31.886474609375,82.8185419291258,0,0,0,0,0,3.47349166870117,6.98126301169395,0,2.45235633850098,99.3031548410654,0.0922839343547821,0,1496.77193894237,3453.88214407861,103.678878448904,520.018278352916,810.507533013821,542.85388725996,2313.49549084157,8474.19466099143,0,149.650345593691,212.807842135429,0,76.9803001135588,150.252840183675,960.063809543848,78.6184794604778,4108.45773009211,3628.83891646564,442.522819548845,0,3.34397603571415,233.136794291437,23.45786036551,118.585152335465,88.3863088339567,49.3091057315469,123.876411885023,919.805557951331,0,0,0.81321519613266,0,0,5.42579770833254,151.181687757373,0,14.1220637410879,565.071188233793,14.7408787682652,1511.39207993448,0,0,0,0,0,0,0,0,503.899463504553,16.7111555933952,224.451618015766,1392.86542384326,420.421750932932,0,0,1187.16677492857,0,0,0,19.0665625631809,0,0,0,0,0,0,0,0,16.7196055948734,0,0,7.93647220730782,0,0,0,0,0,0,0,3535.75559687614,7247.15867216885,0,0,0,15.1721269786358,0.441107213497162,2518.64877437055,149.650345593691,16.7111555933952,7355.73688314855,462.692333005369,4806.32339030504,378.738634899259,0,0.318062365055084,69.2127250656486,670.16562114656,1.17471063137054,19.1793597564101,0.670835852622986,0,0,0,0,0,0,0,0,0,0,0,0,0,0,0,0,0,0,0,795.688588574529,2237.12160658836,0.46007464826107,0,0,223.859470836818,261.501342952251,0,212.807842135429,224.451618015766,462.692333005369,8198.51329439878,1996.56991104037,4370.3736853525,0,11.8482594639063,4169.39370791614,89.5495438426733,0,2796.80324880034,0.453078299760818,0,0,0,0,0,0,0,0,1.08058854937553,0,0,0,0,0,0,0,0,0,0,10722.2982924432,962.730205953121,0,0,0,2.22897288203239,1.35155129432678,1.13584077358246,0,1392.86542384326,4806.32339030504,1996.56991104037,7413.1346476227,1745.9033966288,0,0,1320.99820049852,0,0,6.93917842954397,16.4972241520882,0,0,0,0,0,0,0,0,21.415112555027,0,0,0,0,0,0,0,0,0,0,2116.9366299212,927.782276839018,0,0,0,1174.05510860682,760.086992800236,324.741758033633,76.9803001135588,420.421750932932,378.738634899259,4370.3736853525,1745.9033966288,8201.4652544111,0,12.5423524677753,6091.72694922239,15.9849246740341,12.9805850982666,534.398942373693,10.9806625247002,0,0,0,0,0,0,0,0,1.44834136962891,0,0,0,0,0,0,0,0,0,0,0,3.96735470741987,13257.2687237412,1452.06993973255,1489.33561430871,0,239.99619205296,0.491289526224136,150.252840183675,0,0,0,0,0,9518.3609906137,6472.64304690808,0.995363116264343,475.830132484436,6.80906748771667,3.81511262059212,0,0,39.6820941120386,0,153.500126332045,0,0.185334712266922,0,293.695242151618,0,0,0,0,0,16.3090672045946,10.4717997312546,0,4.39866454899311,1.29123151302338,0,0,152.805015139282,1574.032326065,2048.2363602668,1982.18440979719,724.89947334677,3886.65004386008,144.998846895993,960.063809543848,0,0.318062365055084,11.8482594639063,0,12.5423524677753,6472.64304690808,8444.00398138165,254.263279549778,1100.93679982424,826.939607806504,325.87145383656,0,0.735199503600597,25.7670687511563,9.50112407654524,77.1910554692149,25.7557091787457,18.2913329750299,23.9939930215478,354.158098123968,0,0,0,0,0,14.8800986409187,119.106256090105,0,2.02679705619812,134.135786503553,0.799874112010002,383.969290457666,430.558373898268,2.87461313605309,7.88612112402916,0.755645483732224,1083.14796717465,3988.59925355017,4.10270982980728,78.6184794604778,1187.16677492857,69.2127250656486,4169.39370791614,1320.99820049852,6091.72694922239,0.995363116264343,254.263279549778,5502.97693751752,113.531057469547,3.37827540934086,789.094437509775,0,0,0,0,0,0,0,0,0.279116630554199,14.07506904006,0,0,0,0,0,0,0,0,0,0,2.55341005325317,4867.3607480973,2106.5255266428,270.089158885181,106.315685942769,298.473256900907,2753.10157775879,587.480665527284,4108.45773009211,0,670.16562114656,89.5495438426733,0,15.9849246740341,475.830132484436,1100.93679982424,113.531057469547,5827.73431971669,545.127260439098,615.765607051551,0,0,17.0259924605489,1.47954776883125,61.0371556505561,12.1591493561864,3.00957133620977,13.9318783283234,227.723316192627,0,0,0,0,0,5.84193021059036,25.2049857676029,0,0.514633536338806,38.9259903281927,0.869991913437843,19.6969328522682,119.398345068097,27.749941021204,54.4646070152521,54.4363375529647,671.834937527776,251.199195466936,791.061299905181,3628.83891646564,0,1.17471063137054,0,0,12.9805850982666,6.80906748771667,826.939607806504,3.37827540934086,545.127260439098,1000.67820779979,5.83607409894466,12.5424519628286,3.5301670730114,116.205493271351,4.63864779472351,9.53233779966831,265.561049737036,21.4048190414906,335.854325667024,561.98400901258,0,1.15739810466766,0.357768177986145,0,0,3.89216369390488,77.139583915472,0.157598525285721,14.4742044210434,2049.80183002353,11.2469738721848,1.89513273537159,3089.98836648464,40.1315205395222,44.9566055238247,4.78447092324495,725.820308879018,3155.4889100492,3.65077482908964,442.522819548845,0,19.1793597564101,2796.80324880034,6.93917842954397,534.398942373693,3.81511262059212,325.87145383656,789.094437509775,615.765607051551,5.83607409894466,6334.47396810353,0,0.14056108891964,0,0,1.0720192193985,0.802667029201984,0,0,4.00049661844969,0,0,0,0,0,0,0.821259021759033,0,0,1.3121010363102,0,144.045377984643,0,0,0,0,0,0,10.6450588703156,0,19.0665625631809,0.670835852622986,0.453078299760818,16.4972241520882,10.9806625247002,0,0,0,0,12.5424519628286,0,13772.1594688743,624.88418020308,0,0,0,391.615422621369,20.7541515678167,1015.2157716006,15.7060835808516,3001.21360857785,3968.35778556764,1244.36633336544,8275.30145809054,2388.30118398368,0,16.4638489484787,438.382975533605,207.332463815808,40.4033537507057,110.183671593666,0,0,0,0,0,1.54929327964783,0,0.173204556107521,3.34397603571415,0,0,0,0,0,0,0.735199503600597,0,0,3.5301670730114,0.14056108891964,624.88418020308,17739.4820604175,388.625558018684,28.0259405076504,4.70212285220623,130.043371021748,243.819928511977,6719.86901548505,1874.73545134068,0.133915230631828,3462.41288641095,1100.89762783051,127.063024386764,42.8570338562131,7.66408255696297,123.015223145485,58.6662767678499,5947.27927201986,630.463387049735,2217.29155787081,0,0.30560328066349,607.583142250776,3.76647061109543,106.993422493339,0,4.11804331839085,0.457823097705841,233.136794291437,0,0,0,0,0,39.6820941120386,25.7670687511563,0,17.0259924605489,116.205493271351,0,0,388.625558018684,15197.2737721428,877.512854158878,3264.14108984917,8.65459436178207,3458.05494917184,471.709848478436,5365.25879716128,0,31.1884921491146,4.51048800349236,0.906178832054138,0,8365.58153417706,3522.257502608,3.73732417821884,1968.87666860223,451.711510844529,103.963930681348,0,0.0966928005218506,0.956755101680756,0,5.17065243422985,0,1.29040522873402,0.132513105869293,23.45786036551,0,0,0,0,0,0,9.50112407654524,0,1.47954776883125,4.63864779472351,0,0,28.0259405076504,877.512854158878,2313.51438710093,50.9227862209082,7.17805019021034,3149.28174061328,50.2193032205105,348.045559078455,0,0,5.5212724134326,0,0,1632.55476890504,1762.73762812465,4.64684988558292,162.986758671701,252.027563400567,153.196572750807,0,0.772655107080936,271.507285967469,16.8430305495858,125.283520571887,34.2928402125835,19.7167761400342,2.92531221359968,118.585152335465,0,0,0,0,0,153.500126332045,77.1910554692149,0,61.0371556505561,9.53233779966831,1.0720192193985,0,4.70212285220623,3264.14108984917,50.9227862209082,1791.82501757145,882.167462334037,62.81453345716,51.6039495766163,1093.36516714096,0,0,0.78168785572052,0,0,1368.37028336525,2749.92062158138,0.276157438755035,246.419570364058,142.347210608423,15.4890495166183,0,1.84479224681854,0.341049648821354,1.22692981362343,29.9749124348164,53.9084458053112,18.5499681159854,69.4004130735993,88.3863088339567,0,0,0,0,0,0,25.7557091787457,0,12.1591493561864,265.561049737036,0.802667029201984,391.615422621369,130.043371021748,8.65459436178207,7.17805019021034,882.167462334037,4618.22810822725,1458.9861368984,1073.9128620401,296.788449801505,0.603100180625916,21.5808511376381,1077.4829165116,35.8488202989101,2189.80303991586,0.714964359998703,908.775425769389,1285.1959195137,328.827699363232,1313.66783501208,639.389832742512,0,0,0.422600314021111,1.58083958178759,7.2947158664465,14.3714731633663,191.896800927818,8.21915503591299,49.3091057315469,0,0,0,0,0,0.185334712266922,18.2913329750299,0,3.00957133620977,21.4048190414906,0,20.7541515678167,243.819928511977,3458.05494917184,3149.28174061328,62.81453345716,1458.9861368984,20433.6444749162,115.621342420578,797.55505014956,0,0.940132290124893,483.904322214425,16.2588695138693,1020.13437014818,313.312233023345,2361.58560102433,3056.78199498355,1376.90459469706,724.965715847909,3790.61664251983,0,0.724828988313675,0.323926076292992,2.97644951939583,13.1624454185367,1.55029784142971,2.88173510879278,31.886474609375,123.876411885023,0,0,0,0,0,0,23.9939930215478,0,13.9318783283234,335.854325667024,0,1015.2157716006,6719.86901548505,471.709848478436,50.2193032205105,51.6039495766163,1073.9128620401,115.621342420578,6990.20689441264,3748.22654497623,0,3738.10287871957,247.029687136412,91.2510816603899,177.302121162415,14.451985642314,291.364096850157,18.5355870872736,1449.14509172738,609.081670090556,84.9212512820959,0,10.5951034128666,479.712392650545,91.2823277339339,317.689264133573,26.4882448464632,109.467777535319,82.8185419291258,919.805557951331,0,0,0,0,0,293.695242151618,354.158098123968,0.279116630554199,227.723316192627,561.98400901258,4.00049661844969,15.7060835808516,1874.73545134068,5365.25879716128,348.045559078455,1093.36516714096,296.788449801505,797.55505014956,3748.22654497623,8901.13250184804,0,180.117589116096,489.319242991507,4.31490984559059,16.7080121636391,700.550663419068,1861.62036009878,65.7517107576132,3272.27563121915,4127.73135614395,520.288995750248,75.0317957401276,0,0,0,0,0,0,0,0,16.7196055948734,0,1.08058854937553,21.415112555027,1.44834136962891,0,0,14.07506904006,0,0,0,3001.21360857785,0.133915230631828,0,0,0,0.603100180625916,0,0,0,2314.23163020611,5.60911437869072,19.3154989928007,1580.08719331026,1220.42213349789,0,0,1118.08596520126,0,0,0,0,0,0,0,0,0,0,0,0,0,0,0,0,0,0,0,0,0,1.15739810466766,0,3968.35778556764,3462.41288641095,31.1884921491146,0,0,21.5808511376381,0.940132290124893,3738.10287871957,180.117589116096,5.60911437869072,5376.72601301968,47.6945922672749,1690.68911083043,124.156917601824,0,0.820486292243004,16.0177239775658,177.920481920242,3.47998002171516,3.41694074869156,0,0,0,0,0,6.29832834005356,0.472627371549606,0,0.81321519613266,0,0,0,0,0,0,0,0,0,0.357768177986145,0,1244.36633336544,1100.89762783051,4.51048800349236,5.5212724134326,0.78168785572052,1077.4829165116,483.904322214425,247.029687136412,489.319242991507,19.3154989928007,47.6945922672749,7386.5435321033,817.69035051018,2065.50339964777,0.200082018971443,173.802321754396,3190.47928571701,611.91492472589,64.2204474061728,2021.18520396948,2.64080789685249,0,0,0,0,0,0,0,0,7.93647220730782,0,0,0,0,0,0,0,0,0,0,8275.30145809054,127.063024386764,0.906178832054138,0,0,35.8488202989101,16.2588695138693,91.2510816603899,4.31490984559059,1580.08719331026,1690.68911083043,817.69035051018,3700.71754215658,1808.52192821354,0,6.85998713970184,428.75175331533,9.11006832122803,1.90951010584831,7.33644834160805,0,0,0,0,0,0,0.765995651483536,0,0,0,0,0,0,0,0,0,0,0,0,0,2388.30118398368,42.8570338562131,0,0,0,2189.80303991586,1020.13437014818,177.302121162415,16.7080121636391,1220.42213349789,124.156917601824,2065.50339964777,1808.52192821354,13738.0008770302,0,9.21975427865982,8388.69713733345,60.409773811698,4.46164005994797,128.283761002123,0,0,28.9296613782644,0.18638813495636,3.96240419149399,0,0.200005397200584,3.47349166870117,5.42579770833254,0,0,0,0,0,16.3090672045946,14.8800986409187,0,5.84193021059036,3.89216369390488,0,0,7.66408255696297,8365.58153417706,1632.55476890504,1368.37028336525,0.714964359998703,313.312233023345,14.451985642314,700.550663419068,0,0,0.200082018971443,0,0,7240.67286162078,5442.34277367592,0.18746080994606,624.743833184242,27.7895634099841,19.6179118156433,0,0.508881330490112,39.1366446316242,5.56222993135452,61.7852302640676,28.3743102550507,12.1271356940269,6.98126301169395,151.181687757373,0,0,0,0,0,10.4717997312546,119.106256090105,0,25.2049857676029,77.139583915472,0.821259021759033,16.4638489484787,123.015223145485,3522.257502608,1762.73762812465,2749.92062158138,908.775425769389,2361.58560102433,291.364096850157,1861.62036009878,0,0.820486292243004,173.802321754396,6.85998713970184,9.21975427865982,5442.34277367592,11542.1362276934,163.907886095345,767.237313956022,1718.38124960661,667.851806387305,0,0,0,0,0,0,2.53144070506096,0,0,0,0,0,0,0,0,0,0,0,0.157598525285721,0,438.382975533605,58.6662767678499,3.73732417821884,4.64684988558292,0.276157438755035,1285.1959195137,3056.78199498355,18.5355870872736,65.7517107576132,1118.08596520126,16.0177239775658,3190.47928571701,428.75175331533,8388.69713733345,0.18746080994606,163.907886095345,5829.84193341434,116.114243850112,36.1680976897478,381.338463157415,0,0,12.0787159949541,0,6.60134527087212,4.5452970713377,1.52400237321854,2.45235633850098,14.1220637410879,0,0,0,0,0,4.39866454899311,2.02679705619812,0,0.514633536338806,14.4742044210434,0,207.332463815808,5947.27927201986,1968.87666860223,162.986758671701,246.419570364058,328.827699363232,1376.90459469706,1449.14509172738,3272.27563121915,0,177.920481920242,611.91492472589,9.11006832122803,60.409773811698,624.743833184242,767.237313956022,116.114243850112,1320.39722125232,1499.92888695002,1448.81204023957,0,1.47673612833023,4.52872149646282,34.9973631575704,33.8309838250279,34.4517425447702,34.027534455061,99.3031548410654,565.071188233793,0,0,0,0,0,1.29123151302338,134.135786503553,0,38.9259903281927,2049.80183002353,1.3121010363102,40.4033537507057,630.463387049735,451.711510844529,252.027563400567,142.347210608423,1313.66783501208,724.965715847909,609.081670090556,4127.73135614395,0,3.47998002171516,64.2204474061728,1.90951010584831,4.46164005994797,27.7895634099841,1718.38124960661,36.1680976897478,1499.92888695002,1660.48517400026,353.260240510106,0,0,0,0,1.06731933355331,3.35106065869331,0.722060680389404,0.0922839343547821,14.7408787682652,0,0,0,0,0,0,0.799874112010002,0,0.869991913437843,11.2469738721848,0,110.183671593666,2217.29155787081,103.963930681348,153.196572750807,15.4890495166183,639.389832742512,3790.61664251983,84.9212512820959,520.288995750248,0,3.41694074869156,2021.18520396948,7.33644834160805,128.283761002123,19.6179118156433,667.851806387305,381.338463157415,1448.81204023957,353.260240510106,4520.76634275913
