12063.0871641636,943.103190004826,0,0,0,338.953300446272,0,216.403657227755,0,1558.02285067737,2586.63185171783,947.325666293502,5352.89628216624,2409.33046227694,0,0,830.115163400769,0,117.734709337354,0.941110849380493,730.385824322701,0,0,0,0,35.5814385712147,0,4.7745037227869,0,31.4792443066835,14.0325966328382,0,6.04807010293007,2.60635170340538,0,0,0,0,46.7638470828533,0,943.103190004826,33929.2594400793,204.8713337183,3.86910434067249,0,41.8401528149843,560.769401788712,1286.09419906139,145.87174052,0,7296.83813236654,3709.56533665955,1054.46330611408,715.437976449728,0,7.24148412048817,33.5768158733845,3308.87450800836,15.7412165105343,3311.60636526346,2.15259417891502,5.52355106174946,0,1.3423185646534,0.119115568697453,30.1716750487685,30.2077960893512,1.81131353974342,35.6167923510075,0,0,2.17651568353176,1.88041064143181,3.96900476515293,0.14805805683136,0.781909123063087,5.72496701031923,4.2750563248992,1.14320024847984,16.7738248482347,0,204.8713337183,12267.4123606458,1300.83855112642,1365.40176954865,8.26654900610447,1501.19139780104,9.06215497851372,2194.0821192041,0,6.11728537082672,1.01640444993973,0,0,8980.34301424772,1902.42481533438,1.00936454534531,2571.61557015032,0,1.81523717939854,0,0,0,1.32109233736992,96.2313672453165,1.12276613712311,0.873833611607552,0,1.20509654283524,0,0,0,0,0,0,6.91206207871437,0,0,0.54044508934021,0,0,3.86910434067249,1300.83855112642,3972.55515824258,405.897520288825,53.2094238996506,3841.4702925086,0,488.492783501744,0,0,15.9088089615107,0,2.1705769598484,3070.91768951714,3340.48839674145,18.0923729985952,892.466481745243,4.02650114893913,154.678476601839,0.145481586456299,0,0,0.702951699495316,546.218831688166,24.0362785160542,10.2711584866047,0.203335881233215,6.96745151281357,0,0,0.194020107388496,0,0,0,43.3538434058428,0,4.980344414711,6.57794751226902,0.197995841503143,0,0,1365.40176954865,405.897520288825,1293.02047406137,142.020970538259,87.3180153369904,0,1635.99610854685,0,0,0,0,1.36710858345032,1181.90170753002,3043.78051148355,0,202.419177986681,0,5.33686369657516,0,0,1.34775865077972,3.22501397132874,1363.90782600641,10.4090310484171,5.01282411813736,0,24.6579263061285,0,0,0.345057934522629,0,0,2.31144464015961,68.8656990528107,0,2.78714737296104,4.5804138481617,0,338.953300446272,41.8401528149843,8.26654900610447,53.2094238996506,142.020970538259,3388.95527109504,1951.07540380955,45.1248294711113,144.009169578552,0,37.0364043414593,78.3842470347881,1.28953969478607,2748.92080390453,3.15896180272102,2221.20530872047,416.801954045892,45.1650381684303,61.7922644019127,250.769960105419,0.190861329436302,3.47979155182838,0.750357061624527,15.2400397509336,99.7249092757702,380.81136764586,95.3361967802048,2.25800982117653,118.322992429137,0,0,1.30801928043365,0.270605534315109,2.45434826612473,1.76671381294727,55.2212084233761,4.80484406650066,11.7747774422169,457.857131317258,21.9950590282679,0,560.769401788712,1501.19139780104,3841.4702925086,87.3180153369904,1951.07540380955,18618.5925221294,2.61298866569996,1115.68933151662,0,2.31119129061699,599.120684579015,1.14825564622879,837.092335656285,281.925058096647,3071.59553036094,3947.32756319642,2698.5976511091,21.1810939311981,5033.74734397233,0.954185143113136,3.39281698316336,1.20161455869675,54.9181068539619,156.51934723556,410.304088160396,382.237311422825,4.15824383497238,213.004142567515,0,0.172561347484589,6.88734112679958,0,5.89005659520626,6.08595617115498,213.81253965199,6.44434723258018,20.8182251006365,267.859564810991,30.8739698529243,216.403657227755,1286.09419906139,9.06215497851372,0,0,45.1248294711113,2.61298866569996,5824.09466457367,431.735432505608,0,1051.80172482133,0,1.85972273349762,0,0,0.584980517625809,0,931.110304027796,1167.09512132406,3.77376091480255,26.9158615320921,0,0,0,0,123.906589224935,0,8.9796899408102,0,0,3.07450334727764,0,0,0,0,0.246796533465385,0,0.675099790096283,258.478328615427,0.292215377092361,0,145.87174052,2194.0821192041,488.492783501744,1635.99610854685,144.009169578552,1115.68933151662,431.735432505608,4810.92632517219,0,7.33014458417892,10.7163066267967,0,44.8684050291777,540.905603244901,539.794079884887,15.8796189427376,4633.65882240236,3025.1196886003,153.399689525366,3.23219402134418,14.4017901569605,1.39319491386414,9.40505500882864,135.389794945717,221.409648641944,212.4766420573,7.20303162932396,485.732532784343,0,0,11.7272043228149,0.214965388178825,7.80597141385078,0,10.0967737287283,41.381899215281,10.4720878303051,83.4821072071791,71.9991287738085,1558.02285067737,0,0,0,0,0,0,0,0,1126.06442716718,17.9673667103052,256.231352746487,1392.37263002992,1208.86108458042,0,0,2493.55378232896,0,0,0,293.61158709228,0,0,0,0,0,0,0,0,89.6402209401131,0.563219130039215,0.529211819171906,170.291341036558,9.54019448161125,0,0,14.1504468619823,0,0,0,2586.63185171783,7296.83813236654,6.11728537082672,0,0,37.0364043414593,2.31119129061699,1051.80172482133,7.33014458417892,17.9673667103052,6662.9117282182,368.027292326093,1642.28555271029,78.351741194725,0,0.361813575029373,76.0538088679314,1098.6166484952,31.36830060184,83.7042707949877,55.5253736525774,0,0,0,0,8.90453763306141,2.33416058123112,3.73864880204201,0.275339245796204,0,10.1540646106005,0,0,0,0,0,0,0,5.94334626197815,0,947.325666293502,3709.56533665955,1.01640444993973,15.9088089615107,0,78.3842470347881,599.120684579015,0,10.7163066267967,256.231352746487,368.027292326093,15346.7700359672,2737.57722963393,2935.10215239227,0,14.8499992489815,6172.42891423404,21.320252045989,0,4600.86960296333,0,1.567054271698,0,0,0,14.760424464941,3.32426209002733,0.143520414829254,4.78771889209747,0,0,0.994760245084763,0,0.240158721804619,0,0.769318491220474,0,1.29277515411377,0.302194505929947,0.838038057088852,5352.89628216624,1054.46330611408,0,0,0,1.28953969478607,1.14825564622879,1.85972273349762,0,1392.37263002992,1642.28555271029,2737.57722963393,7863.46996483207,325.812894284725,0,0,2232.04426138103,0,0,4.28136076033115,0,0,0,0,0,0,0,0,0,0,0,0,0,0,0,0,0,0,0.257934898138046,0,2409.33046227694,715.437976449728,0,2.1705769598484,1.36710858345032,2748.92080390453,837.092335656285,0,44.8684050291777,1208.86108458042,78.351741194725,2935.10215239227,325.812894284725,7697.09578026831,0,13.4138435870409,4525.00378513336,6.49199908971786,4.32532507181168,116.632091403008,0,0,0,0.218876570463181,0,9.70629262924194,6.35814525187016,0,6.00371894240379,0,0,0.453445553779602,0,0,0,1.21219679713249,0,0.209522947669029,2.92402628064156,0.235608235001564,0,0,8980.34301424772,3070.91768951714,1181.90170753002,3.15896180272102,281.925058096647,0,540.905603244901,0,0,0,0,0,8633.28388777375,5073.41520691663,0,514.79780061543,0,0,0,0,0,0,57.2955479323864,0.272554010152817,0.271671503782272,0,0,0,0,0,0,0,0,5.06747756153345,0,0,0.587775990366936,0,0,7.24148412048817,1902.42481533438,3340.48839674145,3043.78051148355,2221.20530872047,3071.59553036094,0.584980517625809,539.794079884887,0,0.361813575029373,14.8499992489815,0,13.4138435870409,5073.41520691663,12737.4434437007,48.9568415880203,826.346866354346,13.2648771703243,170.807168290019,1.11787915229797,0.831860616803169,1.50698497891426,58.5134112387896,1222.37396849692,216.269034549594,228.934698320925,0.59271302819252,104.763553708792,0,0,4.26341885328293,0,2.05392578989267,4.03670243918896,244.656599774957,2.08364169299603,26.8796771019697,184.209339775145,19.0323613584042,830.115163400769,33.5768158733845,1.00936454534531,18.0923729985952,0,416.801954045892,3947.32756319642,0,15.8796189427376,2493.55378232896,76.0538088679314,6172.42891423404,2232.04426138103,4525.00378513336,0,48.9568415880203,8014.81513501704,7.48619140684605,0,742.982015788555,0,0,0,1.02281069755554,0,12.4928660094738,11.5403248593211,0,4.53462393581867,2.98238545656204,0,0,0,0,0,0.233290284872055,0,0.258760660886765,0.895686447620392,2.38974587619305,0,3308.87450800836,2571.61557015032,892.466481745243,202.419177986681,45.1650381684303,2698.5976511091,931.110304027796,4633.65882240236,0,1098.6166484952,21.320252045989,0,6.49199908971786,514.79780061543,826.346866354346,7.48619140684605,5936.680808492,928.032600745559,565.701401770115,0.620231196284294,1.3013624548912,0,1.96647268533707,77.5368304550648,8.95829643309116,15.8063983544707,0.419833958148956,4.49382771551609,0,0,0.635759778320789,0,0,0,11.3499984443188,1.40360502898693,2.23641359806061,10.8154344260693,5.82333832234144,117.734709337354,15.7412165105343,0,4.02650114893913,0,61.7922644019127,21.1810939311981,1167.09512132406,3025.1196886003,0,31.36830060184,0,0,4.32532507181168,0,13.2648771703243,0,928.032600745559,2913.64985862374,0,0.782215312123299,1.66769115626812,0,4.3023961186409,0,286.494333937764,48.335323035717,42.7907861173153,177.68801869452,0,0,6.65736335515976,0,1.15017835795879,0,14.25450989604,1.93383848667145,13.0434698462486,2879.63440428674,15.0483080297709,0.941110849380493,3311.60636526346,1.81523717939854,154.678476601839,5.33686369657516,250.769960105419,5033.74734397233,3.77376091480255,153.399689525366,0,83.7042707949877,4600.86960296333,4.28136076033115,116.632091403008,0,170.807168290019,742.982015788555,565.701401770115,0,6163.61190901697,1.14903659373522,4.61223718523979,0,2.6884301751852,1.21238347887993,54.8121369481087,63.9379212632775,3.97437818348408,33.9648220986128,0,0,7.55838648974895,0.176272734999657,1.8709487169981,0.352226048707962,1.26438674330711,11.7660285979509,5.35721337795258,4.29218992590904,24.8126183077693,730.385824322701,2.15259417891502,0,0.145481586456299,0,0.190861329436302,0.954185143113136,26.9158615320921,3.23219402134418,293.61158709228,55.5253736525774,0,0,0,0,1.11787915229797,0,0.620231196284294,0.782215312123299,1.14903659373522,14733.1530005336,1011.9156472683,0.773295685648918,8.01974922418594,0,743.988862805068,75.7397386729717,1537.31274838746,41.3986365348101,4922.11562928557,5458.02559633553,1254.22891952097,7361.63187944889,2843.44594071805,0.76000502705574,1.42120553553104,535.014099299908,159.295868635178,110.205149412155,217.814920172095,0,5.52355106174946,0,0,0,3.47979155182838,3.39281698316336,0,14.4017901569605,0,0,1.567054271698,0,0,0,0.831860616803169,0,1.3013624548912,1.66769115626812,4.61223718523979,1011.9156472683,26620.3990047425,921.805780857801,33.0469764620066,1.31852379441261,94.3859641030431,1836.12804059684,5479.0518501997,755.017394423485,0.332391738891602,1927.65511469543,2357.95795807987,347.629059717059,185.986360378563,0.579822063446045,6.30645493417978,69.2469708323479,6330.04066830873,407.734899550676,2896.13394442201,0,0,0,0,1.34775865077972,0.750357061624527,1.20161455869675,0,1.39319491386414,0,0,0,0,0,0,1.50698497891426,0,0,0,0,0.773295685648918,921.805780857801,13021.351142019,958.121367931366,1695.10938429832,8.16150848567486,2188.30816708505,419.204302877188,1843.18003870547,0,9.66189748048782,5.13556315004826,0.847211241722107,2.20444491505623,7879.09997192025,1284.57557240129,3.4272535443306,191.635767459869,7.54323559999466,41.5346533209085,0,1.3423185646534,1.32109233736992,0.702951699495316,3.22501397132874,15.2400397509336,54.9181068539619,0,9.40505500882864,0,0,0,0,0.218876570463181,0,58.5134112387896,1.02281069755554,1.96647268533707,4.3023961186409,2.6884301751852,8.01974922418594,33.0469764620066,958.121367931366,3811.3566019088,236.590970441699,140.155426457524,3464.79879613221,8.50364764034748,773.630260571837,0.671663016080856,1.17544430494308,93.5264876782894,2.34010463953018,35.3299724757671,1454.20525760204,4195.36104696244,28.4854524731636,741.284921571612,223.85459125042,425.980905130506,0,0.119115568697453,96.2313672453165,546.218831688166,1363.90782600641,99.7249092757702,156.51934723556,0,135.389794945717,0,0,0,0,0,57.2955479323864,1222.37396849692,0,77.5368304550648,0,1.21238347887993,0,1.31852379441261,1695.10938429832,236.590970441699,4121.47326973081,392.838962778449,67.1706519275904,1.92334890365601,3311.58244650066,0,0,0.699084594845772,0,2.74270732700825,1140.13633196801,5709.98632623255,2.350422129035,578.500306591392,36.0261023640633,7.15585209429264,35.5814385712147,30.1716750487685,1.12276613712311,24.0362785160542,10.4090310484171,380.81136764586,410.304088160396,123.906589224935,221.409648641944,0,8.90453763306141,14.760424464941,0,9.70629262924194,0.272554010152817,216.269034549594,12.4928660094738,8.95829643309116,286.494333937764,54.8121369481087,743.988862805068,94.3859641030431,8.16150848567486,140.155426457524,392.838962778449,4958.41112808883,2355.5209294036,1191.20831020176,448.504290498793,27.7594269812107,13.9237215816975,184.251027882099,21.5414009541273,2985.29610684514,17.6909528374672,1932.59636354446,430.22337051481,129.402173310518,1094.59747897834,300.536990597844,0,30.2077960893512,0.873833611607552,10.2711584866047,5.01282411813736,95.3361967802048,382.237311422825,0,212.4766420573,0,2.33416058123112,3.32426209002733,0,6.35814525187016,0.271671503782272,228.934698320925,11.5403248593211,15.8063983544707,48.335323035717,63.9379212632775,75.7397386729717,1836.12804059684,2188.30816708505,3464.79879613221,67.1706519275904,2355.5209294036,17019.9355704337,67.0622687190771,1725.32290222496,1.42928043007851,6.2699747979641,607.650446906686,24.2959942817688,1060.5398446843,191.431419990957,2703.82408609241,2540.02769315243,703.232658326626,1731.83315963298,6640.62847734988,4.7745037227869,1.81131353974342,0,0.203335881233215,0,2.25800982117653,4.15824383497238,8.9796899408102,7.20303162932396,0,3.73864880204201,0.143520414829254,0,0,0,0.59271302819252,0,0.419833958148956,42.7907861173153,3.97437818348408,1537.31274838746,5479.0518501997,419.204302877188,8.50364764034748,1.92334890365601,1191.20831020176,67.0622687190771,11753.4450031966,2790.15393477678,0.274562537670135,3143.23203645647,47.1806942373514,9.04694858193398,108.562634408474,0,3.9845579713583,14.1231881827116,2152.79635939002,950.973068803549,249.4917871207,0,35.6167923510075,1.20509654283524,6.96745151281357,24.6579263061285,118.322992429137,213.004142567515,0,485.732532784343,0,0.275339245796204,4.78771889209747,0,6.00371894240379,0,104.763553708792,4.53462393581867,4.49382771551609,177.68801869452,33.9648220986128,41.3986365348101,755.017394423485,1843.18003870547,773.630260571837,3311.58244650066,448.504290498793,1725.32290222496,2790.15393477678,7688.14649815857,0,80.1235798895359,77.3493151888251,1.91966292262077,29.8033332675695,336.611267514527,1442.28081087023,133.584567338228,6074.979297176,2844.1467589885,550.326014816761,31.4792443066835,0,0,0,0,0,0,0,0,89.6402209401131,0,0,0,0,0,0,2.98238545656204,0,0,0,4922.11562928557,0.332391738891602,0,0.671663016080856,0,27.7594269812107,1.42928043007851,0.274562537670135,0,2731.37385722995,35.5369261354208,67.796753719449,3290.64774376154,1969.0089610368,0.189936310052872,0,1209.58135356009,0,1.96623706817627,3.78457613289356,14.0325966328382,0,0,0,0,0,0.172561347484589,3.07450334727764,0,0.563219130039215,10.1540646106005,0,0,0,0,0,0,0,0,0,5458.02559633553,1927.65511469543,9.66189748048782,1.17544430494308,0,13.9237215816975,6.2699747979641,3143.23203645647,80.1235798895359,35.5369261354208,4661.70387928188,59.354108273983,1556.71921557188,72.7681450843811,0,0,17.5933529287577,219.690521001816,13.6971600651741,12.1281742751598,0,2.17651568353176,0,0.194020107388496,0.345057934522629,1.30801928043365,6.88734112679958,0,11.7272043228149,0.529211819171906,0,0.994760245084763,0,0.453445553779602,0,4.26341885328293,0,0.635759778320789,6.65736335515976,7.55838648974895,1254.22891952097,2357.95795807987,5.13556315004826,93.5264876782894,0.699084594845772,184.251027882099,607.650446906686,47.1806942373514,77.3493151888251,67.796753719449,59.354108273983,12541.7489311993,2322.72446753085,2853.95707793534,1.80300872027874,17.6310818046331,4380.96594111621,162.491925045848,93.653222873807,2731.46798232198,6.04807010293007,1.88041064143181,0,0,0,0.270605534315109,0,0,0.214965388178825,170.291341036558,0,0,0,0,0,0,0,0,0,0.176272734999657,7361.63187944889,347.629059717059,0.847211241722107,2.34010463953018,0,21.5414009541273,24.2959942817688,9.04694858193398,1.91966292262077,3290.64774376154,1556.71921557188,2322.72446753085,5686.31839945912,1597.53547802567,0.291175872087479,0.645479738712311,2320.37570458651,8.30176335573196,1.99098291993141,41.4293521344662,2.60635170340538,3.96900476515293,0,0,0,2.45434826612473,5.89005659520626,0,7.80597141385078,9.54019448161125,0,0.240158721804619,0,0,0,2.05392578989267,0,0,1.15017835795879,1.8709487169981,2843.44594071805,185.986360378563,2.20444491505623,35.3299724757671,2.74270732700825,2985.29610684514,1060.5398446843,108.562634408474,29.8033332675695,1969.0089610368,72.7681450843811,2853.95707793534,1597.53547802567,13655.1185324416,0.759517133235931,24.4514867961407,5328.53516617417,132.926501914859,114.262422189116,358.103288546205,0,0.14805805683136,0,0,2.31144464015961,1.76671381294727,6.08595617115498,0,0,0,0,0,0,0,0,4.03670243918896,0,0,0,0.352226048707962,0.76000502705574,0.579822063446045,7879.09997192025,1454.20525760204,1140.13633196801,17.6909528374672,191.431419990957,0,336.611267514527,0.189936310052872,0,1.80300872027874,0.291175872087479,0.759517133235931,8749.23819994926,5781.09900534153,3.46133595705032,240.883662223816,11.7321596443653,16.9157781451941,0,0.781909123063087,6.91206207871437,43.3538434058428,68.8656990528107,55.2212084233761,213.81253965199,0.246796533465385,10.0967737287283,0,0,0.769318491220474,0,1.21219679713249,5.06747756153345,244.656599774957,0.233290284872055,11.3499984443188,14.25450989604,1.26438674330711,1.42120553553104,6.30645493417978,1284.57557240129,4195.36104696244,5709.98632623255,1932.59636354446,2703.82408609241,3.9845579713583,1442.28081087023,0,0,17.6310818046331,0.645479738712311,24.4514867961407,5781.09900534153,13758.7602212653,51.8016494363546,566.632456079125,433.917664624751,108.436546817422,0,5.72496701031923,0,0,0,4.80484406650066,6.44434723258018,0,41.381899215281,14.1504468619823,0,0,0,0,0,2.08364169299603,0,1.40360502898693,1.93383848667145,11.7660285979509,535.014099299908,69.2469708323479,3.4272535443306,28.4854524731636,2.350422129035,430.22337051481,2540.02769315243,14.1231881827116,133.584567338228,1209.58135356009,17.5933529287577,4380.96594111621,2320.37570458651,5328.53516617417,3.46133595705032,51.8016494363546,6359.12689816952,45.6412784606218,55.835945725441,570.684054553509,0,4.2750563248992,0,4.980344414711,2.78714737296104,11.7747774422169,20.8182251006365,0.675099790096283,10.4720878303051,0,0,1.29277515411377,0,0.209522947669029,0,26.8796771019697,0.258760660886765,2.23641359806061,13.0434698462486,5.35721337795258,159.295868635178,6330.04066830873,191.635767459869,741.284921571612,578.500306591392,129.402173310518,703.232658326626,2152.79635939002,6074.979297176,0,219.690521001816,162.491925045848,8.30176335573196,132.926501914859,240.883662223816,566.632456079125,45.6412784606218,3503.93541069329,1173.40127317607,471.74443808943,46.7638470828533,1.14320024847984,0.54044508934021,6.57794751226902,4.5804138481617,457.857131317258,267.859564810991,258.478328615427,83.4821072071791,0,5.94334626197815,0.302194505929947,0.257934898138046,2.92402628064156,0.587775990366936,184.209339775145,0.895686447620392,10.8154344260693,2879.63440428674,4.29218992590904,110.205149412155,407.734899550676,7.54323559999466,223.85459125042,36.0261023640633,1094.59747897834,1731.83315963298,950.973068803549,2844.1467589885,1.96623706817627,13.6971600651741,93.653222873807,1.99098291993141,114.262422189116,11.7321596443653,433.917664624751,55.835945725441,1173.40127317607,3960.20517642796,489.163628846407,0,16.7738248482347,0,0.197995841503143,0,21.9950590282679,30.8739698529243,0.292215377092361,71.9991287738085,0,0,0.838038057088852,0,0.235608235001564,0,19.0323613584042,2.38974587619305,5.82333832234144,15.0483080297709,24.8126183077693,217.814920172095,2896.13394442201,41.5346533209085,425.980905130506,7.15585209429264,300.536990597844,6640.62847734988,249.4917871207,550.326014816761,3.78457613289356,12.1281742751598,2731.46798232198,41.4293521344662,358.103288546205,16.9157781451941,108.436546817422,570.684054553509,471.74443808943,489.163628846407,7094.00158165395
