9017.60856951773,818.083077847958,0,0,0,341.688768610358,7.15710426867008,508.958206743002,2.51123876869678,1352.94516715407,2301.09874615073,635.895356401801,6424.29595680535,2760.97383411229,0,0,790.148806810379,16.1278523802757,206.552319318056,7.31071430444717,1198.37119732797,0,0,0,0,0.2344960719347,0,0,0,233.562085866928,0,0,0,12.8940564990044,0,0.105394653975964,0,0,0,0,818.083077847958,38115.3177095875,1357.00780569017,27.0985424742103,11.9237360954285,796.048048891127,1359.46058756113,2555.73721349239,1159.85733249784,1.05466993153095,3341.63054231554,2145.19959931076,369.35400788486,637.972613237798,0,192.604940716177,793.660164155066,4764.26288627833,126.23000857234,3248.05825448036,2.06745982170105,0,0,0,0.527110412716866,11.6167258396745,0.166243851184845,0,0.161522179841995,0,0,0,0,0,0,8.18571484833956,0,0,0.530548810958862,0,0,1357.00780569017,13946.7975625023,791.001818083227,2768.64740771055,4.27171060442924,2182.37325080484,375.847458362579,4252.94893866032,0,63.9135163724422,0.269980609416962,0,0,8966.03943088651,3570.14051496983,0.752808272838593,2283.91173893958,2.00699053704739,37.601980894804,0,0,46.3601275235415,10.0379040390253,60.3005109280348,1.12587505578995,1.74760186672211,0,61.5287544727325,0,0,0,0,0,48.161867916584,64.5469254851341,0,2.08139771223068,0,0,0,27.0985424742103,791.001818083227,3559.60586924851,340.453058972955,6.23638296127319,3689.58332078904,9.34516790509224,765.636458344758,0,1.62761424481869,1.65193063020706,0,1.46406829357147,1627.51229160279,2397.42890933156,3.82215252518654,586.761275053024,35.5415326356888,148.153760299087,0,0,2.28008276224136,19.2858095020056,23.4181258231401,7.58788983523846,2.54517754912376,4.71496105194092,29.5387485325336,0,0,0,0,0,2.62096306681633,203.823512680829,0,6.81368169188499,12.2506060153246,0.232890278100967,0,11.9237360954285,2768.64740771055,340.453058972955,1912.23185144365,570.29612877965,161.473857216537,2.78515553474426,1754.21388863772,0,0.333966463804245,2.19149225950241,0,5.09968475997448,874.743919283152,4283.3259242624,8.23491978645325,386.700116589665,27.0227851569653,11.193323969841,0,0,117.023491770029,25.9590710923076,281.479934707284,21.734651312232,6.08206295967102,0,293.182043358684,0,0,0,0,0,30.5829268097878,244.385787405074,0,6.31054425239563,0.33366334438324,2.8699586391449,341.688768610358,796.048048891127,4.27171060442924,6.23638296127319,570.29612877965,4243.55485603213,2129.43857447058,387.002908319235,546.799992293119,0,51.9715026542544,249.086657352746,16.5750275105238,2526.59897224605,0.592772290110588,1551.0496828109,414.440810218453,73.1241045668721,417.887060008943,266.319481492043,0.477871358394623,0.584358513355255,0,0.806248024106026,4.60740455985069,28.8500106185675,18.7118620872498,0,10.59181240201,0,0,2.28466105461121,0,1.4424649477005,0,55.5948414057493,4.64008808135986,10.2851188182831,0.432935893535614,4.55149561166763,7.15710426867008,1359.46058756113,2182.37325080484,3689.58332078904,161.473857216537,2129.43857447058,20274.5123299435,185.361295551062,2248.17475251853,0.44881796836853,22.1983986571431,262.729948110878,11.0894696414471,1704.89758214355,219.366146191955,3467.97806616127,3530.66862539202,1709.8495182544,762.559692770243,7165.34424374998,0,1.41527444124222,0,27.5885305553675,23.5596396028996,134.826285555959,58.4109032303095,8.37317848205566,25.463361531496,0,0,0.943267941474915,0,1.02352124452591,1.44249957799911,229.569060534239,8.83822751045227,2.0754019767046,41.8106868267059,1.96327817440033,508.958206743002,2555.73721349239,375.847458362579,9.34516790509224,2.78515553474426,387.002908319235,185.361295551062,4402.94428427517,1598.63824115694,0,4270.13182830811,13.1099474281073,7.82525557279587,34.3823446184397,0.600883007049561,140.766410306096,19.2553858458996,886.129395365715,1878.45698337257,52.0093433558941,0,0,0,0.180095180869102,0,2.22434635460377,0,4.33111697435379,12.3976098001003,0,0,0,0,0,0,10.4214693978429,0,0,105.32217784971,0,2.51123876869678,1159.85733249784,4252.94893866032,765.636458344758,1754.21388863772,546.799992293119,2248.17475251853,1598.63824115694,12608.1642025262,0,214.264674603939,4.65575422346592,0,16.1120234578848,243.891164883971,3033.25143031031,38.381644308567,5372.31032451987,4963.83190640062,212.5977390185,0,0,171.786307454109,69.7117490544915,431.639444664121,205.080569535494,145.81848873198,46.0162519514561,772.180688545108,0,0,0,0,9.31955200433731,8.33665382862091,472.139791749418,2.98122018575668,9.36019387841225,419.54570992291,7.98091596364975,1352.94516715407,1.05466993153095,0,0,0,0,0.44881796836853,0,0,957.051179498434,17.2701862603426,134.336958914995,1321.29084526002,1249.70774891973,0,0,1154.6580298543,0,0,0.190060332417488,98.7730199098587,0,0,0,0,0,0,0,0,436.195308566093,0,0,0,12.4208019375801,0,0,0,0,0,0,2301.09874615073,3341.63054231554,63.9135163724422,1.62761424481869,0.333966463804245,51.9715026542544,22.1983986571431,4270.13182830811,214.264674603939,17.2701862603426,5078.02915373445,198.800727427006,1935.44653074443,269.217653915286,0,7.46350076049566,84.7223103046417,860.478618502617,26.2892868220806,15.2521371990442,8.59855258464813,0,0,0,0,0,0,0,0,2.28995996713638,0,0,0,0,0,0.844012275338173,0,0,0,0,635.895356401801,2145.19959931076,0.269980609416962,1.65193063020706,2.19149225950241,249.086657352746,262.729948110878,13.1099474281073,4.65575422346592,134.336958914995,198.800727427006,6591.73836318403,1167.85560616851,3063.16942795366,0,19.3193386942148,3801.41642364115,45.3248784542084,2.56520265340805,2639.54299768806,0.701861962676048,0,0,0,0,2.74194288253784,0,0,0,4.71937134861946,0,0,0,0,0,0.173921555280685,0,0,0,0,6424.29595680535,369.35400788486,0,0,0,16.5750275105238,11.0894696414471,7.82525557279587,0,1321.29084526002,1935.44653074443,1167.85560616851,3869.07967497408,915.507693007588,0,0.1888517588377,1136.2200113982,0,0.995968282222748,4.53573063015938,58.1260100454092,0,0,0,0,0,0,0,0,39.990615427494,0,0,0,3.08498334884644,0,0,0,0,0,0,2760.97383411229,637.972613237798,0,1.46406829357147,5.09968475997448,2526.59897224605,1704.89758214355,34.3823446184397,16.1120234578848,1249.70774891973,269.217653915286,3063.16942795366,915.507693007588,10421.1115795225,0,25.5463021099567,5791.57487019897,10.503169298172,50.712270244956,113.515571907163,77.0550103187561,0,0,0,0,1.10930292308331,0,0,0,124.336202323437,0,0,0,29.490253329277,0,0.786365509033203,0,0,0,0,0,0,8966.03943088651,1627.51229160279,874.743919283152,0.592772290110588,219.366146191955,0.600883007049561,243.891164883971,0,0,0,0,0,10517.5837592036,3939.04528405517,0,306.537200823426,0,5.39077661931515,0,0,0.773817270994186,5.40660297870636,10.3710627555847,0,1.22098898887634,0,8.29419329762459,0,0,0,0,0,9.91764950752258,16.4172359704971,0,0,0,0,0,192.604940716177,3570.14051496983,2397.42890933156,4283.3259242624,1551.0496828109,3467.97806616127,140.766410306096,3033.25143031031,0,7.46350076049566,19.3193386942148,0.1888517588377,25.5463021099567,3939.04528405517,17241.2905554809,70.9380402415991,1028.41744105518,944.363173037767,256.850293971598,0,0.335118234157562,20.2630975171924,135.780554227531,209.87269821763,322.379711925983,89.9903940036893,25.5951312333345,157.414040744305,0,0,0.827092051506042,0,1.0284229516983,16.1742985397577,1435.92716599256,0.579264223575592,9.48477854579687,209.591592386365,4.96784157305956,790.148806810379,793.660164155066,0.752808272838593,3.82215252518654,8.23491978645325,414.440810218453,3530.66862539202,19.2553858458996,38.381644308567,1154.6580298543,84.7223103046417,3801.41642364115,1136.2200113982,5791.57487019897,0,70.9380402415991,6042.60364504158,92.5284539237618,23.5435869991779,816.605727940798,6.12719720602036,0,0,2.50250226259232,0.194803550839424,7.3035241663456,0,0,0,94.2551639378071,0,0,0,7.55889993906021,0,4.85285809636116,2.36968111991882,0,0,0,16.1278523802757,4764.26288627833,2283.91173893958,586.761275053024,386.700116589665,73.1241045668721,1709.8495182544,886.129395365715,5372.31032451987,0,860.478618502617,45.3248784542084,0,10.503169298172,306.537200823426,1028.41744105518,92.5284539237618,5094.89651173353,280.16279040277,426.810438483953,0,0,1.12827450037003,8.7507581114769,2.68199814856052,2.38800597935915,2.60022592544556,0,12.5407302677631,0,0,0,0,0,4.86025957763195,60.2807864695787,4.21041917800903,0,4.99303850531578,0,206.552319318056,126.23000857234,2.00699053704739,35.5415326356888,27.0227851569653,417.887060008943,762.559692770243,1878.45698337257,4963.83190640062,0,26.2892868220806,2.56520265340805,0.995968282222748,50.712270244956,0,944.363173037767,23.5435869991779,280.16279040277,3264.64973290265,76.591251976788,0,0,0,9.8010627925396,2.09417781233788,312.452441543341,26.111894801259,50.8431446254253,288.493001043797,0,0,0.950911819934845,0,0,0,91.256477817893,3.84458065032959,3.12539921700954,3548.29191757739,2.51418304443359,7.31071430444717,3248.05825448036,37.601980894804,148.153760299087,11.193323969841,266.319481492043,7165.34424374998,52.0093433558941,212.5977390185,0.190060332417488,15.2521371990442,2639.54299768806,4.53573063015938,113.515571907163,5.39077661931515,256.850293971598,816.605727940798,426.810438483953,76.591251976788,4651.66682934016,0,0,0,3.35428366810083,2.37772211432457,8.09057652950287,3.65334719419479,0,1.00332829356194,0,0,0,0,0,0,20.709037527442,0,0,4.14901542663574,0,1198.37119732797,2.06745982170105,0,0,0,0.477871358394623,0,0,0,98.7730199098587,8.59855258464813,0.701861962676048,58.1260100454092,77.0550103187561,0,0,6.12719720602036,0,0,0,13599.831300959,493.082273945212,0,0.824006721377373,0,1030.94509713352,83.9792492091656,644.520854264498,7.3767883181572,3046.73374381661,2301.05592209101,630.38433341682,6494.87335248291,2484.04981990159,0,16.716464959085,322.265019848943,89.9403823763132,196.936498343945,119.612796619534,0,0,0,0,0,0.584358513355255,1.41527444124222,0,0,0,0,0,0,0,0,0.335118234157562,0,0,0,0,493.082273945212,27246.2206721753,1597.91350474954,28.798288166523,0,326.838925689459,657.58758880198,4931.2946742624,616.339447841048,2.21506637334824,5099.53796997666,1826.55012589693,535.363480418921,349.77947153151,0.148039102554321,87.3054055720568,601.047019660473,2993.99009098113,219.115764245391,2655.08685920388,0,0,46.3601275235415,2.28008276224136,117.023491770029,0,0,0,171.786307454109,0,0,0,0,0,0.773817270994186,20.2630975171924,0,1.12827450037003,0,0,0,1597.91350474954,12058.6882429644,478.820650979877,2399.04141061008,7.29999300837517,3210.45375143737,592.473061770201,6563.2549052611,0,36.4230282306671,2.48389394581318,0,2.69091600179672,9638.76531983167,1758.13427714258,13.2677422463894,1743.91166359186,74.7785504311323,35.9297201782465,0,0,10.0379040390253,19.2858095020056,25.9590710923076,0.806248024106026,27.5885305553675,0.180095180869102,69.7117490544915,0,0,0,0,0,5.40660297870636,135.780554227531,2.50250226259232,8.7507581114769,9.8010627925396,3.35428366810083,0.824006721377373,28.798288166523,478.820650979877,3120.40497837961,368.426911488175,62.4995809048414,3943.11197774857,93.6809680759907,1771.23410782218,0,2.32256588339806,18.1309181749821,0,18.5445552319288,1396.95171692967,2195.03048452735,125.194790631533,283.67405551672,797.294389024377,272.060542613268,0,0.527110412716866,60.3005109280348,23.4181258231401,281.479934707284,4.60740455985069,23.5596396028996,0,431.639444664121,0,0,0,0,0,10.3710627555847,209.87269821763,0.194803550839424,2.68199814856052,2.09417781233788,2.37772211432457,0,0,2399.04141061008,368.426911488175,2922.51519720256,424.112939894199,59.8507203310728,0,1583.66144773364,0,0,0,0,1.14636281132698,1871.73017379642,3764.95672546327,2.86602890491486,267.499364152551,49.230143263936,3.45151105523109,0.2344960719347,11.6167258396745,1.12587505578995,7.58788983523846,21.734651312232,28.8500106185675,134.826285555959,2.22434635460377,205.080569535494,0,0,2.74194288253784,0,1.10930292308331,0,322.379711925983,7.3035241663456,2.38800597935915,312.452441543341,8.09057652950287,1030.94509713352,326.838925689459,7.29999300837517,62.4995809048414,424.112939894199,4598.34805257618,2170.22092868388,406.754583701491,565.916038542986,0.881039202213287,64.740075469017,229.901045084,107.278752774,2618.54523196816,1.56171050667763,1997.92046984285,428.519234880805,195.048610076308,996.050499126315,490.531197287142,0,0.166243851184845,1.74760186672211,2.54517754912376,6.08206295967102,18.7118620872498,58.4109032303095,0,145.81848873198,0,0,0,0,0,1.22098898887634,89.9903940036893,0,2.60022592544556,26.111894801259,3.65334719419479,83.9792492091656,657.58758880198,3210.45375143737,3943.11197774857,59.8507203310728,2170.22092868388,19185.92079404,95.5832382589579,1599.60449315608,1.27511832118034,52.073516510427,339.274563193321,25.9812352508307,2338.46100988984,124.669092550874,2894.73877612501,2726.25196065754,1507.09885697812,946.565594106913,4651.49489930272,0,0,0,4.71496105194092,0,0,8.37317848205566,4.33111697435379,46.0162519514561,0,0,0,0,0,0,25.5951312333345,0,0,50.8431446254253,0,644.520854264498,4931.2946742624,592.473061770201,93.6809680759907,0,406.754583701491,95.5832382589579,4910.81219151616,3028.01357276738,0,2914.60550422966,36.5656057596207,77.4395265877247,68.8609442710876,9.75616121292114,131.100622028112,3.40746578574181,1763.81480145454,1850.20243431628,15.9853197336197,0,0.161522179841995,61.5287544727325,29.5387485325336,293.182043358684,10.59181240201,25.463361531496,12.3976098001003,772.180688545108,0,0,0,0,0,8.29419329762459,157.414040744305,0,12.5407302677631,288.493001043797,1.00332829356194,7.3767883181572,616.339447841048,6563.2549052611,1771.23410782218,1583.66144773364,565.916038542986,1599.60449315608,3028.01357276738,11667.0374635309,0,96.7308328598738,8.06379576027393,7.14637149870396,32.0907691270113,1835.54248858988,3883.2469381094,68.2270633280277,5960.94276862592,5399.1911682561,202.252885252237,233.562085866928,0,0,0,0,0,0,0,0,436.195308566093,2.28995996713638,4.71937134861946,39.990615427494,124.336202323437,0,0,94.2551639378071,0,0,0,3046.73374381661,2.21506637334824,0,0,0,0.881039202213287,1.27511832118034,0,0,1554.18079155684,13.3412328660488,28.1104593276978,1392.51613837481,839.376107677817,0,0,809.821908921003,0,0,0.214189514517784,0,0,0,0,0,0,0,0,0,0,0,0,0,0,0,0,0,0,0,0,2301.05592209101,5099.53796997666,36.4230282306671,2.32256588339806,0,64.740075469017,52.073516510427,2914.60550422966,96.7308328598738,13.3412328660488,4981.08572676778,245.257916048169,2158.64275656641,163.132825985551,0,18.1922994330525,66.8546984419227,523.36784362793,10.597627222538,85.1634631156921,0,0,0,0,0,2.28466105461121,0.943267941474915,0,0,0,0,0,0,0,0,0.827092051506042,0,0,0.950911819934845,0,630.38433341682,1826.55012589693,2.48389394581318,18.1309181749821,0,229.901045084,339.274563193321,36.5656057596207,8.06379576027393,28.1104593276978,245.257916048169,8847.22420202196,1628.22000330687,1391.01055549085,0,35.8606991916895,3645.27465479076,50.4914475232363,10.9584682881832,2075.32204817235,0,0,0,0,0,0,0,0,0,0,0,0,0,0,0,0,0,0,0,0,6494.87335248291,535.363480418921,0,0,0,107.278752774,25.9812352508307,77.4395265877247,7.14637149870396,1392.51613837481,2158.64275656641,1628.22000330687,7022.78659921885,1543.57722330093,0,5.17308841645718,763.47220531106,40.6191623359919,2.79962351918221,34.6832947432995,12.8940564990044,0,0,0,0,1.4424649477005,1.02352124452591,0,9.31955200433731,12.4208019375801,0,0,3.08498334884644,29.490253329277,0,1.0284229516983,7.55889993906021,0,0,0,2484.04981990159,349.77947153151,2.69091600179672,18.5445552319288,1.14636281132698,2618.54523196816,2338.46100988984,68.8609442710876,32.0907691270113,839.376107677817,163.132825985551,1391.01055549085,1543.57722330093,11722.3654631674,0.213320791721344,48.8511530458927,4479.95511862636,36.3519470989704,38.1423793435097,196.9520432055,0,0,48.161867916584,2.62096306681633,30.5829268097878,0,1.44249957799911,0,8.33665382862091,0,0,0,0,0,9.91764950752258,16.1742985397577,0,4.86025957763195,0,0,0,0.148039102554321,9638.76531983167,1396.95171692967,1871.73017379642,1.56171050667763,124.669092550874,9.75616121292114,1835.54248858988,0,0,0,0,0.213320791721344,10571.7320492566,7490.80671787262,2.34421157836914,652.674816027284,31.7590757161379,3.82228103280067,0.105394653975964,8.18571484833956,64.5469254851341,203.823512680829,244.385787405074,55.5948414057493,229.569060534239,10.4214693978429,472.139791749418,0,0.844012275338173,0.173921555280685,0,0.786365509033203,16.4172359704971,1435.92716599256,4.85285809636116,60.2807864695787,91.256477817893,20.709037527442,16.716464959085,87.3054055720568,1758.13427714258,2195.03048452735,3764.95672546327,1997.92046984285,2894.73877612501,131.100622028112,3883.2469381094,0,18.1922994330525,35.8606991916895,5.17308841645718,48.8511530458927,7490.80671787262,16773.7764327824,131.941968336701,667.735480479896,1361.53824742138,320.370319470763,0,0,0,0,0,4.64008808135986,8.83822751045227,0,2.98122018575668,0,0,0,0,0,0,0.579264223575592,2.36968111991882,4.21041917800903,3.84458065032959,0,322.265019848943,601.047019660473,13.2677422463894,125.194790631533,2.86602890491486,428.519234880805,2726.25196065754,3.40746578574181,68.2270633280277,809.821908921003,66.8546984419227,3645.27465479076,763.47220531106,4479.95511862636,2.34421157836914,131.941968336701,5402.25922141969,88.0699829757214,38.8864809125662,1068.50480545312,0,0,2.08139771223068,6.81368169188499,6.31054425239563,10.2851188182831,2.0754019767046,0,9.36019387841225,0,0,0,0,0,0,9.48477854579687,0,0,3.12539921700954,0,89.9403823763132,2993.99009098113,1743.91166359186,283.67405551672,267.499364152551,195.048610076308,1507.09885697812,1763.81480145454,5960.94276862592,0,523.36784362793,50.4914475232363,40.6191623359919,36.3519470989704,652.674816027284,667.735480479896,88.0699829757214,2805.06275990605,1108.5527998507,487.772959649563,0,0.530548810958862,0,12.2506060153246,0.33366334438324,0.432935893535614,41.8106868267059,105.32217784971,419.54570992291,0,0,0,0,0,0,209.591592386365,0,4.99303850531578,3548.29191757739,4.14901542663574,196.936498343945,219.115764245391,74.7785504311323,797.294389024377,49.230143263936,996.050499126315,946.565594106913,1850.20243431628,5399.1911682561,0,10.597627222538,10.9584682881832,2.79962351918221,38.1423793435097,31.7590757161379,1361.53824742138,38.8864809125662,1108.5527998507,3318.37282910198,113.851261727512,0,0,0,0.232890278100967,2.8699586391449,4.55149561166763,1.96327817440033,0,7.98091596364975,0,0,0,0,0,0,4.96784157305956,0,0,2.51418304443359,0,119.612796619534,2655.08685920388,35.9297201782465,272.060542613268,3.45151105523109,490.531197287142,4651.49489930272,15.9853197336197,202.252885252237,0.214189514517784,85.1634631156921,2075.32204817235,34.6832947432995,196.9520432055,3.82228103280067,320.370319470763,1068.50480545312,487.772959649563,113.851261727512,4057.46621810645
