10100.0093146712,547.109622269869,0.407622009515762,4.21886770427227,0,450.582458868623,40.8609421253204,1233.43763631582,9.49376314878464,2251.92885178328,3092.30731423199,753.679484605789,7884.65395201743,2585.29292494059,0,10.3020621538162,771.283719331026,20.9329324662685,124.366223141551,8.38579961657524,3797.95053011179,0,0,0,0,20.5409858822823,0,1.94784253835678,0,960.276525259018,0.359644800424576,0,0.478381663560867,76.6410080492496,0,1.40902990847826,0,0,0,0,547.109622269869,35931.6438293755,748.575964555144,84.0172072127461,1.52599085867405,380.210766896605,1543.01253612339,2246.8238812387,1621.31056585908,1.54016196727753,2697.92775066197,2695.73626790196,894.387534372509,411.387528046966,2.82075540721416,118.175902873278,270.74211216718,5751.01452138275,375.913001894951,2826.19136705995,0,0,0,0,0.381241142749786,83.8392920866609,1.26905393600464,0,1.04744066298008,0,0,0,0,6.72228646278381,0,20.7527122795582,0,0,3.18415129184723,0,0.407622009515762,748.575964555144,15940.4675373957,1331.08144872636,1617.68918793648,7.25102010369301,3622.57664522529,465.742138206959,6775.53479082882,0,158.361655503511,6.56875050067902,0.545676678419113,2.53222477436066,9654.46733486652,1840.99512518197,4.07235963642597,1984.37972012162,49.6110785901546,32.0105003118515,0,0.940437078475952,111.112997718155,43.5414708554745,360.092762097716,17.826635748148,15.3790423870087,0,353.874711491168,0,0,0,0,0,44.5860823765397,286.499611414969,0,30.9435390233994,13.2814638316631,0,4.21886770427227,84.0172072127461,1331.08144872636,2457.29100391269,218.170539945364,42.7866590470076,3392.57268833369,48.2284677326679,1246.16474135965,0,10.1112294346094,22.930844694376,0.279005348682404,16.6841776371002,1756.89075113833,2843.62164557725,16.3167215138674,286.006826624274,278.24252037704,68.6901582628489,0,1.03139498829842,10.4763566330075,34.614763006568,66.2734974324703,156.036328345537,55.2284013926983,5.38568678498268,45.2032906040549,0,0,0,1.043552339077,2.28033538162708,4.50149787962437,431.263894066215,0.124274909496307,20.5493806153536,35.9402828961611,8.01149998605251,0,1.52599085867405,1617.68918793648,218.170539945364,1437.78231315315,745.683792576194,115.341078624129,1.68217343091965,1081.54180255532,0,0.22319820523262,0,0,1.54241950809956,883.394395306706,3846.68195705116,0.949700728058815,95.4902577996254,14.6808726936579,2.0272331237793,0,0.257021814584732,170.839824870229,76.4239334911108,646.596778735518,65.8328432291746,70.4755627512932,8.84636270999908,355.286096319556,0,0,0,0,0.2522032558918,93.4069603979588,580.15812677145,0,52.9581409841776,16.0955792814493,2.31509384512901,450.582458868623,380.210766896605,7.25102010369301,42.7866590470076,745.683792576194,3979.63225545734,2295.06364692748,402.192118450999,378.203816726804,7.50752323865891,38.5838718265295,235.108812004328,27.8067766949534,2785.67999384552,1.9436891078949,3303.17273722589,345.128339707851,91.3196318075061,1496.18569912761,125.65533952415,16.7588155865669,0,0.683988407254219,1.06382516026497,35.6070913523436,718.63069626689,17.7090764343739,0.853707194328308,25.131153345108,0.377845883369446,0,0,0,116.51026403904,0,163.859356224537,0,0.810621976852417,24.3516671657562,0.19907720386982,40.8609421253204,1543.01253612339,3622.57664522529,3392.57268833369,115.341078624129,2295.06364692748,20336.5128523707,165.225840836763,2460.41977910697,1.40300086140633,66.0064132213593,804.629814080894,22.621092364192,2314.3689590022,191.759520761669,3524.74902067333,3001.0230788812,1639.21836142242,1094.77967278659,4935.13444137573,0.292994260787964,6.01883034408092,7.75444792211056,4.65255296230316,9.3815376162529,523.627453163266,96.2467945218086,6.36881574988365,53.3139201775193,0,3.22816514968872,0.589342266321182,1.52971689403057,13.1016552150249,0.97875964641571,438.264491848648,0,11.9083358794451,42.8340841159225,10.9294991642237,1233.43763631582,2246.8238812387,465.742138206959,48.2284677326679,1.68217343091965,402.192118450999,165.225840836763,2251.40508151054,2586.41608905047,2.06313768029213,3388.06956648827,20.1474342942238,33.9915515035391,173.228236243129,0.343992203474045,110.522188931704,7.36226150393486,1719.27574793994,700.768232241273,18.8481831103563,15.0674938708544,0,0,0.533481478691101,0,8.29237616062164,0.750500798225403,2.60089540481567,2.23855781555176,0.945394277572632,0,0,0,0.394247978925705,0,13.8314689025283,0,0.421965271234512,55.6233381032944,0,9.49376314878464,1621.31056585908,6775.53479082882,1246.16474135965,1081.54180255532,378.203816726804,2460.41977910697,2586.41608905047,13570.5788021386,0,341.115487098694,48.129551872611,3.47198238968849,93.5908675193787,932.576284438372,1826.78269176185,52.4546343833208,4884.57704554498,3561.48630936444,234.589734643698,0,0,107.460410967469,8.19502681493759,262.961948797107,505.329338893294,71.1581472307444,3.66824391484261,876.709745123982,0,0.213430240750313,0,0,3.08745834231377,14.3817442059517,372.93317913264,5.15764319896698,20.0161189585924,986.554709106684,15.05510404706,2251.92885178328,1.54016196727753,0,0,0,7.50752323865891,1.40300086140633,2.06313768029213,0,831.460495740175,14.5124915987253,25.9538721889257,949.77281910181,1416.1670717895,0,0.175854712724686,919.468387499452,0,4.71751290559769,0.409057229757309,128.617715865374,0,0,0,0,1.6011528968811,0,0,0,903.442409843206,0,0,0,93.1687143743038,0,0,0,0,0,0,3092.30731423199,2697.92775066197,158.361655503511,10.1112294346094,0.22319820523262,38.5838718265295,66.0064132213593,3388.06956648827,341.115487098694,14.5124915987253,5778.39893466234,146.681661367416,2915.23577424884,102.44131359458,0,26.1467539072037,79.5206168144941,637.450449079275,57.9372674524784,9.47802974283695,19.4818009436131,0,0,0,0.424316018819809,5.22030019760132,0,0,1.12273144721985,5.64868688583374,0,0,0,1.40323576331139,0,2.03630641847849,0,0,0,0,753.679484605789,2695.73626790196,6.56875050067902,22.930844694376,0,235.108812004328,804.629814080894,20.1474342942238,48.129551872611,25.9538721889257,146.681661367416,10038.0224208832,1544.88918995857,1622.51037534326,0,56.343345887959,3341.38759040087,232.449888676405,76.9388103187084,1190.00272904336,2.04063722491264,0,0,0,0.385502219200134,66.9516380578279,0.910903513431549,0,0,11.5454949140549,0,0,0,10.2247574925423,0,8.3018136844039,0,0,1.11206755042076,0,7884.65395201743,894.387534372509,0.545676678419113,0.279005348682404,0,27.8067766949534,22.621092364192,33.9915515035391,3.47198238968849,949.77281910181,2915.23577424884,1544.88918995857,6393.27573768795,602.870914854109,0,2.62215904146433,759.105909734964,19.6709916889668,10.2600561976433,14.4265379160643,571.151683300734,0,0,0,0,3.99348573386669,0,0,0,254.562098786235,0,0,0,4.95648807287216,0,0.36450569331646,0,0,0,0,2585.29292494059,411.387528046966,2.53222477436066,16.6841776371002,1.54241950809956,2785.67999384552,2314.3689590022,173.228236243129,93.5908675193787,1416.1670717895,102.44131359458,1622.51037534326,602.870914854109,8091.52878890932,0,132.644028864801,5131.67486149073,78.474642701447,367.795045047998,248.363146625459,17.488559961319,0,0,0,0.220431938767433,644.427615351975,4.13378410041332,0,13.2460051178932,405.414309382439,0,0,0,1981.72844144702,0,17.2703173831105,0,0,4.45076715946198,0,0,2.82075540721416,9654.46733486652,1756.89075113833,883.394395306706,1.9436891078949,191.759520761669,0.343992203474045,932.576284438372,0,0,0,0,0,14442.4191870391,4814.88513328135,0,288.812550395727,2.86168606579304,1.36042568087578,0,0,86.4810896068811,40.9729583263397,309.554297737777,3.83377714455128,14.1834095269442,0,91.1399507373571,0,0,0,0,0,60.2397457659245,222.369691111147,0,32.2212581634521,0,0,10.3020621538162,118.175902873278,1840.99512518197,2843.62164557725,3846.68195705116,3303.17273722589,3524.74902067333,110.522188931704,1826.78269176185,0.175854712724686,26.1467539072037,56.343345887959,2.62215904146433,132.644028864801,4814.88513328135,13869.4899098873,95.8864157348871,346.032686792314,821.724642328918,95.8890673220158,1.91519546508789,3.12914825975895,163.674262225628,172.038195461035,597.781698822975,951.785253092647,262.520233921707,15.4999282509089,264.838453106582,0,3.70515669882298,1.10970222949982,0.502070665359497,9.15809707343578,159.8984824121,2681.77596942335,3.74102494120598,75.4221262857318,103.33665265888,14.6424505114555,771.283719331026,270.74211216718,4.07235963642597,16.3167215138674,0.949700728058815,345.128339707851,3001.0230788812,7.36226150393486,52.4546343833208,919.468387499452,79.5206168144941,3341.38759040087,759.105909734964,5131.67486149073,0,95.8864157348871,4149.15520845354,80.3688631802797,51.4811168909073,1439.41897018999,10.0748939216137,0,0,0,0.727012813091278,79.0783564001322,4.34334065020084,0.704063534736633,3.16923485696316,134.904053926468,0,0,0,88.5332686752081,0,15.9644148498774,0,0.437976956367493,1.79084372520447,0.69947224855423,20.9329324662685,5751.01452138275,1984.37972012162,286.006826624274,95.4902577996254,91.3196318075061,1639.21836142242,1719.27574793994,4884.57704554498,0,637.450449079275,232.449888676405,19.6709916889668,78.474642701447,288.812550395727,346.032686792314,80.3688631802797,2747.85639536381,263.992113515735,475.766046836972,0,0,5.00115337967873,6.4417831748724,27.9029333740473,43.6099665462971,8.23453019559383,0.138364896178246,19.0937716364861,0,0,0.285243958234787,0,2.80008089542389,2.34197348356247,82.5629803538322,0.665728092193604,2.46342925727367,14.0918745994568,0.260589092969894,124.366223141551,375.913001894951,49.6110785901546,278.24252037704,14.6808726936579,1496.18569912761,1094.77967278659,700.768232241273,3561.48630936444,4.71751290559769,57.9372674524784,76.9388103187084,10.2600561976433,367.795045047998,2.86168606579304,821.724642328918,51.4811168909073,263.992113515735,1206.43268103898,111.783403247595,0,0,0,0.536767959594727,4.13713982701302,488.189373761415,14.6014449745417,75.7233180403709,158.84322309494,0,4.16917514801025,1.05183494091034,2.12192177772522,6.62306129932404,0,113.683052316308,0,7.82329334318638,2060.68508297205,0.283673197031021,8.38579961657524,2826.19136705995,32.0105003118515,68.6901582628489,2.0272331237793,125.65533952415,4935.13444137573,18.8481831103563,234.589734643698,0.409057229757309,9.47802974283695,1190.00272904336,14.4265379160643,248.363146625459,1.36042568087578,95.8890673220158,1439.41897018999,475.766046836972,111.783403247595,4556.98627282679,0,0,0,0,0,91.7725010290742,4.67301595211029,0,4.81364116072655,0,0.937149703502655,0,0,2.91952276229858,0,29.8033130168915,0,2.08947995305061,3.1451800018549,0.19865295290947,3797.95053011179,0,0,0,0,16.7588155865669,0.292994260787964,15.0674938708544,0,128.617715865374,19.4818009436131,2.04063722491264,571.151683300734,17.488559961319,0,1.91519546508789,10.0748939216137,0,0,0,12859.6005476564,201.476798012853,0,0.221032440662384,1.59633088111877,703.356346726418,53.0806009024382,1351.90699768066,97.707588866353,2576.82686515152,3776.49605172873,905.416862308979,4395.45998470485,4476.06540837884,0,12.8147715628147,462.563369110227,34.1715716421604,82.3758697509766,106.895032152534,0,0,0.940437078475952,1.03139498829842,0.257021814584732,0,6.01883034408092,0,0,0,0,0,0,0,0,3.12914825975895,0,0,0,0,201.476798012853,29905.771099031,1053.24936574697,24.9567104429007,0,39.6111733168364,846.702201582491,3266.96020521224,1625.45084886253,1.50063201785088,2676.78097328544,1959.30383333564,717.260499790311,262.953470885754,2.23961010575294,84.1303862705827,139.685573995113,4989.78686836362,239.714823186398,2397.95891031623,0,0,111.112997718155,10.4763566330075,170.839824870229,0.683988407254219,7.75444792211056,0,107.460410967469,0,0,0,0,0,86.4810896068811,163.674262225628,0,5.00115337967873,0,0,0,1053.24936574697,14287.340425685,429.519863545895,1995.78357504308,2.21418532729149,2847.45718799531,171.004749283195,5240.7985278666,0,35.4037789702415,0,0,1.37987720966339,10387.448857829,2130.86866387725,2.75723648071289,1502.96403804421,12.4533872455359,36.6411755084991,0,0,43.5414708554745,34.614763006568,76.4239334911108,1.06382516026497,4.65255296230316,0.533481478691101,8.19502681493759,0,0,0,0,0,40.9729583263397,172.038195461035,0,6.4417831748724,0.536767959594727,0,0.221032440662384,24.9567104429007,429.519863545895,1484.06440681219,221.005859047174,21.2596567869186,2196.97320559621,75.1996538639069,1495.6283005029,0,6.46441267430782,4.1220139414072,1.8847044557333,10.6185460090637,1226.49021625519,2169.39265279472,11.9800537228584,386.661409527063,229.545330569148,37.569009706378,0,0.381241142749786,360.092762097716,66.2734974324703,646.596778735518,35.6070913523436,9.3815376162529,0,262.961948797107,0,0.424316018819809,0.385502219200134,0,0.220431938767433,309.554297737777,597.781698822975,0.727012813091278,27.9029333740473,4.13713982701302,0,1.59633088111877,0,1995.78357504308,221.005859047174,1926.80213527381,778.058898285031,194.858157627285,5.16113790869713,1369.086015746,0,0,0,0,2.16714704036713,1065.41774126887,4290.28110527247,0,183.807578191161,15.1941711604595,2.18390199542046,20.5409858822823,83.8392920866609,17.826635748148,156.036328345537,65.8328432291746,718.63069626689,523.627453163266,8.29237616062164,505.329338893294,1.6011528968811,5.22030019760132,66.9516380578279,3.99348573386669,644.427615351975,3.83377714455128,951.785253092647,79.0783564001322,43.6099665462971,488.189373761415,91.7725010290742,703.356346726418,39.6111733168364,2.21418532729149,21.2596567869186,778.058898285031,4837.40062087774,1405.4783308506,616.416976392269,1341.42301687598,2.68197098374367,96.3277163654566,30.8005933910608,82.9614194333553,4168.46007622778,3.35139870643616,2241.23742431402,99.9687743932009,91.6142198741436,1332.84502075613,89.3668202012777,0,1.26905393600464,15.3790423870087,55.2284013926983,70.4755627512932,17.7090764343739,96.2467945218086,0.750500798225403,71.1581472307444,0,0,0.910903513431549,0,4.13378410041332,14.1834095269442,262.520233921707,4.34334065020084,8.23453019559383,14.6014449745417,4.67301595211029,53.0806009024382,846.702201582491,2847.45718799531,2196.97320559621,194.858157627285,1405.4783308506,13931.7968192324,162.252784848213,3046.93367169052,0,61.5652152150869,370.637006446719,58.2053650170565,2427.4914098084,1154.44321353734,3391.50420236588,3965.23995241523,2781.69052165747,1122.88434642553,4509.8509888798,1.94784253835678,0,0,5.38568678498268,8.84636270999908,0.853707194328308,6.36881574988365,2.60089540481567,3.66824391484261,0,0,0,0,0,0,15.4999282509089,0.704063534736633,0.138364896178246,75.7233180403709,0,1351.90699768066,3266.96020521224,171.004749283195,75.1996538639069,5.16113790869713,616.416976392269,162.252784848213,4474.51783040166,3317.60884071887,0,2768.67121732235,11.9752599895,88.7459341883659,179.409782752395,5.91408428549767,193.746633410454,2.92497062683105,1484.61902351677,1402.13676136732,32.9935422539711,0,1.04744066298008,353.874711491168,45.2032906040549,355.286096319556,25.131153345108,53.3139201775193,2.23855781555176,876.709745123982,0,1.12273144721985,0,0,13.2460051178932,91.1399507373571,264.838453106582,3.16923485696316,19.0937716364861,158.84322309494,4.81364116072655,97.707588866353,1625.45084886253,5240.7985278666,1495.6283005029,1369.086015746,1341.42301687598,3046.93367169052,3317.60884071887,12668.3615310937,0,289.575903877616,160.702213227749,72.0581503659487,639.758521169424,896.820567518473,3421.34812436998,183.533800348639,5396.47932508588,4648.16447463632,382.561438441277,960.276525259018,0,0,0,0,0.377845883369446,0,0.945394277572632,0,903.442409843206,5.64868688583374,11.5454949140549,254.562098786235,405.414309382439,0,0,134.904053926468,0,0,0,2576.82686515152,1.50063201785088,0,0,0,2.68197098374367,0,0,0,1201.16070505977,19.0868087112904,160.130758106709,723.344286084175,2163.95883983374,0,0,454.157504677773,0,0,0,0.359644800424576,0,0,0,0,0,3.22816514968872,0,0.213430240750313,0,0,0,0,0,0,3.70515669882298,0,0,4.16917514801025,0.937149703502655,3776.49605172873,2676.78097328544,35.4037789702415,6.46441267430782,0,96.3277163654566,61.5652152150869,2768.67121732235,289.575903877616,19.0868087112904,3519.98585249484,228.983807459474,2746.4983548969,205.796293139458,0,38.6621368229389,53.2522009015083,690.850473597646,82.9809444993734,85.7589730620384,0,0,0,0,0,0,0.589342266321182,0,0,0,0,0,0,0,0,1.10970222949982,0,0.285243958234787,1.05183494091034,0,905.416862308979,1959.30383333564,0,4.1220139414072,0,30.8005933910608,370.637006446719,11.9752599895,160.702213227749,160.130758106709,228.983807459474,9408.51795275509,2574.62555840611,1236.77172443271,0.323318213224411,16.1084762513638,4433.60686850548,113.490013569593,20.5681922882795,1956.06503528357,0.478381663560867,0,0,1.043552339077,0,0,1.52971689403057,0,0,0,0,0,0,0,0,0.502070665359497,0,0,2.12192177772522,0,4395.45998470485,717.260499790311,0,1.8847044557333,0,82.9614194333553,58.2053650170565,88.7459341883659,72.0581503659487,723.344286084175,2746.4983548969,2574.62555840611,4899.39837239683,1042.3038572371,0.66924837231636,14.8691686987877,1017.08106033504,63.8722183257341,20.1295388191938,91.1132687777281,76.6410080492496,6.72228646278381,0,2.28033538162708,0.2522032558918,116.51026403904,13.1016552150249,0.394247978925705,3.08745834231377,93.1687143743038,1.40323576331139,10.2247574925423,4.95648807287216,1981.72844144702,0,9.15809707343578,88.5332686752081,2.80008089542389,6.62306129932404,2.91952276229858,4476.06540837884,262.953470885754,1.37987720966339,10.6185460090637,2.16714704036713,4168.46007622778,2427.4914098084,179.409782752395,639.758521169424,2163.95883983374,205.796293139458,1236.77172443271,1042.3038572371,10987.9667072296,3.49816596508026,163.407316610217,5083.31609104574,81.9358830749989,315.587857246399,180.870688796043,0,0,44.5860823765397,4.50149787962437,93.4069603979588,0,0.97875964641571,0,14.3817442059517,0,0,0,0,0,60.2397457659245,159.8984824121,0,2.34197348356247,0,0,0,2.23961010575294,10387.448857829,1226.49021625519,1065.41774126887,3.35139870643616,1154.44321353734,5.91408428549767,896.820567518473,0,0,0.323318213224411,0.66924837231636,3.49816596508026,8998.75378727913,4629.3477126956,0.354360789060593,674.558946654201,12.8161981552839,6.73248070478439,1.40902990847826,20.7527122795582,286.499611414969,431.263894066215,580.15812677145,163.859356224537,438.264491848648,13.8314689025283,372.93317913264,0,2.03630641847849,8.3018136844039,0.36450569331646,17.2703173831105,222.369691111147,2681.77596942335,15.9644148498774,82.5629803538322,113.683052316308,29.8033130168915,12.8147715628147,84.1303862705827,2130.86866387725,2169.39265279472,4290.28110527247,2241.23742431402,3391.50420236588,193.746633410454,3421.34812436998,0,38.6621368229389,16.1084762513638,14.8691686987877,163.407316610217,4629.3477126956,12814.2471821159,81.8793051615357,687.455854147673,1123.51744942367,146.956688962877,0,0,0,0.124274909496307,0,0,0,0,5.15764319896698,0,0,0,0,0,0,3.74102494120598,0,0.665728092193604,0,0,462.563369110227,139.685573995113,2.75723648071289,11.9800537228584,0,99.9687743932009,3965.23995241523,2.92497062683105,183.533800348639,454.157504677773,53.2522009015083,4433.60686850548,1017.08106033504,5083.31609104574,0.354360789060593,81.8793051615357,5792.15439711511,175.701549217105,45.2017592042685,1556.55805194378,0,0,30.9435390233994,20.5493806153536,52.9581409841776,0.810621976852417,11.9083358794451,0.421965271234512,20.0161189585924,0,0,0,0,0,32.2212581634521,75.4221262857318,0.437976956367493,2.46342925727367,7.82329334318638,2.08947995305061,34.1715716421604,4989.78686836362,1502.96403804421,386.661409527063,183.807578191161,91.6142198741436,2781.69052165747,1484.61902351677,5396.47932508588,0,690.850473597646,113.490013569593,63.8722183257341,81.9358830749989,674.558946654201,687.455854147673,175.701549217105,2440.87607139349,988.108555868268,1140.56790311635,0,3.18415129184723,13.2814638316631,35.9402828961611,16.0955792814493,24.3516671657562,42.8340841159225,55.6233381032944,986.554709106684,0,0,1.11206755042076,0,4.45076715946198,0,103.33665265888,1.79084372520447,14.0918745994568,2060.68508297205,3.1451800018549,82.3758697509766,239.714823186398,12.4533872455359,229.545330569148,15.1941711604595,1332.84502075613,1122.88434642553,1402.13676136732,4648.16447463632,0,82.9809444993734,20.5681922882795,20.1295388191938,315.587857246399,12.8161981552839,1123.51744942367,45.2017592042685,988.108555868268,3229.27496139705,246.030656635761,0,0,0,8.01149998605251,2.31509384512901,0.19907720386982,10.9294991642237,0,15.05510404706,0,0,0,0,0,0,14.6424505114555,0.69947224855423,0.260589092969894,0.283673197031021,0.19865295290947,106.895032152534,2397.95891031623,36.6411755084991,37.569009706378,2.18390199542046,89.3668202012777,4509.8509888798,32.9935422539711,382.561438441277,0,85.7589730620384,1956.06503528357,91.1132687777281,180.870688796043,6.73248070478439,146.956688962877,1556.55805194378,1140.56790311635,246.030656635761,4662.39245161414
