10951.8040692508,520.585473850369,0,1.37038426101208,0,441.547334253788,31.4878699481487,563.676578253508,9.82737278938293,1514.7722812444,3660.90333688259,783.950584024191,6851.77820789814,2639.09299667925,0,27.6004953682423,490.000292062759,10.4309185445309,172.140180051327,38.9895440042019,1914.15127038956,0.21279913187027,0.207965046167374,0,0,52.500860914588,0.315785735845566,28.6446108222008,0,783.716277360916,0.593310832977295,1.11936338245869,0,7.6171937584877,0,0.135438308119774,0,0.878022640943527,9.4337245374918,0.565062463283539,520.585473850369,33141.1809705868,872.47137016058,142.644202537835,3.5099433362484,564.261133134365,4144.73432493955,2404.6677736491,2198.66473013908,1.36994624137878,6758.71220435947,2121.16122402251,1080.33166346699,578.265984259546,1.92775478959084,602.67826295644,496.720798909664,6276.85807718337,914.482128664851,2673.12123683095,0,7.49383094906807,3.38846780359745,10.3973947018385,2.04866410791874,136.470878988504,16.1451241821051,2.37266960740089,7.88791064918041,0,0.826830625534058,2.89089879393578,0,3.39743080735207,4.90409786999226,23.5627360790968,0.940565198659897,5.2951528429985,20.8449359163642,8.71646128594875,0,872.47137016058,12831.00700818,701.216427281499,2251.11948435009,15.2565070092678,2602.95241230726,28.4696653038263,6192.47419591248,0,27.4768638759851,1.70168723165989,0.228283017873764,3.41824832558632,6168.55861960351,2350.44748577476,9.16831560432911,3112.40449692309,68.2592171877623,35.578895881772,0,0,201.94336605072,23.8550606667995,529.504989057779,3.69674551486969,10.2205272912979,0,60.0029999315739,0,0,0,0,0,109.106542825699,259.227422311902,0,13.6905341595411,2.67717581987381,0.790124371647835,1.37038426101208,142.644202537835,701.216427281499,3324.19092305005,39.5414472222328,37.9001353979111,2436.1370588243,74.368885666132,1233.72936311364,0,9.58993870019913,12.6695113629103,3.66083504259586,14.6593904793262,720.277868434787,2647.93283422291,60.9168106466532,616.039504297078,483.927574932575,163.970634430647,0,1.85800258815289,41.9699549153447,45.6274571567774,66.5582600533962,25.8516081720591,15.2278121039271,3.49432992935181,101.109453529119,0,0,0.874662026762962,0.279170662164688,0.349738016724586,38.9950987696648,101.938777156174,3.02715718746185,12.7232356220484,23.6092634052038,7.19526229798794,0,3.5099433362484,2251.11948435009,39.5414472222328,1051.06999404728,1040.82457242906,18.0330002754927,0,611.081572592258,0,1.05213022232056,0,0,0,1067.33393204212,1970.94050399214,4.12328259646893,120.85652706027,46.0940099656582,1.91746783256531,0,0.624806135892868,218.027955234051,42.5970413535833,914.672523006797,14.7425538152456,15.6529134362936,0.653093993663788,193.12612195313,0,0,0.467020735144615,0,0.269850552082062,76.5827742367983,357.911357462406,0,10.7260883301497,6.89282849431038,2.45678403973579,441.547334253788,564.261133134365,15.2565070092678,37.9001353979111,1040.82457242906,5741.2046058923,2038.54056738317,332.443976804614,140.977510400116,3.8894031047821,94.4029138535261,435.421039357781,193.431940704584,2321.35254253447,1.72096399962902,3262.57051220536,1022.47923901677,95.6867069229484,935.286894381046,331.771335624158,2.88200145959854,11.0475811362267,9.35807844996452,112.382564969361,32.8689144551754,1371.08218374103,95.4419089853764,15.216799929738,104.165891058743,0,0,10.7400626540184,0,14.4356205761433,5.36674942076206,201.006036244333,4.74778100848198,20.0837778896093,270.498415499926,18.9135367423296,31.4878699481487,4144.73432493955,2602.95241230726,2436.1370588243,18.0330002754927,2038.54056738317,15383.7463038787,105.377357691526,1320.64136508852,0.239047959446907,29.9984692782164,384.535339251161,52.559248700738,1591.31983551383,31.4682423323393,3771.12837535888,5098.39780341089,3782.49607344717,1334.21613097191,2537.58269630373,0,18.2902595251799,14.8376404494047,45.2052673250437,14.6035553067923,341.980165660381,235.090963192284,4.72350467741489,68.9199157729745,0,1.42722129821777,15.9040336310863,0,3.08364260196686,10.8611121326685,125.543807767332,3.50250715017319,35.4723894372582,109.383634060621,66.1187384873629,563.676578253508,2404.6677736491,28.4696653038263,74.368885666132,0,332.443976804614,105.377357691526,4262.26865203679,2038.08834274113,0,1798.75351370871,8.28502161800861,28.0582585036755,25.2851973772049,0,129.01866941154,1.16371674835682,1084.20020104945,929.871779471636,32.1380935162306,6.52958163619041,0.417881965637207,1.92861145734787,0.243077620863914,0,86.7766995280981,4.06016567349434,4.38107603788376,5.47190000116825,0,0.602532744407654,0,0,0,0,3.68342296034098,0,2.09238195419312,251.459369674325,0.849194586277008,9.82737278938293,2198.66473013908,6192.47419591248,1233.72936311364,611.081572592258,140.977510400116,1320.64136508852,2038.08834274113,12017.2497547269,0,267.634458057582,19.4996934756637,6.31452814489603,16.8861289694905,190.326195701957,2787.92014710605,58.78286857903,5333.12306545675,3862.24930182099,196.875801518559,0,5.84200246632099,182.927480138838,130.714104741812,254.326291143894,52.8095995485783,87.8146618902683,34.1648063212633,441.944274678826,0,0,2.49438768625259,0,0,126.790451541543,346.681060947478,1.15327870845795,53.1284739971161,323.726024031639,11.8330166116357,1514.7722812444,1.36994624137878,0,0,0,3.8894031047821,0.239047959446907,0,0,432.134472340345,4.47846314311028,137.932924956083,438.435035139322,1021.70538054407,0,0.214426770806313,583.451303690672,0,0,2.16428671777248,109.229082345963,0,0,0,0,2.11516928672791,0,0,0,587.799320727587,0,0,0,1.27869439125061,0,0,0,0,0,0,3660.90333688259,6758.71220435947,27.4768638759851,9.58993870019913,1.05213022232056,94.4029138535261,29.9984692782164,1798.75351370871,267.634458057582,4.47846314311028,6495.96850258112,186.784889310598,3557.77683499455,254.948478341103,0,39.730103045702,33.4348927289248,576.857861205935,54.541258469224,29.5322664529085,20.2263696193695,0.576017960906029,0,0,0,23.8979324698448,1.1243419200182,0,4.33647620677948,5.18858152627945,0,0.160026922821999,0,0.372416108846664,0,0.86137730628252,0,0.221170336008072,0,0,783.950584024191,2121.16122402251,1.70168723165989,12.6695113629103,0,435.421039357781,384.535339251161,8.28502161800861,19.4996934756637,137.932924956083,186.784889310598,8853.73850952089,821.678797975183,2064.82658903301,0,132.529850281775,2720.64949710667,126.886449158192,32.1902925372124,3866.52211982012,0.663910210132599,2.86225086450577,0,0.783672139048576,0,80.7956634610891,7.59645247459412,0,1.77439093589783,2.7013885974884,0,0.632012337446213,0,3.61298725008965,0,1.7419817969203,0.190126329660416,1.97990423440933,4.70339602231979,4.14941940456629,6851.77820789814,1080.33166346699,0.228283017873764,3.66083504259586,0,193.431940704584,52.559248700738,28.0582585036755,6.31452814489603,438.435035139322,3557.77683499455,821.678797975183,5092.33726170659,1356.33634950221,0,48.7814052700996,557.133414298296,26.1489079520106,18.3578813076019,66.0235633850098,112.958343759179,0,0,0,0,54.1542266458273,0.448848068714142,0,0.637509793043137,110.545071259141,0.224106594920158,0.458249002695084,0,1.04214099049568,0,2.70618085563183,0,0,0.249973639845848,0.228023871779442,2639.09299667925,578.265984259546,3.41824832558632,14.6593904793262,0,2321.35254253447,1591.31983551383,25.2851973772049,16.8861289694905,1021.70538054407,254.948478341103,2064.82658903301,1356.33634950221,8674.69048722088,0,310.959464408457,6330.45179525018,53.1221888512373,267.560796260834,307.839513599873,255.548675507307,1.08052672445774,1.67105230689049,3.0494768768549,0,591.131651937962,17.1174502670765,0,1.94018004834652,204.801354542375,0,2.15810516476631,0,209.161557495594,0,9.2748606801033,0,1.98607140779495,10.5617574155331,9.13874113559723,0,1.92775478959084,6168.55861960351,720.277868434787,1067.33393204212,1.72096399962902,31.4682423323393,0,190.326195701957,0,0,0,0,0,5347.07485628128,4179.69409755617,1.14490461349487,166.913437366486,4.55980667471886,3.99766287207603,0,0,82.823487944901,5.88170969486237,237.672376438975,2.95324464142323,2.89605918526649,0,24.1729619801044,0,0,0,0,0,58.5261053293943,166.161971330643,0,2.78739553689957,0,0,27.6004953682423,602.67826295644,2350.44748577476,2647.93283422291,1970.94050399214,3262.57051220536,3771.12837535888,129.01866941154,2787.92014710605,0.214426770806313,39.730103045702,132.529850281775,48.7814052700996,310.959464408457,4179.69409755617,12230.1367965937,355.990127764642,1056.78616929054,1318.06571841985,372.248314134777,0,30.7430079653859,287.389349706471,369.444434575737,695.136139906943,397.99129909277,327.495147489011,20.6865370124578,586.575703240931,0,0.187619015574455,25.1292974799871,0.457015931606293,10.8722856193781,294.661740377545,1415.89563803375,9.72369506955147,118.423797883093,319.7899710536,119.312003739178,490.000292062759,496.720798909664,9.16831560432911,60.9168106466532,4.12328259646893,1022.47923901677,5098.39780341089,1.16371674835682,58.78286857903,583.451303690672,33.4348927289248,2720.64949710667,557.133414298296,6330.45179525018,1.14490461349487,355.990127764642,5077.84314244986,177.641904532909,69.5280436724424,862.920406684279,10.8665916323662,0.916195899248123,0,3.36291368305683,0,116.491419240832,15.7426830381155,0,2.37173344194889,47.9441726505756,0.270313560962677,1.2050648778677,0,12.4257087111473,0,11.916873857379,0,5.22285090386868,18.7758882790804,9.37642879784107,10.4309185445309,6276.85807718337,3112.40449692309,616.039504297078,120.85652706027,95.6867069229484,3782.49607344717,1084.20020104945,5333.12306545675,0,576.857861205935,126.886449158192,26.1489079520106,53.1221888512373,166.913437366486,1056.78616929054,177.641904532909,2572.35937471688,625.005369931459,989.024027839303,0,2.85886642336845,44.444703117013,20.4436305686831,51.9411778897047,52.0252025872469,15.7328999638557,0.218193769454956,54.1714513897896,0,0,0.659480348229408,0,0.150184646248817,38.0437019914389,71.6519180834293,1.8807932138443,6.37332965433598,33.0666152536869,13.2185268253088,172.140180051327,914.482128664851,68.2592171877623,483.927574932575,46.0940099656582,935.286894381046,1334.21613097191,929.871779471636,3862.24930182099,0,54.541258469224,32.1902925372124,18.3578813076019,267.560796260834,4.55980667471886,1318.06571841985,69.5280436724424,625.005369931459,1767.71572116017,227.430618882179,1.77527701854706,7.66615448892117,21.6225478425622,113.198609992862,28.7814136892557,1377.36616766453,90.0040056779981,52.3124558627605,958.147732697427,0,0,9.45803134143353,0.20723682641983,0,3.88455927371979,180.401255071163,4.26644372940063,59.735396489501,2813.27254444361,32.8558893501759,38.9895440042019,2673.12123683095,35.578895881772,163.970634430647,1.91746783256531,331.771335624158,2537.58269630373,32.1380935162306,196.875801518559,2.16428671777248,29.5322664529085,3866.52211982012,66.0235633850098,307.839513599873,3.99766287207603,372.248314134777,862.920406684279,989.024027839303,227.430618882179,4160.31560567021,0,9.40137546509504,3.61087945103645,5.56425280869007,0,100.034920632839,22.6781089603901,3.99147909879684,14.3366813659668,0,0,14.5408214777708,0,2.76927530765533,0,22.8238215297461,1.90409553050995,5.6717689037323,22.8705869466066,9.06599301099777,1914.15127038956,0,0,0,0,2.88200145959854,0,6.52958163619041,0,109.229082345963,20.2263696193695,0.663910210132599,112.958343759179,255.548675507307,0,0,10.8665916323662,0,1.77527701854706,0,16261.2944826335,215.128835737705,0,0.297389835119247,0.394264921545982,374.892610162497,16.9325051605701,955.358755677938,4.21787130832672,3340.53533692658,3371.0871386826,1172.16954000294,8635.28487405181,3431.90609528124,0,4.96403010189533,467.846665024757,5.06013451516628,150.976894766092,23.1424435377121,0.21279913187027,7.49383094906807,0,1.85800258815289,0.624806135892868,11.0475811362267,18.2902595251799,0.417881965637207,5.84200246632099,0,0.576017960906029,2.86225086450577,0,1.08052672445774,0,30.7430079653859,0.916195899248123,2.85886642336845,7.66615448892117,9.40137546509504,215.128835737705,34857.8364325017,184.525912418962,92.2503569573164,10.2782072871923,671.018420569599,920.104809314013,4085.03051538765,2016.21838316321,0,4603.97224226594,3797.99056641757,526.894565418363,341.812105230987,11.3737149834633,234.056371115148,420.960464403033,4649.74916234612,601.832513347268,2829.02196091413,0.207965046167374,3.38846780359745,201.94336605072,41.9699549153447,218.027955234051,9.35807844996452,14.8376404494047,1.92861145734787,182.927480138838,0,0,0,0,1.67105230689049,82.823487944901,287.389349706471,0,44.444703117013,21.6225478425622,3.61087945103645,0,184.525912418962,14904.127227813,724.420880228281,3672.09797997773,19.9443971514702,3496.06113395095,88.3308779746294,6439.3699709028,0,8.26362973451614,18.8965009897947,0,0.171049982309341,10719.8253045678,2281.74762704223,19.8541239351034,2488.89251983166,163.545505568385,255.416475780308,0,10.3973947018385,23.8550606667995,45.6274571567774,42.5970413535833,112.382564969361,45.2052673250437,0.243077620863914,130.714104741812,0,0,0.783672139048576,0,3.0494768768549,5.88170969486237,369.444434575737,3.36291368305683,20.4436305686831,113.198609992862,5.56425280869007,0.297389835119247,92.2503569573164,724.420880228281,1922.9668147862,102.070764616132,173.242513671517,2560.18679943681,97.5334034562111,1016.94580587,0,0.65826590359211,62.4125551879406,0.552908957004547,6.28749458491802,1177.02488036454,1733.34682092071,48.366562306881,272.668425388634,679.366660535336,477.840999752283,0,2.04866410791874,529.504989057779,66.5582600533962,914.672523006797,32.8689144551754,14.6035553067923,0,254.326291143894,0,0,0,0,0,237.672376438975,695.136139906943,0,51.9411778897047,28.7814136892557,0,0.394264921545982,10.2782072871923,3672.09797997773,102.070764616132,2186.30003876984,1222.40581648052,115.394293025136,13.29307256639,1236.78646698594,0,0,3.68506872653961,0,0.614798724651337,713.633650541306,3573.30002538115,3.44383777678013,89.7848397791386,59.645915210247,21.8659827113152,52.500860914588,136.470878988504,3.69674551486969,25.8516081720591,14.7425538152456,1371.08218374103,341.980165660381,86.7766995280981,52.8095995485783,2.11516928672791,23.8979324698448,80.7956634610891,54.1542266458273,591.131651937962,2.95324464142323,397.99129909277,116.491419240832,52.0252025872469,1377.36616766453,100.034920632839,374.892610162497,671.018420569599,19.9443971514702,173.242513671517,1222.40581648052,5806.27628921717,2703.76748812199,636.134330824018,223.028122350574,30.4538400173187,60.8856426924467,991.225231848657,88.4533259943128,3650.34479349107,4.88141998648643,3649.31049991399,903.266603127122,178.542018547654,1361.97069999576,491.667190141976,0.315785735845566,16.1451241821051,10.2205272912979,15.2278121039271,15.6529134362936,95.4419089853764,235.090963192284,4.06016567349434,87.8146618902683,0,1.1243419200182,7.59645247459412,0.448848068714142,17.1174502670765,2.89605918526649,327.495147489011,15.7426830381155,15.7328999638557,90.0040056779981,22.6781089603901,16.9325051605701,920.104809314013,3496.06113395095,2560.18679943681,115.394293025136,2703.76748812199,11874.3537983298,85.9249721691012,1118.71020187438,3.76323157548904,4.0688995718956,499.579781256616,40.5799905210733,2833.99478688836,216.286285951734,2718.79465422034,4718.00313453376,1710.57037976384,1126.73936074972,5373.15267089009,28.6446108222008,2.37266960740089,0,3.49432992935181,0.653093993663788,15.216799929738,4.72350467741489,4.38107603788376,34.1648063212633,0,0,0,0,0,0,20.6865370124578,0,0.218193769454956,52.3124558627605,3.99147909879684,955.358755677938,4085.03051538765,88.3308779746294,97.5334034562111,13.29307256639,636.134330824018,85.9249721691012,6196.41042611003,2478.08409229666,0,2383.50879526138,141.000887945294,50.5536148995161,355.993953362107,5.56142520904541,214.159137494862,8.89733113348484,665.795381762087,1335.70906586945,23.4021108448505,0,7.88791064918041,60.0029999315739,101.109453529119,193.12612195313,104.165891058743,68.9199157729745,5.47190000116825,441.944274678826,0,4.33647620677948,1.77439093589783,0.637509793043137,1.94018004834652,24.1729619801044,586.575703240931,2.37173344194889,54.1714513897896,958.147732697427,14.3366813659668,4.21787130832672,2016.21838316321,6439.3699709028,1016.94580587,1236.78646698594,223.028122350574,1118.71020187438,2478.08409229666,9966.96752916276,0,162.615572944283,93.8938678577542,2.83484873175621,21.824276253581,971.583678215742,2781.09122292697,24.7795225530863,5161.85615371168,3183.6182154566,293.260462448001,783.716277360916,0,0,0,0,0,0,0,0,587.799320727587,5.18858152627945,2.7013885974884,110.545071259141,204.801354542375,0,0,47.9441726505756,0,0,0,3340.53533692658,0,0,0,0,30.4538400173187,3.76323157548904,0,0,1273.70981618762,59.8751941919327,35.4128194600344,1388.35026399791,1258.99214732647,0,0.584365591406822,956.478035092354,0,0,1.39556479454041,0.593310832977295,0.826830625534058,0,0,0,0,1.42722129821777,0.602532744407654,0,0,0,0,0.224106594920158,0,0,0.187619015574455,0.270313560962677,0,0,0,3371.0871386826,4603.97224226594,8.26362973451614,0.65826590359211,0,60.8856426924467,4.0688995718956,2383.50879526138,162.615572944283,59.8751941919327,5315.00874501467,747.570853382349,3591.18233290315,515.192944094539,0,3.6467396914959,61.4750329256058,208.537390872836,22.5490181297064,17.9217591285706,1.11936338245869,2.89089879393578,0,0.874662026762962,0.467020735144615,10.7400626540184,15.9040336310863,0,2.49438768625259,0,0.160026922821999,0.632012337446213,0.458249002695084,2.15810516476631,0,25.1292974799871,1.2050648778677,0.659480348229408,9.45803134143353,14.5408214777708,1172.16954000294,3797.99056641757,18.8965009897947,62.4125551879406,3.68506872653961,991.225231848657,499.579781256616,141.000887945294,93.8938678577542,35.4128194600344,747.570853382349,10915.7874579281,941.043024793267,2615.58665719628,3.55571407079697,218.836141936481,2996.72108854353,388.910568855703,165.356534212828,2864.08453670144,0,0,0,0.279170662164688,0,0,0,0,0,0,0,0,0,0,0,0.457015931606293,0,0,0.20723682641983,0,8635.28487405181,526.894565418363,0,0.552908957004547,0,88.4533259943128,40.5799905210733,50.5536148995161,2.83484873175621,1388.35026399791,3591.18233290315,941.043024793267,6771.95687793195,1701.41389615834,0,14.2746269851923,417.935846567154,9.36920005083084,4.7629649490118,30.9430128335953,7.6171937584877,3.39743080735207,0,0.349738016724586,0.269850552082062,14.4356205761433,3.08364260196686,0,0,1.27869439125061,0.372416108846664,3.61298725008965,1.04214099049568,209.161557495594,0,10.8722856193781,12.4257087111473,0.150184646248817,0,2.76927530765533,3431.90609528124,341.812105230987,0.171049982309341,6.28749458491802,0.614798724651337,3650.34479349107,2833.99478688836,355.993953362107,21.824276253581,1258.99214732647,515.192944094539,2615.58665719628,1701.41389615834,13812.3594402671,0.513795018196106,319.648195639253,6264.56793732941,19.1375692933798,45.6630785912275,134.057928696275,0,4.90409786999226,109.106542825699,38.9950987696648,76.5827742367983,5.36674942076206,10.8611121326685,0,126.790451541543,0,0,0,0,0,58.5261053293943,294.661740377545,0,38.0437019914389,3.88455927371979,0,0,11.3737149834633,10719.8253045678,1177.02488036454,713.633650541306,4.88141998648643,216.286285951734,5.56142520904541,971.583678215742,0,0,3.55571407079697,0,0.513795018196106,12728.5169627219,5187.29175001383,5.48961779475212,201.327360361814,33.7218883633614,57.099622413516,0.135438308119774,23.5627360790968,259.227422311902,101.938777156174,357.911357462406,201.006036244333,125.543807767332,3.68342296034098,346.681060947478,0,0.86137730628252,1.7419817969203,2.70618085563183,9.2748606801033,166.161971330643,1415.89563803375,11.916873857379,71.6519180834293,180.401255071163,22.8238215297461,4.96403010189533,234.056371115148,2281.74762704223,1733.34682092071,3573.30002538115,3649.31049991399,2718.79465422034,214.159137494862,2781.09122292697,0.584365591406822,3.6467396914959,218.836141936481,14.2746269851923,319.648195639253,5187.29175001383,12096.6331271306,311.556943811476,477.888432867825,1230.73700875044,452.192786335945,0,0.940565198659897,0,3.02715718746185,0,4.74778100848198,3.50250715017319,0,1.15327870845795,0,0,0.190126329660416,0,0,0,9.72369506955147,0,1.8807932138443,4.26644372940063,1.90409553050995,467.846665024757,420.960464403033,19.8541239351034,48.366562306881,3.44383777678013,903.266603127122,4718.00313453376,8.89733113348484,24.7795225530863,956.478035092354,61.4750329256058,2996.72108854353,417.935846567154,6264.56793732941,5.48961779475212,311.556943811476,4504.97978518903,209.584066033363,51.5858969986439,663.82018622756,0.878022640943527,5.2951528429985,13.6905341595411,12.7232356220484,10.7260883301497,20.0837778896093,35.4723894372582,2.09238195419312,53.1284739971161,0,0.221170336008072,1.97990423440933,0,1.98607140779495,2.78739553689957,118.423797883093,5.22285090386868,6.37332965433598,59.735396489501,5.6717689037323,5.06013451516628,4649.74916234612,2488.89251983166,272.668425388634,89.7848397791386,178.542018547654,1710.57037976384,665.795381762087,5161.85615371168,0,208.537390872836,388.910568855703,9.36920005083084,19.1375692933798,201.327360361814,477.888432867825,209.584066033363,2081.13249462843,748.895617440343,1257.09339922667,9.4337245374918,20.8449359163642,2.67717581987381,23.6092634052038,6.89282849431038,270.498415499926,109.383634060621,251.459369674325,323.726024031639,0,0,4.70339602231979,0.249973639845848,10.5617574155331,0,319.7899710536,18.7758882790804,33.0666152536869,2813.27254444361,22.8705869466066,150.976894766092,601.832513347268,163.545505568385,679.366660535336,59.645915210247,1361.97069999576,1126.73936074972,1335.70906586945,3183.6182154566,0,22.5490181297064,165.356534212828,4.7629649490118,45.6630785912275,33.7218883633614,1230.73700875044,51.5858969986439,748.895617440343,1216.4560521543,365.663886487484,0.565062463283539,8.71646128594875,0.790124371647835,7.19526229798794,2.45678403973579,18.9135367423296,66.1187384873629,0.849194586277008,11.8330166116357,0,0,4.14941940456629,0.228023871779442,9.13874113559723,0,119.312003739178,9.37642879784107,13.2185268253088,32.8558893501759,9.06599301099777,23.1424435377121,2829.02196091413,255.416475780308,477.840999752283,21.8659827113152,491.667190141976,5373.15267089009,23.4021108448505,293.260462448001,1.39556479454041,17.9217591285706,2864.08453670144,30.9430128335953,134.057928696275,57.099622413516,452.192786335945,663.82018622756,1257.09339922667,365.663886487484,4209.69566743076
