11231.4617275596,1235.94220905006,0,2.17308071255684,0,329.698987856507,33.6324457228184,739.590536013246,6.01564407348633,1853.29652579129,3642.43203391135,1501.62479035556,5190.7564855665,1778.93597638607,0,3.50796151161194,904.935077786446,12.0489393472672,338.694080814719,17.8157375901937,2389.69275946915,0,0,0,0,0,0.353085547685623,0.536936819553375,0,615.001219391823,0.554293215274811,0,0,42.1724112778902,0,0.246799051761627,0,0,0,0,1235.94220905006,38711.8503866866,2047.24352227151,137.074089236557,11.309853553772,652.929598458111,1671.36627787352,2307.30715847015,1514.64459966123,1.34974771738052,3145.80029505491,3825.22782969475,905.040601953864,747.711095884442,2.01477262377739,167.952068641782,413.105380363762,5524.24766615033,115.402169361711,4782.29591030627,0,0,0,5.39382749795914,3.50522136688232,9.29976598918438,16.2012551128864,0,3.10148505866528,0,0,0.96830952167511,0,0.776816070079803,0,20.3360526487231,0,0,1.12911212444305,0.935431480407715,0,2047.24352227151,13476.625938341,798.306055225432,2635.9516799897,6.49549525976181,3241.93224097788,83.9389254450798,2398.07028123736,0,112.207636594772,2.92619425058365,0,0.870295122265816,11109.5436725467,2224.57071673125,7.51104234158993,3763.13692629337,9.52139846980572,66.9581627473235,0,0.569639474153519,41.8740967363119,19.977073147893,347.360675558448,1.9597082734108,16.9803612977266,0,64.0744820684195,0,0,0.226407617330551,0,0,114.691798910499,139.71338365972,1.22439396381378,9.54729568213224,1.76537312567234,0.474381327629089,2.17308071255684,137.074089236557,798.306055225432,3421.79461682588,351.723777271807,86.2500516548753,4878.80375035852,92.4721260517836,1124.62903346121,0,2.4123420715332,23.393604055047,1.68670669198036,6.80961355566978,1380.45741180331,2781.32901886106,50.2895698696375,763.156371220946,264.632951855659,195.706142894924,0.409942090511322,1.89410676062107,7.96351496875286,50.8248341828585,174.907943546772,47.6145329624414,80.8550257608294,10.4311195909977,55.5384891480207,0,0.11246857047081,0.848335325717926,0,1.25225226581097,21.1018803566694,205.9922381863,3.66774991154671,4.64993068575859,39.3545180857182,9.26470659673214,0,11.309853553772,2635.9516799897,351.723777271807,2194.08592830598,781.519934564829,235.930152267218,7.51296965777874,1510.2436182797,0,0,1.05182781815529,0,1.90249599516392,893.729743584991,3653.60707399249,3.52668304741383,473.829000517726,25.6865927875042,8.59577164053917,0,0,73.3769517987967,53.2824390679598,1632.39468209445,53.9659058302641,37.6283152326941,0,351.15656837821,0,0,0,0,1.01291227340698,147.075449705124,607.2419411093,1.27161876857281,26.341809257865,5.69618697464466,3.1168210208416,329.698987856507,652.929598458111,6.49549525976181,86.2500516548753,781.519934564829,3637.33309347183,2889.97699296474,264.164494127035,788.036083735526,1.99557515978813,35.4740080833435,347.839147627354,22.8630942255259,1644.96777977049,6.14945274591446,2043.67310868204,410.823875099421,149.002664536238,1130.88595958054,363.471584998071,1.61329680681229,0.401351347565651,0.671477437019348,17.9579250067472,60.996879696846,146.301471486688,79.9134875983,0,16.1162801682949,0,0,0.220273688435555,0,6.86905401945114,2.86158521473408,169.834852933884,2.29517269134521,0.768566876649857,9.50737972557545,14.6239887923002,33.6324457228184,1671.36627787352,3241.93224097788,4878.80375035852,235.930152267218,2889.97699296474,19922.5834626779,109.57266870141,1197.74692986906,1.20094418525696,6.52746734023094,584.419420413673,25.8942170143127,1492.84799832851,268.679989904165,3284.73638905585,3908.64827191085,2227.29853509367,529.023257687688,4909.42140471935,0.172097384929657,1.30516397953033,4.38110585510731,51.5727524980903,54.7108014523983,150.480447456241,198.516430385411,3.2569078207016,82.6060263365507,0.190245538949966,0,4.87689930200577,0,23.4466571956873,8.62484520673752,254.957039371133,7.26577469706535,1.86307336390018,37.3248850703239,8.21845774352551,739.590536013246,2307.30715847015,83.9389254450798,92.4721260517836,7.51296965777874,264.164494127035,109.57266870141,6138.57381048799,1878.4372113049,0,4198.95390857756,43.0849966108799,12.8692686259747,42.5159874558449,5.19882333278656,94.9829158037901,26.2299563586712,346.183288559318,1456.36407330632,35.4724191427231,1.22362422943115,0,0,2.77771946787834,6.32225286960602,0.780967876315117,11.5472159385681,0,0,0,0,0,0,0,0,8.9538082331419,0,0,60.9498445093632,0,6.01564407348633,1514.64459966123,2398.07028123736,1124.62903346121,1510.2436182797,788.036083735526,1197.74692986906,1878.4372113049,9987.07597576082,0,432.86008939147,24.5862016603351,0.820298343896866,78.5336176455021,261.226932182908,1459.7602135092,104.717217713594,5252.88477457315,2550.06080932915,122.344142690301,0,0,15.8013175576925,66.0419574379921,940.36455026269,78.0038028210402,103.749318495393,45.5740733444691,810.656598374248,0,0,2.86498618125916,0.361829549074173,9.115942299366,24.6074824631214,224.210385106504,2.23957008123398,11.7750806510448,463.752735212445,19.8585653603077,1853.29652579129,1.34974771738052,0,0,0,1.99557515978813,1.20094418525696,0,0,1512.4310156405,14.0454865098,46.5566736459732,1682.16478566825,1228.31832954288,0,0,1037.17528942227,0,0,0,241.573342233896,0,0,0,0,0,0,0,0,811.2921859622,0,0,0,56.7228243350983,0,0,0,0,0,0,3642.43203391135,3145.80029505491,112.207636594772,2.4123420715332,0,35.4740080833435,6.52746734023094,4198.95390857756,432.86008939147,14.0454865098,5317.99623680115,137.971478909254,1009.88518859446,172.129914417863,0,0.266162753105164,31.1214337348938,412.223614573479,41.8768518269062,1.69318626821041,28.6272326111794,0,0,0,0,0,0,0.594123125076294,0,5.54784351587296,0,0,0,1.06359985470772,0,0,0,0,0,0,1501.62479035556,3825.22782969475,2.92619425058365,23.393604055047,1.05182781815529,347.839147627354,584.419420413673,43.0849966108799,24.5862016603351,46.5566736459732,137.971478909254,8914.69339731336,1410.51640056074,2925.50381915271,0.209559619426727,70.9038944169879,3498.70870813727,132.310015082359,7.14527724683285,2004.27539438009,18.974779009819,0,0,1.84723165631294,0.798214465379715,5.01017868518829,1.19807721674442,0,1.68750250339508,30.4023602604866,0,0,0,7.47753874957561,0,5.71021407842636,0,0,0.938767492771149,0.747738540172577,5190.7564855665,905.040601953864,0,1.68670669198036,0,22.8630942255259,25.8942170143127,12.8692686259747,0.820298343896866,1682.16478566825,1009.88518859446,1410.51640056074,7348.30632245541,912.90311652422,0,4.85522189736366,1004.83778429031,8.516671910882,0,8.66384517401457,281.766194313765,0,0,0,0,0,0,0,0,433.194746941328,0,0,0,37.1392062157393,0,1.07426882535219,0,0,0,0,1778.93597638607,747.711095884442,0.870295122265816,6.80961355566978,1.90249599516392,1644.96777977049,1492.84799832851,42.5159874558449,78.5336176455021,1228.31832954288,172.129914417863,2925.50381915271,912.90311652422,9959.14472903311,0,75.7783169969916,4763.127653189,32.9671832099557,77.9355676621199,142.24361602217,215.174051478505,0,0,1.09241998195648,0,2.90911577641964,7.1376529186964,0,1.07677808403969,353.290748223662,0,0,0,458.676748067141,0,1.16674133390188,0,0,0,0,0,2.01477262377739,11109.5436725467,1380.45741180331,893.729743584991,6.14945274591446,268.679989904165,5.19882333278656,261.226932182908,0,0,0.209559619426727,0,0,10341.1599663198,3563.21646173298,2.36988472938538,182.901992589235,3.58596678078175,8.39944231510162,0.992974638938904,0,48.6723842471838,28.429099842906,399.14332818985,0.619455486536026,11.4342626482248,1.00659960508347,63.6019433140755,0,0,0,0,0.779639720916748,127.392531841993,142.301191031933,1.82824194431305,11.1197437494993,1.66737979650497,0.200319185853004,3.50796151161194,167.952068641782,2224.57071673125,2781.32901886106,3653.60707399249,2043.67310868204,3284.73638905585,94.9829158037901,1459.7602135092,0,0.266162753105164,70.9038944169879,4.85522189736366,75.7783169969916,3563.21646173298,15049.1607695743,156.033902175725,771.27404101193,363.604518286884,175.959399461746,2.88556236028671,5.65430131554604,77.7000744789839,258.564890444279,1465.04549859464,443.47941891849,336.087387636304,12.0706827491522,262.492732986808,0.173953875899315,0.211400017142296,12.655253559351,1.20662124454975,24.5499656796455,228.151957243681,2240.85899817199,15.5194320008159,83.8358464539051,79.4485079348087,23.4260363206267,904.935077786446,413.105380363762,7.51104234158993,50.2895698696375,3.52668304741383,410.823875099421,3908.64827191085,26.2299563586712,104.717217713594,1037.17528942227,31.1214337348938,3498.70870813727,1004.83778429031,4763.127653189,2.36988472938538,156.033902175725,4320.45214861631,281.520653054118,26.0108149498701,1197.68795070797,31.7687517553568,0,0,0.232298299670219,0.881507277488708,14.529763892293,9.10599552094936,0,4.53109437227249,190.019797861576,0,0,0,124.653848826885,0,17.2291325926781,0,0,0,0,12.0489393472672,5524.24766615033,3763.13692629337,763.156371220946,473.829000517726,149.002664536238,2227.29853509367,346.183288559318,5252.88477457315,0,412.223614573479,132.310015082359,8.516671910882,32.9671832099557,182.901992589235,771.27404101193,281.520653054118,7717.25558829308,655.827283769846,662.855446487665,0,0,2.66592705249786,17.9313436150551,89.6489832699299,17.9980858266354,33.7735346853733,0,40.4983498752117,0,0,0,0,5.03261709213257,4.06932897865772,94.6257498413324,0.971502244472504,1.03475630283356,14.0457751750946,2.44881510734558,338.694080814719,115.402169361711,9.52139846980572,264.632951855659,25.6865927875042,1130.88595958054,529.023257687688,1456.36407330632,2550.06080932915,0,41.8768518269062,7.14527724683285,0,77.9355676621199,3.58596678078175,363.604518286884,26.0108149498701,655.827283769846,2194.570186764,26.0177576392889,0,0,4.49877446889877,23.3618886619806,7.19572058320045,742.068344324827,29.9718648195267,98.6858976185322,347.474466532469,0,0,2.74979066848755,0,2.72995382547379,0,76.4674015641212,2.5658962726593,0.597839534282684,3323.60495921969,5.08974060416222,17.8157375901937,4782.29591030627,66.9581627473235,195.706142894924,8.59577164053917,363.471584998071,4909.42140471935,35.4724191427231,122.344142690301,0,1.69318626821041,2004.27539438009,8.66384517401457,142.24361602217,8.39944231510162,175.959399461746,1197.68795070797,662.855446487665,26.0177576392889,6521.86217063665,0,0,0,2.23565678298473,2.01007060706615,11.1782387793064,21.2628871649504,0,14.3624486327171,0,0,0,0,4.72675904631615,0,18.7066865563393,0,0,2.96002009510994,0.534713238477707,2389.69275946915,0,0,0.409942090511322,0,1.61329680681229,0.172097384929657,1.22362422943115,0,241.573342233896,28.6272326111794,18.974779009819,281.766194313765,215.174051478505,0.992974638938904,2.88556236028671,31.7687517553568,0,0,0,15638.4048137963,462.38921020925,2.1939848959446,5.75364863872528,0,539.719130277634,148.821104049683,914.298500165343,19.3120551109314,3107.88647311926,2586.83679047227,1069.98483467102,5688.02507352829,4036.40605260432,0,22.1305107176304,377.921596899629,135.547332167625,117.143763810396,133.607390999794,0,0,0.569639474153519,1.89410676062107,0,0.401351347565651,1.30516397953033,0,0,0,0,0,0,0,0,5.65430131554604,0,0,0,0,462.38921020925,37198.0575494543,1365.84603890777,35.4870789125562,0.827343732118607,228.591595709324,1429.66235916317,4095.43670774996,1095.42628894746,1.09952391684055,3554.45386151224,2624.65913071483,423.661044344306,374.493312314153,7.07181286066771,62.2885338440537,431.371886409819,3462.24676180631,187.139511287212,3724.12948833406,0,0,41.8740967363119,7.96351496875286,73.3769517987967,0.671477437019348,4.38110585510731,0,15.8013175576925,0,0,0,0,0,48.6723842471838,77.7000744789839,0,2.66592705249786,4.49877446889877,0,2.1939848959446,1365.84603890777,12191.9418218881,382.174249686301,1812.07600577176,10.6023210138083,2671.53266341984,149.957461625338,3430.60799124837,0,25.2284855097532,7.8501590192318,0.454705029726028,5.26592688262463,10923.4111064076,1605.08888226002,11.875528216362,2611.40456102788,63.4523148834705,57.7573421150446,0,5.39382749795914,19.977073147893,50.8248341828585,53.2824390679598,17.9579250067472,51.5727524980903,2.77771946787834,66.0419574379921,0,0,1.84723165631294,0,1.09241998195648,28.429099842906,258.564890444279,0.232298299670219,17.9313436150551,23.3618886619806,2.23565678298473,5.75364863872528,35.4870789125562,382.174249686301,2718.28344666958,125.651125513017,68.4254406765103,2837.63384526968,188.545909032226,1462.45147325844,0,2.15229034423828,22.4020312875509,3.04770751297474,19.3021258562803,1118.18689712882,2332.39934204519,44.2661423534155,652.710640594363,507.294812768698,205.000321283937,0,3.50522136688232,347.360675558448,174.907943546772,1632.39468209445,60.996879696846,54.7108014523983,6.32225286960602,940.36455026269,0,0,0.798214465379715,0,0,399.14332818985,1465.04549859464,0.881507277488708,89.6489832699299,7.19572058320045,2.01007060706615,0,0.827343732118607,1812.07600577176,125.651125513017,3151.69688126445,791.433194935322,90.1739757955074,2.14785711467266,1219.04407098889,0,1.10736727714539,1.58543783426285,0,0.180951505899429,1528.91384353489,4150.20777701586,1.22384566068649,255.717928051949,20.4978677332401,4.10230101644993,0,9.29976598918438,1.9597082734108,47.6145329624414,53.9659058302641,146.301471486688,150.480447456241,0.780967876315117,78.0038028210402,0,0,5.01017868518829,0,2.90911577641964,0.619455486536026,443.47941891849,14.529763892293,17.9980858266354,742.068344324827,11.1782387793064,539.719130277634,228.591595709324,10.6023210138083,68.4254406765103,791.433194935322,3109.09332431853,2472.92298201472,540.241839751601,1306.87449151278,2.77588498592377,103.286725997925,124.24646024406,14.3266109824181,2236.60280049592,5.47453466057777,2092.35296987742,220.917404562235,160.57445332408,1039.63485999405,529.632380016148,0.353085547685623,16.2012551128864,16.9803612977266,80.8550257608294,37.6283152326941,79.9134875983,198.516430385411,11.5472159385681,103.749318495393,0,0,1.19807721674442,0,7.1376529186964,11.4342626482248,336.087387636304,9.10599552094936,33.7735346853733,29.9718648195267,21.2628871649504,148.821104049683,1429.66235916317,2671.53266341984,2837.63384526968,90.1739757955074,2472.92298201472,14319.5445460826,141.252565935254,1566.36509812623,6.50252105295658,28.5618148297071,596.93918555975,40.459692068398,2577.32338164747,614.588450521231,2761.81664862484,2960.56849683076,1495.65656650066,1111.31310084462,5606.57102987915,0.536936819553375,0,0,10.4311195909977,0,0,3.2569078207016,0,45.5740733444691,0,0.594123125076294,0,0,0,1.00659960508347,12.0706827491522,0,0,98.6858976185322,0,914.298500165343,4095.43670774996,149.957461625338,188.545909032226,2.14785711467266,540.241839751601,141.252565935254,6554.25108507276,2366.97446800768,0.435164779424667,3650.78373037279,16.9290877431631,50.7801075726748,43.7913131713867,23.4439872354269,96.166981190443,11.4220504909754,1255.63437056541,1511.06757884473,38.6741431951523,0,3.10148505866528,64.0744820684195,55.5384891480207,351.15656837821,16.1162801682949,82.6060263365507,0,810.656598374248,0,0,1.68750250339508,0,1.07677808403969,63.6019433140755,262.492732986808,4.53109437227249,40.4983498752117,347.474466532469,14.3624486327171,19.3120551109314,1095.42628894746,3430.60799124837,1462.45147325844,1219.04407098889,1306.87449151278,1566.36509812623,2366.97446800768,8019.6228608042,0,155.808502569795,55.0846992731094,6.41180342435837,92.565746113658,1200.5357991457,1772.86044584215,73.5065608769655,5983.63918533921,3663.06876839697,284.040889292955,615.001219391823,0,0,0,0,0,0.190245538949966,0,0,811.2921859622,5.54784351587296,30.4023602604866,433.194746941328,353.290748223662,0,0.173953875899315,190.019797861576,0,0,0,3107.88647311926,1.09952391684055,0,0,0,2.77588498592377,6.50252105295658,0.435164779424667,0,1664.82516159117,44.380936652422,23.3699429035187,814.030095234513,1898.58140304685,0,0.401049613952637,1151.53452427685,0.440944835543633,0,0.787904813885689,0.554293215274811,0,0,0.11246857047081,0,0,0,0,0,0,0,0,0,0,0,0.211400017142296,0,0,0,0,2586.83679047227,3554.45386151224,25.2284855097532,2.15229034423828,1.10736727714539,103.286725997925,28.5618148297071,3650.78373037279,155.808502569795,44.380936652422,3970.65805742145,241.330953143537,3055.32979501784,225.31232470274,0.309866964817047,5.96512075513601,38.7447083219886,226.105867415667,17.168388441205,48.4562520086765,0,0.96830952167511,0.226407617330551,0.848335325717926,0,0.220273688435555,4.87689930200577,0,2.86498618125916,0,0,0,0,0,0,12.655253559351,0,0,2.74979066848755,0,1069.98483467102,2624.65913071483,7.8501590192318,22.4020312875509,1.58543783426285,124.24646024406,596.93918555975,16.9290877431631,55.0846992731094,23.3699429035187,241.330953143537,11102.4350819886,2318.91006849706,1762.7335100621,2.07219856977463,54.2454634532332,3837.66359397769,194.727842107415,32.4583855569363,2227.82276403904,0,0,0,0,0,0,0,0,0.361829549074173,0,0,0,0,0,0,1.20662124454975,0,0,0,0,5688.02507352829,423.661044344306,0.454705029726028,3.04770751297474,0,14.3266109824181,40.459692068398,50.7801075726748,6.41180342435837,814.030095234513,3055.32979501784,2318.91006849706,5762.8175727576,1645.86706361175,0.503078818321228,5.79692369699478,569.181149333715,17.4769283682108,0,43.1706992536783,42.1724112778902,0.776816070079803,0,1.25225226581097,1.01291227340698,6.86905401945114,23.4466571956873,0,9.115942299366,56.7228243350983,1.06359985470772,7.47753874957561,37.1392062157393,458.676748067141,0.779639720916748,24.5499656796455,124.653848826885,5.03261709213257,2.72995382547379,4.72675904631615,4036.40605260432,374.493312314153,5.26592688262463,19.3021258562803,0.180951505899429,2236.60280049592,2577.32338164747,43.7913131713867,92.565746113658,1898.58140304685,225.31232470274,1762.7335100621,1645.86706361175,10281.6541732997,6.44420631229877,180.646406576037,4837.8346696198,159.748266488314,63.4847763031721,403.999430552125,0,0,114.691798910499,21.1018803566694,147.075449705124,2.86158521473408,8.62484520673752,0,24.6074824631214,0,0,0,0,0,127.392531841993,228.151957243681,0,4.06932897865772,0,0,0,7.07181286066771,10923.4111064076,1118.18689712882,1528.91384353489,5.47453466057777,614.588450521231,23.4439872354269,1200.5357991457,0,0.309866964817047,2.07219856977463,0.503078818321228,6.44420631229877,10798.0033506602,5354.18501183391,6.5500076264143,821.1160672158,79.1044717878103,28.5139068514109,0.246799051761627,20.3360526487231,139.71338365972,205.9922381863,607.2419411093,169.834852933884,254.957039371133,8.9538082331419,224.210385106504,0,0,5.71021407842636,1.07426882535219,1.16674133390188,142.301191031933,2240.85899817199,17.2291325926781,94.6257498413324,76.4674015641212,18.7066865563393,22.1305107176304,62.2885338440537,1605.08888226002,2332.39934204519,4150.20777701586,2092.35296987742,2761.81664862484,96.166981190443,1772.86044584215,0.401049613952637,5.96512075513601,54.2454634532332,5.79692369699478,180.646406576037,5354.18501183391,17816.1469330788,102.398185990751,700.594092279673,514.532393820584,141.677625894547,0,0,1.22439396381378,3.66774991154671,1.27161876857281,2.29517269134521,7.26577469706535,0,2.23957008123398,0,0,0,0,0,1.82824194431305,15.5194320008159,0,0.971502244472504,2.5658962726593,0,377.921596899629,431.371886409819,11.875528216362,44.2661423534155,1.22384566068649,220.917404562235,2960.56849683076,11.4220504909754,73.5065608769655,1151.53452427685,38.7447083219886,3837.66359397769,569.181149333715,4837.8346696198,6.5500076264143,102.398185990751,5430.33068026602,123.727560460567,56.9610098898411,1144.05945700407,0,0,9.54729568213224,4.64993068575859,26.341809257865,0.768566876649857,1.86307336390018,0,11.7750806510448,0,0,0,0,0,11.1197437494993,83.8358464539051,0,1.03475630283356,0.597839534282684,0,135.547332167625,3462.24676180631,2611.40456102788,652.710640594363,255.717928051949,160.57445332408,1495.65656650066,1255.63437056541,5983.63918533921,0.440944835543633,226.105867415667,194.727842107415,17.4769283682108,159.748266488314,821.1160672158,700.594092279673,123.727560460567,4733.09908360243,1111.35905762017,685.197227269411,0,1.12911212444305,1.76537312567234,39.3545180857182,5.69618697464466,9.50737972557545,37.3248850703239,60.9498445093632,463.752735212445,0,0,0.938767492771149,0,0,1.66737979650497,79.4485079348087,0,14.0457751750946,3323.60495921969,2.96002009510994,117.143763810396,187.139511287212,63.4523148834705,507.294812768698,20.4978677332401,1039.63485999405,1111.31310084462,1511.06757884473,3663.06876839697,0,17.168388441205,32.4583855569363,0,63.4847763031721,79.1044717878103,514.532393820584,56.9610098898411,1111.35905762017,2078.33525255322,189.782792568207,0,0.935431480407715,0.474381327629089,9.26470659673214,3.1168210208416,14.6239887923002,8.21845774352551,0,19.8585653603077,0,0,0.747738540172577,0,0,0.200319185853004,23.4260363206267,0,2.44881510734558,5.08974060416222,0.534713238477707,133.607390999794,3724.12948833406,57.7573421150446,205.000321283937,4.10230101644993,529.632380016148,5606.57102987915,38.6741431951523,284.040889292955,0.787904813885689,48.4562520086765,2227.82276403904,43.1706992536783,403.999430552125,28.5139068514109,141.677625894547,1144.05945700407,685.197227269411,189.782792568207,5781.65721449256
