8802.52387712896,317.850447714329,0,3.79155437648296,0,303.885134533048,126.439266040921,1014.57029514015,9.46513487398624,2611.53642100096,3067.13222655654,223.223343640566,6623.41180470586,2477.68174108863,0,4.45524421334267,1392.43265295029,35.4886726588011,49.7672688663006,62.1693555265665,1174.69590330124,0,0,0,0,0.267276406288147,0,0,0,402.907192409039,0,0,0.977915287017822,7.96108263731003,0,0.687371328473091,0,0,0,0,317.850447714329,43004.6915862188,797.748938277364,183.188713356853,15.756785094738,446.844584099948,2855.06291225553,3292.31437650323,1174.50582872331,3.74969047307968,4935.01006256044,3488.83354471624,965.109969578683,580.828336834908,24.4494533836842,150.751575596631,1037.79976177961,3207.49049657583,370.937651157379,2939.16390851885,1.36451721191406,1.67725050449371,1.00963461399078,0.443569213151932,0.558826819062233,13.3681913018227,15.3725770413876,0,5.107262134552,0.402226567268372,0,0,1.76351809501648,0,0,31.7708698064089,0,0,1.45939001441002,0,0,797.748938277364,17414.151294142,1008.49194648862,3235.19972838461,21.8291830569506,2363.68740598857,380.372313544154,4709.62053096294,0,32.6486679166555,4.09386453032494,0,1.65895740687847,13434.6821418256,2962.86501879245,20.65691036731,3062.13448898494,56.6989217549562,26.111295953393,0,0,36.7851284444332,30.0199345350266,233.457683861256,4.5833628475666,8.30322876572609,0.251389712095261,193.486754894257,0,0,0,0,0,3.4321217238903,112.755222856998,0,2.48266640305519,3.83431321382523,1.22010672092438,3.79155437648296,183.188713356853,1008.49194648862,2465.65936082602,548.620682612062,86.3176420032978,4985.8593242988,132.972533732653,972.251929625869,0,15.3328767716885,7.88839440047741,3.60887625813484,21.6395322531462,2617.84641301632,2443.19173559546,83.259164467454,523.685490757227,161.927951529622,77.0845789536834,0,4.88617916405201,16.0844883918762,53.4820292294025,95.37032943964,39.5601314306259,39.4931323975325,6.13401547819376,67.730041898787,0,0.490384161472321,0.139796867966652,0.744872570037842,0.420813649892807,5.9292159229517,411.57605715096,1.45366705954075,8.51757937669754,16.5723200514913,3.11544522643089,0,15.756785094738,3235.19972838461,548.620682612062,2123.55898301303,1412.01715400815,173.79867811501,10.0173065960407,2375.40588650107,0,0.215367466211319,0.233002230525017,0.367834091186523,0,635.283648967743,3799.6169943139,5.13881103694439,546.339293718338,58.1307502090931,4.47630852460861,0,7.18983951210976,38.0884580165148,72.7040951699018,1349.10358077288,73.1256434172392,53.539634168148,14.9233850687742,913.495454400778,0,0.411777555942535,1.81952175498009,0,3.09577807784081,2.45060242712498,348.577021062374,4.04790408909321,9.46452012658119,12.771582365036,4.61911833286285,303.885134533048,446.844584099948,21.8291830569506,86.3176420032978,1412.01715400815,4107.25033476949,3030.0353943333,715.906917080283,925.685507073998,1.00053103268147,62.2418347746134,92.6547695249319,49.5833357051015,2000.79192315042,7.74816736578941,2043.52316427976,355.349024564028,114.360185086727,586.877648770809,259.013259649277,1.86484491825104,0.48163890838623,0,7.70837664604187,28.0046809762716,177.63895791769,54.7175596505404,0.775161951780319,12.4659926891327,0,0,0,0,8.62496747076511,0,245.623804688454,0,0,10.1290326416492,1.25968790054321,126.439266040921,2855.06291225553,2363.68740598857,4985.8593242988,173.79867811501,3030.0353943333,17339.5122460574,492.574528522789,3082.96072662622,0,130.026639856398,227.728762954473,66.7320480570197,1455.52912352234,304.47875136137,2713.4481093958,2302.99645391852,1298.66789374501,1354.41974470764,4261.55345579237,4.39279097318649,12.2551350519061,6.1675912886858,32.3927399814129,44.7780878841877,514.887969732285,399.80695939064,12.6760151535273,65.9570968449116,0,1.08327606320381,5.50205786526203,4.66373455524445,49.542605727911,1.11616656184196,532.846758380532,24.9766475856304,9.81260980665684,30.0763268023729,30.5739421471953,1014.57029514015,3292.31437650323,380.372313544154,132.972533732653,10.0173065960407,715.906917080283,492.574528522789,5331.7758295238,3576.63078026474,0,3153.47825810313,9.63563305139542,14.5064388513565,41.561595916748,11.5016552060843,170.139791309834,28.8976023942232,2129.27710057795,1634.57474558055,56.7228812277317,4.63955265283585,0.77226123213768,0,0.525956228375435,1.26267147064209,58.7552037239075,8.26939986646175,44.9410849809647,1.91215442121029,0,0.670672178268433,0,0,4.58362299203873,0,18.0771987885237,0,0.840699732303619,239.202469259501,0,9.46513487398624,1174.50582872331,4709.62053096294,972.251929625869,2375.40588650107,925.685507073998,3082.96072662622,3576.63078026474,8154.34872110188,0,353.01459351182,23.669181779027,4.0484810769558,52.0639331489801,737.342832237482,1746.01844263822,183.519407346845,5607.7540307641,4954.09638281167,313.76666906476,0.374772310256958,6.72835879027843,123.572943419218,141.338482946157,1148.81674392521,317.470050036907,238.009733170271,30.6931878775358,2524.38785639405,0,1.11680188775063,4.24187456071377,0.20166389644146,13.4892585426569,18.4051314890385,637.001443363726,4.80227695405483,28.8544213473797,281.540283501148,15.6624477952719,2611.53642100096,3.74969047307968,0,0,0,1.00053103268147,0,0,0,1200.13377025723,42.2655521035194,72.0980069935322,704.671305298805,1045.3447560817,0,0,847.616886109114,0,0,1.14347904920578,47.1662517488003,0,0,0,0,0,0,0,0,311.565148770809,0,0,30.4846928715706,6.53664433956146,0,0,1.03524148464203,0,0,0,3067.13222655654,4935.01006256044,32.6486679166555,15.3328767716885,0.215367466211319,62.2418347746134,130.026639856398,3153.47825810313,353.01459351182,42.2655521035194,4883.4070084691,250.549140483141,2633.66877327859,234.799449563026,1.12687167525291,12.096120223403,173.927267067134,1134.75911566615,104.151907891035,66.1592677980661,43.7413640618324,0,0,0,0,2.0431821346283,2.11450691521168,0,0,5.74167281389236,0,0,0,0,0,0.534701958298683,0,0,0,0,223.223343640566,3488.83354471624,4.09386453032494,7.88839440047741,0.233002230525017,92.6547695249319,227.728762954473,9.63563305139542,23.669181779027,72.0980069935322,250.549140483141,8751.98154477775,1360.79722562432,731.884069904685,1.32663464546204,10.0574834942818,2754.79651427269,26.8024888932705,14.8114133775234,1763.57895746827,1.70638078451157,0,0,0,0,6.16200071573257,1.10555599629879,0,0,8.75293898582458,0,0,0,0,0,0.633813172578812,0,0,0,0,6623.41180470586,965.109969578683,0,3.60887625813484,0.367834091186523,49.5833357051015,66.7320480570197,14.5064388513565,4.0484810769558,704.671305298805,2633.66877327859,1360.79722562432,5883.63976213336,1272.72081270069,0,8.96127867698669,1301.1378461048,7.91579619050026,4.69748640060425,37.8300310522318,89.1265231966972,0,0,0,0,0,1.19082057476044,0,0,64.17235699296,0,0,0.432663232088089,4.58260262012482,0,0,0,0,0,0,2477.68174108863,580.828336834908,1.65895740687847,21.6395322531462,0,2000.79192315042,1455.52912352234,41.561595916748,52.0639331489801,1045.3447560817,234.799449563026,731.884069904685,1272.72081270069,9550.10071752965,0,36.6780055761337,5066.60960008204,28.8978537917137,99.302143022418,282.148229502141,68.9230120480061,0,0,0,0,17.2098926901817,12.7087823301554,0,0,218.953492805362,0,0,0,121.320887088776,0,5.97164796292782,0,0,0,0,0,24.4494533836842,13434.6821418256,2617.84641301632,635.283648967743,7.74816736578941,304.47875136137,11.5016552060843,737.342832237482,0,1.12687167525291,1.32663464546204,0,0,11276.6500682682,6083.80270179361,8.04755099117756,373.124474778771,15.6599235832691,8.31888043880463,0,0,2.6906658411026,4.25544168055058,3.04370284080505,0.278619229793549,0.932621538639069,0,12.450447589159,0,0,0,0,1.4005012512207,1.6561666727066,37.7170399129391,0,0,0,0,4.45524421334267,150.751575596631,2962.86501879245,2443.19173559546,3799.6169943139,2043.52316427976,2713.4481093958,170.139791309834,1746.01844263822,0,12.096120223403,10.0574834942818,8.96127867698669,36.6780055761337,6083.80270179361,17926.8603757769,84.9962334558368,731.825283274055,263.303309366107,64.0576032474637,0.293940246105194,8.3730820119381,23.8637037873268,99.0007311403751,365.424608968198,604.963236041367,177.245609954,17.7516427636147,120.863463960588,0,2.06539466977119,2.99662294983864,2.47424042224884,10.3113394677639,9.1809911429882,1559.76800227165,10.3838522285223,9.49111139774323,45.2548112422228,7.21601235866547,1392.43265295029,1037.79976177961,20.65691036731,83.259164467454,5.13881103694439,355.349024564028,2302.99645391852,28.8976023942232,183.519407346845,847.616886109114,173.927267067134,2754.79651427269,1301.1378461048,5066.60960008204,8.04755099117756,84.9962334558368,7453.13680921495,73.223086476326,141.579428464174,1312.25107431412,24.5096946954727,0,0,1.03334093093872,0.830548107624054,15.9601903408766,21.3702257424593,2.4715838432312,0.964433610439301,38.9144882261753,1.52272188663483,0,0,1.66868913173676,0,14.3537467122078,0,0,6.170385658741,1.50087881088257,35.4886726588011,3207.49049657583,3062.13448898494,523.685490757227,546.339293718338,114.360185086727,1298.66789374501,2129.27710057795,5607.7540307641,0,1134.75911566615,26.8024888932705,7.91579619050026,28.8978537917137,373.124474778771,731.825283274055,73.223086476326,5224.60925222933,510.454797238111,97.4991867095232,0,2.40647166967392,3.3778982758522,14.5781774520874,5.41006149351597,31.4156491309404,30.9067542850971,0,21.3905677050352,0,0,0.23407393693924,0,0,1.66162967681885,96.1007947921753,5.42347145080566,0,4.62485802173615,0,49.7672688663006,370.937651157379,56.6989217549562,161.927951529622,58.1307502090931,586.877648770809,1354.41974470764,1634.57474558055,4954.09638281167,0,104.151907891035,14.8114133775234,4.69748640060425,99.302143022418,15.6599235832691,263.303309366107,141.579428464174,510.454797238111,2729.61265587807,162.883247435093,7.29656976461411,59.1701889336109,6.40105292201042,23.2456422895193,26.8637742698193,655.928469151258,709.838988155127,377.995318934321,496.469697341323,0,6.36174024641514,31.2080086320639,6.11056816577911,38.5824365019798,0.370650976896286,352.661672987044,54.8961119353771,46.318864017725,6522.95727519691,211.863914638758,62.1693555265665,2939.16390851885,26.111295953393,77.0845789536834,4.47630852460861,259.013259649277,4261.55345579237,56.7228812277317,313.76666906476,1.14347904920578,66.1592677980661,1763.57895746827,37.8300310522318,282.148229502141,8.31888043880463,64.0576032474637,1312.25107431412,97.4991867095232,162.883247435093,5287.49118764699,0,0.157724946737289,0,0,0.565621092915535,27.2912548035383,30.5285885110497,0,0,0,0,0,0,1.53860056400299,0,21.9046618491411,0,0,2.14612805843353,0.186807483434677,1174.69590330124,1.36451721191406,0,0,0,1.86484491825104,4.39279097318649,4.63955265283585,0.374772310256958,47.1662517488003,43.7413640618324,1.70638078451157,89.1265231966972,68.9230120480061,0,0.293940246105194,24.5096946954727,0,7.29656976461411,0,12497.8251502216,230.752275049686,0.389513060450554,2.06902575492859,0,684.845967486501,137.250010535121,791.795201033354,8.00430175662041,3811.92957006395,3442.63864918053,495.36203891784,7027.79453378916,3300.0040256232,0,5.61359767615795,379.507045537233,11.5819201171398,29.7208570688963,20.6674596816301,0,1.67725050449371,0,4.88617916405201,7.18983951210976,0.48163890838623,12.2551350519061,0.77226123213768,6.72835879027843,0,0,0,0,0,0,8.3730820119381,0,2.40647166967392,59.1701889336109,0.157724946737289,230.752275049686,36587.5842255577,436.657462969422,105.458182826638,22.1606308221817,302.155313231051,1793.12130665779,4285.29812674224,1608.32155099511,2.79615460336208,4757.73074023426,2499.34734600037,601.012337908149,408.005129903555,18.0258917063475,225.050234660506,784.465020671487,3730.65124874562,401.082818813622,2468.2674767524,0,1.00963461399078,36.7851284444332,16.0844883918762,38.0884580165148,0,6.1675912886858,0,123.572943419218,0,0,0,0,0,2.6906658411026,23.8637037873268,0,3.3778982758522,6.40105292201042,0,0.389513060450554,436.657462969422,20226.1966938749,819.148252874613,2262.82133056223,3.37492081522942,4267.44873571396,197.349239051342,5113.38921639323,0,6.78762926161289,8.05113951861858,0.288266003131866,1.43990549445152,12628.4793534279,3008.44311214238,13.7137933522463,3369.87467721105,77.6598588079214,101.947470217943,0,0.443569213151932,30.0199345350266,53.4820292294025,72.7040951699018,7.70837664604187,32.3927399814129,0.525956228375435,141.338482946157,0,0,0,0,0,4.25544168055058,99.0007311403751,1.03334093093872,14.5781774520874,23.2456422895193,0,2.06902575492859,105.458182826638,819.148252874613,2677.75790084898,618.054873928428,22.9522591680288,3417.78314901888,74.8510199189186,1015.95751937479,0,9.01909528672695,19.5531955808401,2.45254436135292,9.7684179097414,1407.7642749846,2659.32862394303,72.4634569138288,385.874586284161,116.617243140936,323.59152635932,0,0.558826819062233,233.457683861256,95.37032943964,1349.10358077288,28.0046809762716,44.7780878841877,1.26267147064209,1148.81674392521,0,0,0,0,0,3.04370284080505,365.424608968198,0.830548107624054,5.41006149351597,26.8637742698193,0.565621092915535,0,22.1606308221817,2262.82133056223,618.054873928428,3140.80535311997,1464.99098861217,307.385368227959,16.5545195639133,3933.88824525476,0,2.65442079305649,7.03510330617428,0.476783141493797,6.52716451883316,477.846209570765,4672.37981306016,10.1943892240524,317.633534491062,157.682877153158,49.5280023217201,0.267276406288147,13.3681913018227,4.5833628475666,39.5601314306259,73.1256434172392,177.63895791769,514.887969732285,58.7552037239075,317.470050036907,0,2.0431821346283,6.16200071573257,0,17.2098926901817,0.278619229793549,604.963236041367,15.9601903408766,31.4156491309404,655.928469151258,27.2912548035383,684.845967486501,302.155313231051,3.37492081522942,22.9522591680288,1464.99098861217,4697.43632617593,1732.83331242204,1163.29640908539,325.211812406778,19.7313062697649,307.122002318501,193.288366153836,285.18859231472,3408.7961435616,4.06439146399498,1180.49163384736,385.967186644673,70.1013575941324,1093.1500402391,218.330065011978,0,15.3725770413876,8.30322876572609,39.4931323975325,53.539634168148,54.7175596505404,399.80695939064,8.26939986646175,238.009733170271,0,2.11450691521168,1.10555599629879,1.19082057476044,12.7087823301554,0.932621538639069,177.245609954,21.3702257424593,30.9067542850971,709.838988155127,30.5285885110497,137.250010535121,1793.12130665779,4267.44873571396,3417.78314901888,307.385368227959,1732.83331242204,13877.6113143489,650.563335299492,2835.01441384852,0.770051091909409,121.598128505051,510.063909374177,145.656991124153,1833.77689810842,670.262955263257,2954.88775587082,3289.74686932564,1570.82369147241,1306.90514498204,5890.49051288515,0,0,0.251389712095261,6.13401547819376,14.9233850687742,0.775161951780319,12.6760151535273,44.9410849809647,30.6931878775358,0,0,0,0,0,0,17.7516427636147,2.4715838432312,0,377.995318934321,0,791.795201033354,4285.29812674224,197.349239051342,74.8510199189186,16.5545195639133,1163.29640908539,650.563335299492,8704.26237222552,3585.79427726567,2.85336324572563,4746.77665156126,23.8098081499338,59.2828239947557,281.657437622547,3.47548422217369,292.959607630968,104.415063932538,924.903924942017,3049.28317540884,176.950957030058,0,5.107262134552,193.486754894257,67.730041898787,913.495454400778,12.4659926891327,65.9570968449116,1.91215442121029,2524.38785639405,0,0,0,0,0,12.450447589159,120.863463960588,0.964433610439301,21.3905677050352,496.469697341323,0,8.00430175662041,1608.32155099511,5113.38921639323,1015.95751937479,3933.88824525476,325.211812406778,2835.01441384852,3585.79427726567,9348.74892733246,0,495.445695161819,58.0945974215865,10.7788394093513,50.2124237418175,602.596236735582,2174.87269836664,140.523378118873,4615.76217537373,5778.88289800286,705.167915716767,402.907192409039,0.402226567268372,0,0,0,0,0,0,0,311.565148770809,5.74167281389236,8.75293898582458,64.17235699296,218.953492805362,0,0,38.9144882261753,0,0,0,3811.92957006395,2.79615460336208,0,0,0,19.7313062697649,0.770051091909409,2.85336324572563,0,1798.04812255502,99.3069925606251,19.1344922035933,1040.12503142655,945.495422527194,0,0,483.65576389432,0,0,1.34009754657745,0,0,0,0.490384161472321,0.411777555942535,0,1.08327606320381,0.670672178268433,1.11680188775063,0,0,0,0,0,0,2.06539466977119,1.52272188663483,0,6.36174024641514,0,3442.63864918053,4757.73074023426,6.78762926161289,9.01909528672695,2.65442079305649,307.122002318501,121.598128505051,4746.77665156126,495.445695161819,99.3069925606251,5151.81302790344,119.680903270841,2171.98114550114,214.643746897578,3.73355233669281,23.5256402343512,77.1481251418591,290.368677794933,44.0593984350562,43.3687742948532,0,0,0,0.139796867966652,1.81952175498009,0,5.50205786526203,0,4.24187456071377,0,0,0,0,0,0,2.99662294983864,0,0.23407393693924,31.2080086320639,0,495.36203891784,2499.34734600037,8.05113951861858,19.5531955808401,7.03510330617428,193.288366153836,510.063909374177,23.8098081499338,58.0945974215865,19.1344922035933,119.680903270841,8625.27156063914,1711.02393005788,562.408052384853,2.00312745571136,43.362747348845,3199.10923352838,96.0876521766186,42.067600145936,1360.83608973026,0.977915287017822,1.76351809501648,0,0.744872570037842,0,0,4.66373455524445,0,0.20166389644146,30.4846928715706,0,0,0.432663232088089,0,0,2.47424042224884,0,0,6.11056816577911,0,7027.79453378916,601.012337908149,0.288266003131866,2.45254436135292,0.476783141493797,285.18859231472,145.656991124153,59.2828239947557,10.7788394093513,1040.12503142655,2171.98114550114,1711.02393005788,5192.72692027688,2062.43182913959,0,12.6643140614033,1152.17667981237,25.8135145306587,10.1911858022213,43.782596424222,7.96108263731003,0,0,0.420813649892807,3.09577807784081,8.62496747076511,49.542605727911,4.58362299203873,13.4892585426569,6.53664433956146,0,0,4.58260262012482,121.320887088776,1.4005012512207,10.3113394677639,1.66868913173676,0,38.5824365019798,1.53860056400299,3300.0040256232,408.005129903555,1.43990549445152,9.7684179097414,6.52716451883316,3408.7961435616,1833.77689810842,281.657437622547,50.2124237418175,945.495422527194,214.643746897578,562.408052384853,2062.43182913959,12463.6595219225,2.02701014280319,60.1740631610155,4935.81496053934,50.6917925029993,156.135437145829,128.577687755227,0,0,3.4321217238903,5.9292159229517,2.45060242712498,0,1.11616656184196,0,18.4051314890385,0,0,0,0,0,1.6561666727066,9.1809911429882,0,1.66162967681885,0.370650976896286,0,0,18.0258917063475,12628.4793534279,1407.7642749846,477.846209570765,4.06439146399498,670.262955263257,3.47548422217369,602.596236735582,0,3.73355233669281,2.00312745571136,0,2.02701014280319,14149.2916331887,6207.79893172532,8.92771741002798,381.763696596026,10.4521057605743,33.8099831342697,0.687371328473091,31.7708698064089,112.755222856998,411.57605715096,348.577021062374,245.623804688454,532.846758380532,18.0771987885237,637.001443363726,0,0.534701958298683,0.633813172578812,0,5.97164796292782,37.7170399129391,1559.76800227165,14.3537467122078,96.1007947921753,352.661672987044,21.9046618491411,5.61359767615795,225.050234660506,3008.44311214238,2659.32862394303,4672.37981306016,1180.49163384736,2954.88775587082,292.959607630968,2174.87269836664,0,23.5256402343512,43.362747348845,12.6643140614033,60.1740631610155,6207.79893172532,17685.0435217246,138.448501087725,607.974503464997,493.654850192368,244.091875106096,0,0,0,1.45366705954075,4.04790408909321,0,24.9766475856304,0,4.80227695405483,1.03524148464203,0,0,0,0,0,10.3838522285223,0,5.42347145080566,54.8961119353771,0,379.507045537233,784.465020671487,13.7137933522463,72.4634569138288,10.1943892240524,385.967186644673,3289.74686932564,104.415063932538,140.523378118873,483.65576389432,77.1481251418591,3199.10923352838,1152.17667981237,4935.81496053934,8.92771741002798,138.448501087725,5945.39003217965,72.143032297492,180.550737857819,400.681257367134,0,0,2.48266640305519,8.51757937669754,9.46452012658119,0,9.81260980665684,0.840699732303619,28.8544213473797,0,0,0,0,0,0,9.49111139774323,0,0,46.318864017725,0,11.5819201171398,3730.65124874562,3369.87467721105,385.874586284161,317.633534491062,70.1013575941324,1570.82369147241,924.903924942017,4615.76217537373,0,290.368677794933,96.0876521766186,25.8135145306587,50.6917925029993,381.763696596026,607.974503464997,72.143032297492,2977.49839312583,320.483229324222,382.749589547515,0,1.45939001441002,3.83431321382523,16.5723200514913,12.771582365036,10.1290326416492,30.0763268023729,239.202469259501,281.540283501148,0,0,0,0,0,0,45.2548112422228,6.170385658741,4.62485802173615,6522.95727519691,2.14612805843353,29.7208570688963,401.082818813622,77.6598588079214,116.617243140936,157.682877153158,1093.1500402391,1306.90514498204,3049.28317540884,5778.88289800286,0,44.0593984350562,42.067600145936,10.1911858022213,156.135437145829,10.4521057605743,493.654850192368,180.550737857819,320.483229324222,2888.68323355168,308.817547261715,0,0,1.22010672092438,3.11544522643089,4.61911833286285,1.25968790054321,30.5739421471953,0,15.6624477952719,0,0,0,0,0,0,7.21601235866547,1.50087881088257,0,211.863914638758,0.186807483434677,20.6674596816301,2468.2674767524,101.947470217943,323.59152635932,49.5280023217201,218.330065011978,5890.49051288515,176.950957030058,705.167915716767,1.34009754657745,43.3687742948532,1360.83608973026,43.782596424222,128.577687755227,33.8099831342697,244.091875106096,400.681257367134,382.749589547515,308.817547261715,3350.99037940055
