8726.0763707459,832.671456545591,0.592842027544975,7.58649984002113,0,447.252129346132,69.765989497304,1340.42586021125,36.1083232164383,1477.05960904062,2931.03903259337,1050.91971497238,9008.70756106079,2155.24067042768,1.35576854646206,27.1046742498875,521.653124645352,32.6993174850941,166.222553938627,76.1261764019728,2046.62032648921,0,0,0,0,16.0414468944073,0.957787483930588,5.28121918439865,2.13881683349609,725.016555517912,2.79316997528076,0,7.72068837285042,33.6053531467915,0,1.52451051771641,0,0,0,0,832.671456545591,32993.4480506703,337.336225345731,74.4909961223602,37.9039729088545,291.865763947368,1893.66991443932,3671.76395443827,1517.84375087917,1.03269159793854,4273.16773210466,2161.78932771087,436.322738304734,577.436474971473,18.0237009227276,373.578821741045,512.3782120049,4850.7666028142,263.18327037245,3430.03081151098,1.88451009243727,0,0.229518130421638,1.53164210915565,0.355907917022705,20.052444063127,27.3884924203157,3.15095567703247,0.574741303920746,0,0,0,0,29.3805600255728,0.570156805217266,45.2904017865658,0,0.388374209403992,2.48242139816284,0,0.592842027544975,337.336225345731,13711.5302595645,875.569759994745,2074.51128705591,15.5078135281801,2093.972795479,167.371574647725,6302.98238035291,0,118.251266941428,2.29292026162148,0,1.72123517096043,7350.76634185016,2865.9946475178,5.05027075111866,2033.76527474821,28.3774079233408,118.127105399966,0,0,200.236442625523,6.3839173167944,129.719234928489,3.91903999447823,3.76684600114822,0,67.7198602408171,0,0,0,0,0,15.1484255194664,238.16080366075,0,1.55622720718384,3.99658572673798,0,7.58649984002113,74.4909961223602,875.569759994745,1820.41015094519,260.52244514972,176.69484809041,3178.67071223259,70.8126384019852,1108.57346119732,0,0.640115857124329,22.6862121522427,1.05225633084774,37.4703800976276,1516.24708983302,1308.33703831583,26.7898202687502,134.360375106335,178.284320607781,120.413729310036,0,0.815589547157288,10.2041663974524,50.7787512987852,50.2251548916101,58.0870162546635,17.002761349082,3.4379840940237,28.328914269805,0,0,0.368461027741432,0,1.23102018237114,13.2931494265795,311.505227304995,0.879810512065887,0,13.9461311101913,0,0,37.9039729088545,2074.51128705591,260.52244514972,3043.78387179971,720.252932161093,262.327038116753,13.753528252244,3356.14088195562,0,0,0.610037326812744,0,1.90323039889336,1155.51862788945,3717.69326746464,5.33251422643661,173.313550442457,17.604316547513,31.1143901795149,0,1.00994145870209,255.355608716607,51.3858430832624,1754.07717102766,70.2937351763248,12.4092411249876,4.28045260906219,379.555283308029,0,0,0,0,0.337488353252411,99.8312558978796,1054.44729355723,0,7.16309781372547,1.4799861907959,0.797254621982574,447.252129346132,291.865763947368,15.5078135281801,176.69484809041,720.252932161093,2612.39424736798,2159.74979174137,767.293229743838,571.876179926097,4.69355136156082,22.7131875306368,176.02367927134,22.9299586266279,1445.45694237947,12.5276064127684,2805.15246459842,493.860380709171,122.082036703825,529.769387722015,307.216232359409,0.20330111682415,1.15309605002403,4.05125169456005,28.8263594210148,214.313876852393,762.157468535006,168.707694858313,6.48356540501118,58.4176178500056,0,0,4.81090152263641,0,63.9833097830415,2.82981807738543,834.227088361979,1.1243077814579,2.38673730194569,49.5177956819534,10.0953363776207,69.765989497304,1893.66991443932,2093.972795479,3178.67071223259,262.327038116753,2159.74979174137,18265.312016286,290.493451163173,2573.1753019467,1.11249220371246,8.97738321125507,486.693827614188,21.6419997215271,1257.01321977377,237.207611501217,3345.42774894834,4683.69023481011,1392.3412861526,950.189682140946,4428.34013678133,0.225642889738083,0.68498021364212,11.7039302885532,35.7985584139824,16.1930305212736,217.848138809204,842.834614664316,6.44564779102802,28.4229746833444,0,0,2.11091402173042,0,42.3772914409637,3.84838612377644,599.871873430908,3.07698076963425,4.13960757851601,16.6290526986122,7.16742712259293,1340.42586021125,3671.76395443827,167.371574647725,70.8126384019852,13.753528252244,767.293229743838,290.493451163173,5707.95641975105,2410.47600866854,0,1737.65557025373,122.076566830277,35.703800290823,269.731979355216,4.68724831938744,185.895679429173,28.5690453797579,843.888894930482,1361.34130811691,125.826564781368,6.82648009061813,0,0.568307220935822,1.66584068536758,0.545945703983307,44.9341619610786,5.13978815078735,54.473317027092,10.828399091959,0,0,0,0,1.2782194018364,0,25.7792828008533,0,0,156.039769902825,0,36.1083232164383,1517.84375087917,6302.98238035291,1108.57346119732,3356.14088195562,571.876179926097,2573.1753019467,2410.47600866854,8333.50625235587,0,314.093216136098,149.107891157269,11.2757358625531,47.4989711344242,420.867896959186,2499.25693075359,97.8379041850567,4668.66495867074,4402.5908112973,495.303479224443,0,0.965028345584869,212.62570142746,35.9287370443344,1360.08541353047,261.081495761871,46.25365434587,23.9353669136763,903.343720316887,0,0,1.38534712791443,0,1.64167627692223,97.5336961597204,438.488107144833,1.55475851893425,6.91249978542328,389.670999407768,7.74511161446571,1477.05960904062,1.03269159793854,0,0,0,4.69355136156082,1.11249220371246,0,0,1393.3706677258,8.85406720638275,197.426952719688,1827.43270727992,1187.36633965373,0,0.680957600474358,2528.87260752916,0,0,0,204.523409098387,0,0,0,0,2.64797204732895,0,0,0,1113.38515727222,0,0,9.83569139242172,13.0302917361259,0,0,0,0,0,0,2931.03903259337,4273.16773210466,118.251266941428,0.640115857124329,0,22.7131875306368,8.97738321125507,1737.65557025373,314.093216136098,8.85406720638275,5967.48538911343,239.609502151608,3105.81080573797,362.629557460546,0,3.23518557101488,70.9153604060411,722.205179691315,16.3483653068542,45.7860934734344,22.1493464708328,1.57615220546722,0,0,0,1.22631779313087,0,0.974699676036835,0.8239825963974,0,0,0,0,3.48668526113033,0,1.50800721347332,0,0,2.29025626182556,0,1050.91971497238,2161.78932771087,2.29292026162148,22.6862121522427,0.610037326812744,176.02367927134,486.693827614188,122.076566830277,149.107891157269,197.426952719688,239.609502151608,8949.80063334107,1452.06734770536,2691.85513629019,1.48553501069546,157.874903619289,2396.41031080484,266.87967120111,34.0375144183636,3315.79916235805,14.2638586312532,0,0,0,1.56231915950775,13.2005162984133,11.9531670361757,0,1.98988169431686,16.5351128131151,0,0,0,36.4865882843733,0,18.3300510346889,0,0,0,0,9008.70756106079,436.322738304734,0,1.05225633084774,0,22.9299586266279,21.6419997215271,35.703800290823,11.2757358625531,1827.43270727992,3105.81080573797,1452.06734770536,7348.66671912372,1627.85111646354,0,10.232529759407,827.145061820745,10.9892228096724,3.66372287273407,32.1292231976986,373.337755978107,0,0.679426789283752,0,0,3.63502588868141,0,0,0,546.106104359031,0,0,2.03909474611282,7.09901063144207,0,0.747040629386902,0,0,0,0,2155.24067042768,577.436474971473,1.72123517096043,37.4703800976276,1.90323039889336,1445.45694237947,1257.01321977377,269.731979355216,47.4989711344242,1187.36633965373,362.629557460546,2691.85513629019,1627.85111646354,9602.67200517654,0.616121187806129,356.943770632148,6288.92199239135,94.5412707775831,76.5026741623878,405.874551862478,100.734945163131,0,0,0,0,191.228584080935,28.0873465389013,0,1.25546479225159,257.663158282638,0,0,0,1759.61683569849,0,62.8531398177147,0,0,0,0,1.35576854646206,18.0237009227276,7350.76634185016,1516.24708983302,1155.51862788945,12.5276064127684,237.207611501217,4.68724831938744,420.867896959186,0,0,1.48553501069546,0,0.616121187806129,8841.70528522134,4813.21373541653,3.14490424096584,137.181676790118,7.02216382324696,26.0020029991865,0,0.190337404608727,82.7609577327967,18.411701977253,324.347512483597,5.04940947890282,5.60981018841267,0,26.7021665275097,0,0,0,0,0,47.3252162635326,436.960231423378,0,0.446177989244461,0.233095750212669,1.60626198351383,27.1046742498875,373.578821741045,2865.9946475178,1308.33703831583,3717.69326746464,2805.15246459842,3345.42774894834,185.895679429173,2499.25693075359,0.680957600474358,3.23518557101488,157.874903619289,10.232529759407,356.943770632148,4813.21373541653,11759.9095874615,474.303278557956,493.287129506469,681.535273313522,455.278279192746,0,6.98867073655128,133.182340852916,145.486028797925,749.168391175568,546.496366344392,243.90271704644,20.1009187847376,180.072657369077,0,0,2.22494678199291,0,10.2776605710387,84.7038014680147,3930.7426758334,5.60188007354736,16.6731489002705,30.0459020510316,14.4229408577085,521.653124645352,512.3782120049,5.05027075111866,26.7898202687502,5.33251422643661,493.860380709171,4683.69023481011,28.5690453797579,97.8379041850567,2528.87260752916,70.9153604060411,2396.41031080484,827.145061820745,6288.92199239135,3.14490424096584,474.303278557956,5191.33727543056,152.243638679385,61.977738827467,1177.88524594903,30.0819089710712,0,0.175231590867043,2.2796443104744,0.693632423877716,43.785055577755,130.489154487848,0,0,525.222697526217,0,0,0.284087270498276,127.998778611422,0,73.2241144627333,0,0,0.274662792682648,0,32.6993174850941,4850.7666028142,2033.76527474821,134.360375106335,173.313550442457,122.082036703825,1392.3412861526,843.888894930482,4668.66495867074,0,722.205179691315,266.87967120111,10.9892228096724,94.5412707775831,137.181676790118,493.287129506469,152.243638679385,2837.58854207397,429.869013294578,595.995159834623,0,0,6.0987166762352,7.74982193112373,8.6440082937479,6.96731044352055,3.77395230531693,4.09913444519043,2.06433194875717,0,0,0,0,3.85061424970627,2.01124787330627,52.0646335780621,0,0,0,0.241105020046234,166.222553938627,263.18327037245,28.3774079233408,178.284320607781,17.604316547513,529.769387722015,950.189682140946,1361.34130811691,4402.5908112973,0,16.3483653068542,34.0375144183636,3.66372287273407,76.5026741623878,7.02216382324696,681.535273313522,61.977738827467,429.869013294578,3419.89071850479,141.879803001881,0.237687036395073,3.54678900539875,11.4681449234486,59.4607818722725,3.63000825047493,546.723239764571,185.174223825336,214.4083917588,532.732418909669,0,3.05467414855957,2.34308407455683,0.391233220696449,7.5272186845541,5.67154633998871,341.756696753204,8.92538057267666,5.11371213197708,7487.65674297512,20.1788079068065,76.1261764019728,3430.03081151098,118.127105399966,120.413729310036,31.1143901795149,307.216232359409,4428.34013678133,125.826564781368,495.303479224443,0,45.7860934734344,3315.79916235805,32.1292231976986,405.874551862478,26.0020029991865,455.278279192746,1177.88524594903,595.995159834623,141.879803001881,5391.4181150943,0,0,0,3.67328274250031,1.90687683224678,30.8921522200108,38.8898191004992,0,1.75154086947441,0,0,0,0,21.1407085061073,0,66.5209714174271,3.57394701242447,0.346066355705261,1.23695874214172,0,2046.62032648921,1.88451009243727,0,0,0,0.20330111682415,0.225642889738083,6.82648009061813,0,204.523409098387,22.1493464708328,14.2638586312532,373.337755978107,100.734945163131,0,0,30.0819089710712,0,0.237687036395073,0,14172.5693786889,348.330111518502,0.507620766758919,4.0386293977499,0,508.407006308436,76.3871860802174,1315.20928049088,13.3280287086964,3683.07659861445,2497.62239515781,1972.53684170544,8219.38589635491,4613.87612651289,0,45.5452450737357,269.971018970013,11.2775920927525,48.1296591460705,71.8455494195223,0,0,0,0.815589547157288,1.00994145870209,1.15309605002403,0.68498021364212,0,0.965028345584869,0,1.57615220546722,0,0,0,0.190337404608727,6.98867073655128,0,0,3.54678900539875,0,348.330111518502,33694.4118383601,1488.37108825147,58.1317539960146,6.64772613346577,214.816192962229,995.635546818376,4249.66277129948,1575.0279969424,0,3662.27298006415,3560.86625355482,567.316377922893,322.470502756536,14.0369974821806,312.458858050406,225.555869609118,3972.15871742368,558.169852048159,3078.09335078299,0,0.229518130421638,200.236442625523,10.2041663974524,255.355608716607,4.05125169456005,11.7039302885532,0.568307220935822,212.62570142746,0,0,0,0.679426789283752,0,82.7609577327967,133.182340852916,0.175231590867043,6.0987166762352,11.4681449234486,0,0.507620766758919,1488.37108825147,17066.6524355859,859.79434736073,2063.7423953265,28.9535846561193,4311.27264156938,378.753700897098,7930.7408638671,0,29.8358139693737,14.0510429143906,4.30100813508034,6.19284754991531,8979.73993092775,2621.28169303387,43.2924043387175,2412.01682997495,111.029486432672,262.219883911312,0,1.53164210915565,6.3839173167944,50.7787512987852,51.3858430832624,28.8263594210148,35.7985584139824,1.66584068536758,35.9287370443344,0,0,0,0,0,18.411701977253,145.486028797925,2.2796443104744,7.74982193112373,59.4607818722725,3.67328274250031,4.0386293977499,58.1317539960146,859.79434736073,1218.45319332182,267.702025309205,62.164535574615,2259.75728543103,68.0898384302855,1463.92927320302,0,1.08621627092361,26.3313627839088,2.23343193531036,11.6774826943874,1078.91377747059,1467.10720933974,47.7062999755144,118.265074193478,249.89021551609,174.632801227272,0,0.355907917022705,129.719234928489,50.2251548916101,1754.07717102766,214.313876852393,16.1930305212736,0.545945703983307,1360.08541353047,0,0,1.56231915950775,0,0,324.347512483597,749.168391175568,0.693632423877716,8.6440082937479,3.63000825047493,1.90687683224678,0,6.64772613346577,2063.7423953265,267.702025309205,2361.65859828889,723.926754280925,93.107204630971,2.83174625039101,2958.18791306019,0,0,1.38920477032661,0,6.9989826977253,774.06120172143,3474.70476901531,3.24397920072079,41.0282189399004,14.3539277911186,19.254409044981,16.0414468944073,20.052444063127,3.91903999447823,58.0870162546635,70.2937351763248,762.157468535006,217.848138809204,44.9341619610786,261.081495761871,2.64797204732895,1.22631779313087,13.2005162984133,3.63502588868141,191.228584080935,5.04940947890282,546.496366344392,43.785055577755,6.96731044352055,546.723239764571,30.8921522200108,508.407006308436,214.816192962229,28.9535846561193,62.164535574615,723.926754280925,3268.18728153408,1880.16657502204,1607.72520898283,610.405211314559,3.74824775755405,18.3473427891731,247.051294900477,25.3339624404907,1743.86978118867,13.1979479640722,2978.37218667567,343.718783065677,74.180188074708,1636.3592126146,499.173140890896,0.957787483930588,27.3884924203157,3.76684600114822,17.002761349082,12.4092411249876,168.707694858313,842.834614664316,5.13978815078735,46.25365434587,0,0,11.9531670361757,0,28.0873465389013,5.60981018841267,243.90271704644,130.489154487848,3.77395230531693,185.174223825336,38.8898191004992,76.3871860802174,995.635546818376,4311.27264156938,2259.75728543103,93.107204630971,1880.16657502204,16171.1067778915,340.992761924863,2238.03175760806,0.692058324813843,11.1600093990564,890.387391343713,32.5170942991972,1370.22482214123,354.08689185977,3489.92465093732,4092.75676565617,1291.2732167244,1170.83073975146,5565.15366751701,5.28121918439865,3.15095567703247,0,3.4379840940237,4.28045260906219,6.48356540501118,6.44564779102802,54.473317027092,23.9353669136763,0,0.974699676036835,0,0,0,0,20.1009187847376,0,4.09913444519043,214.4083917588,0,1315.20928049088,4249.66277129948,378.753700897098,68.0898384302855,2.83174625039101,1607.72520898283,340.992761924863,6268.90591686964,2064.46012062579,1.20146024227142,2151.64162945747,89.5602943450212,109.20287437737,611.242510974407,20.0873508751392,292.109877571464,28.5735806375742,506.829208672047,2873.94479288161,169.881305381656,2.13881683349609,0.574741303920746,67.7198602408171,28.328914269805,379.555283308029,58.4176178500056,28.4229746833444,10.828399091959,903.343720316887,0,0.8239825963974,1.98988169431686,0,1.25546479225159,26.7021665275097,180.072657369077,0,2.06433194875717,532.732418909669,1.75154086947441,13.3280287086964,1575.0279969424,7930.7408638671,1463.92927320302,2958.18791306019,610.405211314559,2238.03175760806,2064.46012062579,7010.27376935631,0,175.590162888169,83.6661431193352,1.88416355848312,159.280141875148,550.421082928777,2361.02259914577,103.956962019205,5794.76943482459,5060.74542576075,517.288465760648,725.016555517912,0,0,0,0,0,0,0,0,1113.38515727222,0,16.5351128131151,546.106104359031,257.663158282638,0,0,525.222697526217,0,0,0,3683.07659861445,0,0,0,0,3.74824775755405,0.692058324813843,1.20146024227142,0,2712.56834474206,28.5540338456631,54.2662012279034,2403.1962903887,1570.14418263733,0,0.935218065977097,984.684034004807,0,0,1.69148699939251,2.79316997528076,0,0,0,0,0,0,0,0,0,0,0,0,0,0,0,0,0,3.05467414855957,0,2497.62239515781,3662.27298006415,29.8358139693737,1.08621627092361,0,18.3473427891731,11.1600093990564,2151.64162945747,175.590162888169,28.5540338456631,6134.85481379926,293.122447788715,4480.15801140666,147.564796835184,0.509351670742035,11.5922983661294,16.5206489264965,141.162508621812,27.2355642616749,16.3229830116034,0,0,0,0.368461027741432,0,4.81090152263641,2.11091402173042,0,1.38534712791443,0,0,0,0,0,0,2.22494678199291,0,0,2.34308407455683,0,1972.53684170544,3560.86625355482,14.0510429143906,26.3313627839088,1.38920477032661,247.051294900477,890.387391343713,89.5602943450212,83.6661431193352,54.2662012279034,293.122447788715,13478.6305646524,1420.46322159469,2776.51783899218,3.74524264037609,247.307659253478,2661.68564844131,183.500907883048,63.3305891007185,3192.50795295089,7.72068837285042,0,0,0,0,0,0,0,0,9.83569139242172,0,0,2.03909474611282,0,0,0,0.284087270498276,0,0.391233220696449,0,8219.38589635491,567.316377922893,4.30100813508034,2.23343193531036,0,25.3339624404907,32.5170942991972,109.20287437737,1.88416355848312,2403.1962903887,4480.15801140666,1420.46322159469,7796.36266347766,1846.83273297548,0.620466709136963,17.1973398476839,313.427444078028,14.7971002757549,5.57743306457996,30.346803188324,33.6053531467915,29.3805600255728,0,1.23102018237114,0.337488353252411,63.9833097830415,42.3772914409637,1.2782194018364,1.64167627692223,13.0302917361259,3.48668526113033,36.4865882843733,7.09901063144207,1759.61683569849,0,10.2776605710387,127.998778611422,3.85061424970627,7.5272186845541,21.1407085061073,4613.87612651289,322.470502756536,6.19284754991531,11.6774826943874,6.9989826977253,1743.86978118867,1370.22482214123,611.242510974407,159.280141875148,1570.14418263733,147.564796835184,2776.51783899218,1846.83273297548,12094.0866563767,0.587572529911995,382.61677146703,7155.25304286182,36.0209495127201,47.8224887102842,523.789628170431,0,0.570156805217266,15.1484255194664,13.2931494265795,99.8312558978796,2.82981807738543,3.84838612377644,0,97.5336961597204,0,0,0,0,0,47.3252162635326,84.7038014680147,0,2.01124787330627,5.67154633998871,0,0,14.0369974821806,8979.73993092775,1078.91377747059,774.06120172143,13.1979479640722,354.08689185977,20.0873508751392,550.421082928777,0,0.509351670742035,3.74524264037609,0.620466709136963,0.587572529911995,10022.1753053814,5489.37572075427,8.37975579500198,152.591372817755,31.3019328862429,63.20696811378,1.52451051771641,45.2904017865658,238.16080366075,311.505227304995,1054.44729355723,834.227088361979,599.871873430908,25.7792828008533,438.488107144833,0,1.50800721347332,18.3300510346889,0.747040629386902,62.8531398177147,436.960231423378,3930.7426758334,73.2241144627333,52.0646335780621,341.756696753204,66.5209714174271,45.5452450737357,312.458858050406,2621.28169303387,1467.10720933974,3474.70476901531,2978.37218667567,3489.92465093732,292.109877571464,2361.02259914577,0.935218065977097,11.5922983661294,247.307659253478,17.1973398476839,382.61677146703,5489.37572075427,11419.6393982396,413.85991922766,311.05690009892,978.909139275551,673.947454735637,0,0,0,0.879810512065887,0,1.1243077814579,3.07698076963425,0,1.55475851893425,0,0,0,0,0,0,5.60188007354736,0,0,8.92538057267666,3.57394701242447,269.971018970013,225.555869609118,43.2924043387175,47.7062999755144,3.24397920072079,343.718783065677,4092.75676565617,28.5735806375742,103.956962019205,984.684034004807,16.5206489264965,2661.68564844131,313.427444078028,7155.25304286182,8.37975579500198,413.85991922766,7100.00110105425,128.675448805094,56.5811828225851,941.841446451843,0,0.388374209403992,1.55622720718384,0,7.16309781372547,2.38673730194569,4.13960757851601,0,6.91249978542328,0,0,0,0,0,0.446177989244461,16.6731489002705,0,0,5.11371213197708,0.346066355705261,11.2775920927525,3972.15871742368,2412.01682997495,118.265074193478,41.0282189399004,74.180188074708,1291.2732167244,506.829208672047,5794.76943482459,0,141.162508621812,183.500907883048,14.7971002757549,36.0209495127201,152.591372817755,311.05690009892,128.675448805094,2115.47238735855,442.920881941915,446.302191212773,0,2.48242139816284,3.99658572673798,13.9461311101913,1.4799861907959,49.5177956819534,16.6290526986122,156.039769902825,389.670999407768,0,2.29025626182556,0,0,0,0.233095750212669,30.0459020510316,0.274662792682648,0,7487.65674297512,1.23695874214172,48.1296591460705,558.169852048159,111.029486432672,249.89021551609,14.3539277911186,1636.3592126146,1170.83073975146,2873.94479288161,5060.74542576075,0,27.2355642616749,63.3305891007185,5.57743306457996,47.8224887102842,31.3019328862429,978.909139275551,56.5811828225851,442.920881941915,2346.26150837541,353.584432244301,0,0,0,0,0.797254621982574,10.0953363776207,7.16742712259293,0,7.74511161446571,0,0,0,0,0,1.60626198351383,14.4229408577085,0,0.241105020046234,20.1788079068065,0,71.8455494195223,3078.09335078299,262.219883911312,174.632801227272,19.254409044981,499.173140890896,5565.15366751701,169.881305381656,517.288465760648,1.69148699939251,16.3229830116034,3192.50795295089,30.346803188324,523.789628170431,63.20696811378,673.947454735637,941.841446451843,446.302191212773,353.584432244301,6234.56951503456
