8552.579997316,268.103082403541,0.27448758482933,0.703086853027344,0,791.472823902965,22.7964424490929,811.762961000204,3.64440596103668,1721.90749369562,3349.29741862416,273.618424147367,7366.64300253987,2172.05517834425,0,0,1105.97680331767,11.8252587914467,123.679770961404,16.9401231408119,3694.97397646308,0,0,0,0,8.42843809723854,2.63520029187202,8.76575496792793,0,675.876905232668,3.00050482153893,0,5.60594996809959,104.404277175665,0,0,0,0,0,0,268.103082403541,36212.5824764743,1541.36201550066,34.1321575343609,0.842510357499123,591.861792013049,1702.64136891812,2389.49892906845,1429.6830766499,3.58770956099033,3751.84061408043,2733.99786349386,1295.78695547581,569.893013060093,0.431501343846321,18.3913415819407,822.89006601274,4368.762880072,488.833389803767,3426.32030767202,0.62289060652256,3.70053681731224,0,0,0,147.236625477672,55.5838273614645,4.18512216210365,4.90658587217331,0.191634982824326,0.294216364622116,0.178526386618614,0,3.18128611147404,0,4.77404753863811,1.9295802116394,1.15505409240723,9.19972291588783,4.6932724416256,0.27448758482933,1541.36201550066,13120.9606669471,1083.48221559078,3137.62062641233,94.3857260942459,2793.00474778563,228.206053435802,4184.01861784607,0,71.9898978471756,1.97044910490513,0,2.69081838428974,9812.63784345984,2873.15937490761,4.13525496423244,2012.63202421367,15.4617892354727,15.1554262340069,0.143361389636993,0,283.324097551405,131.841372929513,795.750057294965,16.4735297635198,78.8187783434987,1.45993438363075,342.164428547025,0,0.15291091799736,0.219684362411499,0.176612108945847,0.207673966884613,134.602341026068,219.760400295258,3.12966111302376,45.4209855124354,2.26861691474915,0.261460594832897,0.703086853027344,34.1321575343609,1083.48221559078,2459.88078692555,457.490865036845,198.779269732535,3948.65607099235,6.10413867235184,689.207436770201,0,1.4146015048027,8.84615741670132,2.27449536323547,19.1159497350454,1855.3802306056,3099.7953312397,70.7632417231798,417.46798171103,39.5516298413277,83.6644556522369,0,1.08790881931782,67.6038449704647,99.3884041756392,252.212081864476,80.441692173481,165.518819250166,2.79034158587456,67.2594443708658,0,0,0.44163379073143,0,2.71854251623154,41.78065726161,393.392113469541,1.68674096465111,25.1966828852892,6.58795426785946,4.59477461874485,0,0.842510357499123,3137.62062641233,457.490865036845,2288.2543195039,499.618619158864,196.586492702365,0.161738589406013,1198.3058000505,0,0,0.440454602241516,0,0.643111765384674,1164.47403034568,4483.62105838209,4.88673587143421,330.44811180234,18.114327788353,2.21744501590729,0,0,477.52600261569,153.030438296497,1539.0513061434,41.2412510514259,98.857072070241,0.637130320072174,591.695120811462,0,0,1.43500220775604,0.196686670184135,2.86042250692844,324.191376060247,526.137784890831,4.79768969118595,158.856140777469,4.84670938551426,7.62990975379944,791.472823902965,591.861792013049,94.3857260942459,198.779269732535,499.618619158864,4388.80004251003,2866.64603049308,623.608813971281,940.859309658408,0.36300927400589,351.47378436476,227.220763869584,143.912919163704,2405.26034279168,24.2022995278239,1996.75502725691,429.722654893994,228.233567923307,805.950388327241,296.919182561338,1.24267990887165,7.50048339366913,20.1940607577562,13.609848678112,42.2528733611107,968.965809896588,300.793948888779,14.1340320110321,46.9934332072735,0.489757388830185,2.42543280124664,3.28760266304016,0.156431660056114,32.0585592538118,1.49586640298367,129.619692869484,1.96994191408157,14.0607422143221,64.334928676486,14.4064708352089,22.7964424490929,1702.64136891812,2793.00474778563,3948.65607099235,196.586492702365,2866.64603049308,12770.4057018533,193.293320134282,3277.87903948873,2.56506794691086,183.654600188136,407.344573616982,75.1548635065556,1276.84615824372,126.602275699377,2640.33452612907,2442.86371987313,1697.06267743558,2159.84351871908,4382.17660655826,3.36784812808037,46.7561203241348,31.1495491117239,56.2513259425759,64.7540746331215,992.5873895064,1778.4875479266,46.7877730280161,219.362132072449,0,10.8004648387432,10.5498745143414,3.69238854944706,44.9347248375416,24.3045787811279,405.606075830758,36.4225146025419,48.5575181767344,197.897767178714,100.614465139806,811.762961000204,2389.49892906845,228.206053435802,6.10413867235184,0.161738589406013,623.608813971281,193.293320134282,3477.88835728168,1635.40191732347,0,4914.92290182412,7.00179339945316,33.7009456753731,17.3965840935707,0.306183934211731,10.8723535835743,13.8498491495848,1297.71710246801,1276.1576860249,36.7246917784214,13.5410191118717,0,0,0.917907238006592,0,17.2253776788712,16.1116032749414,63.7536982297897,5.20172215998173,0,0.267951279878616,0,0,0,0.411179900169373,0.213567465543747,0,0,44.7219645828009,0.290073752403259,3.64440596103668,1429.6830766499,4184.01861784607,689.207436770201,1198.3058000505,940.859309658408,3277.87903948873,1635.40191732347,10734.2534208596,1.17254614830017,788.598995685577,11.5975148826838,3.45446684956551,32.1489822715521,518.78524915874,1029.68376246095,71.5425098538399,8169.96946504712,3195.15919135511,228.518720641732,0,65.9143830686808,170.956773117185,60.3407941833138,824.400806874037,455.030378311872,677.34115332365,40.1590124070644,1159.17120985687,0,4.11361739039421,7.57037588953972,3.43834853172302,7.76582670211792,61.921650916338,288.284851014614,16.999940931797,73.1938482820988,530.996148273349,142.526504322886,1721.90749369562,3.58770956099033,0,0,0,0.36300927400589,2.56506794691086,0,1.17254614830017,1009.75316184759,7.12550956010818,100.404017224908,1186.04511262476,959.605058386922,0,0,967.686872988939,0,0,0,250.811981916428,0,0,0,0,0,0.343804687261581,0,0,582.558445841074,0,0,0,113.786158949137,0,0,0,0,0,0,3349.29741862416,3751.84061408043,71.9898978471756,1.4146015048027,0,351.47378436476,183.654600188136,4914.92290182412,788.598995685577,7.12550956010818,6141.42558249831,272.702573597431,1804.92371879518,235.519853040576,0.200907692313194,2.06307604908943,98.0708269104362,1551.44511112571,150.422684684396,169.058886140585,58.141445055604,0,0,0,0,23.8168613016605,12.9015830606222,0.671720862388611,0.451390981674194,0,1.52202197909355,0,0,0.253123879432678,0,0,1.91119778156281,0,1.87447260320187,1.40212774276733,273.618424147367,2733.99786349386,1.97044910490513,8.84615741670132,0.440454602241516,227.220763869584,407.344573616982,7.00179339945316,11.5975148826838,100.404017224908,272.702573597431,7082.91851942241,966.839264646173,1125.44245765358,0.399228483438492,2.08380348980427,2487.11223867536,25.5348325818777,13.5765355080366,1161.42785567045,1.62720382213593,0,0,0,0,15.640133574605,14.1080748289824,0.252542734146118,3.49268698692322,12.0032741874456,0,0,0,14.173233628273,0,0.345703840255737,0,0,1.28871756792068,0,7366.64300253987,1295.78695547581,0,2.27449536323547,0,143.912919163704,75.1548635065556,33.7009456753731,3.45446684956551,1186.04511262476,1804.92371879518,966.839264646173,4379.54797072709,1398.16471099854,0,0.70262710750103,794.609526395798,8.28144216537476,11.5026286840439,57.0958482772112,380.048375025392,0,0,0,0,4.66161650419235,0.364149883389473,0,0,138.621192455292,0,0,0,16.184688359499,0,0,0,0,0,0,2172.05517834425,569.893013060093,2.69081838428974,19.1159497350454,0.643111765384674,2405.26034279168,1276.84615824372,17.3965840935707,32.1489822715521,959.605058386922,235.519853040576,1125.44245765358,1398.16471099854,7569.23272790015,0,13.1493149846792,2977.72720658779,23.7053748965263,38.3530907779932,406.937063917518,127.519196182489,0,0.962300181388855,0,0,80.2243996560574,34.97293792665,0,0,395.509032279253,0,0,0,949.516401171684,0,0.261709414422512,0.621255993843079,0,0.41186186671257,0,0,0.431501343846321,9812.63784345984,1855.3802306056,1164.47403034568,24.2022995278239,126.602275699377,0.306183934211731,518.78524915874,0,0.200907692313194,0.399228483438492,0,0,8640.15310265124,4595.3692362085,0,309.629636123776,1.31726428866386,0.691957518458366,0,0.151080518960953,28.8438680917025,43.1263447999954,211.099493406713,1.52468228340149,10.7353363335133,0,22.4294693768024,0,0,0,0,0,35.4780081808567,51.2658151686192,0.135375067591667,6.82979799807072,0,0,0,18.3913415819407,2873.15937490761,3099.7953312397,4483.62105838209,1996.75502725691,2640.33452612907,10.8723535835743,1029.68376246095,0,2.06307604908943,2.08380348980427,0.70262710750103,13.1493149846792,4595.3692362085,14027.4723397791,40.3369170129299,329.486808001995,79.0460331439972,56.9141240864992,0,2.79604652523994,138.776516385376,108.937715418637,840.412977345288,322.961431697011,365.795500010252,0.60976268351078,132.177945569158,0,0,3.03256744146347,0,6.91757635772228,72.3679464459419,840.586081378162,1.57425409555435,40.6935759931803,10.7510360628366,8.34058779478073,1105.97680331767,822.89006601274,4.13525496423244,70.7632417231798,4.88673587143421,429.722654893994,2442.86371987313,13.8498491495848,71.5425098538399,967.686872988939,98.0708269104362,2487.11223867536,794.609526395798,2977.72720658779,0,40.3369170129299,2764.34865801036,48.4849166274071,95.245912566781,1602.22421762347,48.8666421771049,0,0,0.6893110871315,0.186656713485718,45.7105428427458,65.2782058119774,0.489794999361038,4.98962944746017,145.927592396736,0,1.0415563583374,0.954339385032654,88.3528020083904,0,3.59467130899429,0,0.607075110077858,12.9251352846622,2.48640808463097,11.8252587914467,4368.762880072,2012.63202421367,417.46798171103,330.44811180234,228.233567923307,1697.06267743558,1297.71710246801,8169.96946504712,0,1551.44511112571,25.5348325818777,8.28144216537476,23.7053748965263,309.629636123776,329.486808001995,48.4849166274071,3616.35556492209,591.821969941258,196.075022116303,1.21389818191528,0.690191090106964,34.7716095149517,20.7652821540833,55.2466901540756,84.6753045916557,109.211754098535,5.51210907101631,29.8855423182249,0,1.54170668125153,0.414654493331909,0,1.97806537151337,21.54457077384,101.489180617034,4.72012889385223,11.3690333664417,19.4341858625412,10.3668680489063,123.679770961404,488.833389803767,15.4617892354727,39.5516298413277,18.114327788353,805.950388327241,2159.84351871908,1276.1576860249,3195.15919135511,0,150.422684684396,13.5765355080366,11.5026286840439,38.3530907779932,1.31726428866386,79.0460331439972,95.245912566781,591.821969941258,2503.24719539285,296.765022322536,0,15.5578128099442,0.148432284593582,3.97876369953156,0.780031800270081,698.59291318059,415.497568309307,277.607789859176,409.046075046062,0,6.49031838774681,6.81722047924995,0,15.826961606741,0.806510150432587,14.0525222718716,11.2841258943081,32.8499150276184,3618.7721452266,77.1890790313482,16.9401231408119,3426.32030767202,15.1554262340069,83.6644556522369,2.21744501590729,296.919182561338,4382.17660655826,36.7246917784214,228.518720641732,0,169.058886140585,1161.42785567045,57.0958482772112,406.937063917518,0.691957518458366,56.9141240864992,1602.22421762347,196.075022116303,296.765022322536,4801.06215856969,0.546348571777344,4.02754792571068,0.49019493162632,1.66422216594219,1.80351555347443,143.21683858335,230.429951399565,4.66551092267036,22.473920866847,0,2.87022671103477,0.410874426364899,5.25406837463379,7.36679327487946,0,7.54484942555428,5.74456591904163,10.5195068120956,40.5854189693928,18.4657306969166,3694.97397646308,0.62289060652256,0.143361389636993,0,0,1.24267990887165,3.36784812808037,13.5410191118717,0,250.811981916428,58.141445055604,1.62720382213593,380.048375025392,127.519196182489,0,0,48.8666421771049,1.21389818191528,0,0.546348571777344,13533.6211841702,233.019184857607,0.259948879480362,1.50336766242981,0,1017.59274804592,51.4662134796381,1178.07852199674,4.18350374698639,2102.11779859662,3706.93591302633,310.971300914884,7824.18690255284,4349.271956563,0.771637082099915,0.524801000952721,470.892553314567,14.3811251819134,177.994473278522,53.9655275642872,0,3.70053681731224,0,1.08790881931782,0,7.50048339366913,46.7561203241348,0,65.9143830686808,0,0,0,0,0,0.151080518960953,2.79604652523994,0,0.690191090106964,15.5578128099442,4.02754792571068,233.019184857607,31044.2765874118,1334.17234162986,19.8888321816921,0,299.740405976772,2982.41967409104,3991.55143450201,1510.76115379483,2.17081619799137,2297.78446474671,2888.88742190599,849.495063975453,265.50175845623,0.97473931312561,11.6009273305535,318.652376845479,4977.09940546751,535.973516583443,3520.43851283193,0,0,283.324097551405,67.6038449704647,477.52600261569,20.1940607577562,31.1495491117239,0,170.956773117185,0,0,0,0,0.962300181388855,28.8438680917025,138.776516385376,0,34.7716095149517,0.148432284593582,0.49019493162632,0.259948879480362,1334.17234162986,13106.3988357633,639.91117746383,2448.15739375353,29.879956394434,2361.50995986164,349.673987671733,4629.26940473914,0,38.7585543394089,1.41710722446442,0.454312682151794,7.37803041934967,10008.3218570799,1682.60287548602,3.13078452646732,1807.96678857505,10.5581115335226,22.1111945509911,0,0,131.841372929513,99.3884041756392,153.030438296497,13.609848678112,56.2513259425759,0.917907238006592,60.3407941833138,0,0,0,0,0,43.1263447999954,108.937715418637,0.6893110871315,20.7652821540833,3.97876369953156,1.66422216594219,1.50336766242981,19.8888321816921,639.91117746383,2540.9757154882,480.620991453528,53.3283508569002,1916.06113025546,21.2472623735666,796.251874580979,0,4.82428458333015,17.7424291372299,2.87469446659088,75.8097716271877,1480.72417357564,2496.61355625093,44.4769925326109,399.831539303064,63.5871584862471,107.584194421768,0,0,795.750057294965,252.212081864476,1539.0513061434,42.2528733611107,64.7540746331215,0,824.400806874037,0,0,0,0,0,211.099493406713,840.412977345288,0.186656713485718,55.2466901540756,0.780031800270081,1.80351555347443,0,0,2448.15739375353,480.620991453528,2300.2608140707,357.375394970179,143.992474131286,1.02160620689392,1824.03462876379,0,0.289510518312454,0.490493297576904,0,2.62771347165108,1340.90186328441,4383.08255266398,0,257.314639359713,12.9270259439945,2.23164983093739,8.42843809723854,147.236625477672,16.4735297635198,80.441692173481,41.2412510514259,968.965809896588,992.5873895064,17.2253776788712,455.030378311872,0,23.8168613016605,15.640133574605,4.66161650419235,80.2243996560574,1.52468228340149,322.961431697011,45.7105428427458,84.6753045916557,698.59291318059,143.21683858335,1017.59274804592,299.740405976772,29.879956394434,53.3283508569002,357.375394970179,3667.40071943402,2413.91787896305,834.757865130901,354.955567732453,2.68352347612381,304.362493723631,269.183233052492,173.553886055946,3085.12331968546,9.11243619024754,1544.78827525675,418.78738451004,115.415534242988,771.91218188405,362.70707732439,2.63520029187202,55.5838273614645,78.8187783434987,165.518819250166,98.857072070241,300.793948888779,1778.4875479266,16.1116032749414,677.34115332365,0.343804687261581,12.9015830606222,14.1080748289824,0.364149883389473,34.97293792665,10.7353363335133,365.795500010252,65.2782058119774,109.211754098535,415.497568309307,230.429951399565,51.4662134796381,2982.41967409104,2361.50995986164,1916.06113025546,143.992474131286,2413.91787896305,9871.43380940706,670.216757781804,4185.23694169521,0.92820043861866,99.8208245933056,426.23564568907,106.463992968202,1744.13518799096,673.201422303915,2069.67933627963,1663.81349228323,2123.67681918293,2378.31218905747,5383.01336710155,8.76575496792793,4.18512216210365,1.45993438363075,2.79034158587456,0.637130320072174,14.1340320110321,46.7877730280161,63.7536982297897,40.1590124070644,0,0.671720862388611,0.252542734146118,0,0,0,0.60976268351078,0.489794999361038,5.51210907101631,277.607789859176,4.66551092267036,1178.07852199674,3991.55143450201,349.673987671733,21.2472623735666,1.02160620689392,834.757865130901,670.216757781804,5468.3536093533,1735.60009557009,0,3632.22159679234,51.1898340880871,13.3258605450392,149.121242985129,1.21023333072662,39.727516502142,24.4690535068512,1268.83196949959,2319.61681190133,287.93750077486,0,4.90658587217331,342.164428547025,67.2594443708658,591.695120811462,46.9934332072735,219.362132072449,5.20172215998173,1159.17120985687,0,0.451390981674194,3.49268698692322,0,0,22.4294693768024,132.177945569158,4.98962944746017,29.8855423182249,409.046075046062,22.473920866847,4.18350374698639,1510.76115379483,4629.26940473914,796.251874580979,1824.03462876379,354.955567732453,4185.23694169521,1735.60009557009,11710.6117344201,0,71.6176256835461,54.3908677250147,6.91262076795101,106.677694968879,1134.77776065469,1250.87789999694,120.104032315314,5189.57817904651,3925.78244055808,593.929688811302,675.876905232668,0.191634982824326,0,0,0,0.489757388830185,0,0,0,582.558445841074,0,12.0032741874456,138.621192455292,395.509032279253,0,0,145.927592396736,0,0,0,2102.11779859662,2.17081619799137,0,0,0,2.68352347612381,0.92820043861866,0,0,1079.61044064164,4.18603113293648,22.8471735417843,832.210151791573,1632.806686759,0,0,518.783167004585,0,0,2.15868398547173,3.00050482153893,0.294216364622116,0.15291091799736,0,0,2.42543280124664,10.8004648387432,0.267951279878616,4.11361739039421,0,1.52202197909355,0,0,0,0,0,0,1.54170668125153,6.49031838774681,2.87022671103477,3706.93591302633,2297.78446474671,38.7585543394089,4.82428458333015,0.289510518312454,304.362493723631,99.8208245933056,3632.22159679234,71.6176256835461,4.18603113293648,4311.49438752234,362.45732703805,2133.67855250835,313.568712964654,0,4.06910398602486,87.9754763841629,263.933895081282,79.2397216558456,121.079632595181,0,0.178526386618614,0.219684362411499,0.44163379073143,1.43500220775604,3.28760266304016,10.5498745143414,0,7.57037588953972,0,0,0,0,0,0,3.03256744146347,1.0415563583374,0.414654493331909,6.81722047924995,0.410874426364899,310.971300914884,2888.88742190599,1.41710722446442,17.7424291372299,0.490493297576904,269.183233052492,426.23564568907,51.1898340880871,54.3908677250147,22.8471735417843,362.45732703805,8323.35480856895,962.505309924483,1640.52048273385,2.58075235784054,13.8177598342299,2437.65545268357,97.7719559371471,35.9199408441782,1323.03618267179,5.60594996809959,0,0.176612108945847,0,0.196686670184135,0.156431660056114,3.69238854944706,0,3.43834853172302,0,0,0,0,0,0,0,0.954339385032654,0,0,5.25406837463379,7824.18690255284,849.495063975453,0.454312682151794,2.87469446659088,0,173.553886055946,106.463992968202,13.3258605450392,6.91262076795101,832.210151791573,2133.67855250835,962.505309924483,4710.15791325271,1673.93045452237,1.13655576109886,2.53653809428215,682.906191572547,27.5647065043449,17.6574783027172,107.291851073503,104.404277175665,3.18128611147404,0.207673966884613,2.71854251623154,2.86042250692844,32.0585592538118,44.9347248375416,0,7.76582670211792,113.786158949137,0.253123879432678,14.173233628273,16.184688359499,949.516401171684,0,6.91757635772228,88.3528020083904,1.97806537151337,15.826961606741,7.36679327487946,4349.271956563,265.50175845623,7.37803041934967,75.8097716271877,2.62771347165108,3085.12331968546,1744.13518799096,149.121242985129,106.677694968879,1632.806686759,313.568712964654,1640.52048273385,1673.93045452237,9212.83221620321,3.63488277792931,35.7697209641337,4326.00125320256,43.883705958724,53.7028838992119,426.927540153265,0,0,134.602341026068,41.78065726161,324.191376060247,1.49586640298367,24.3045787811279,0.411179900169373,61.921650916338,0,0,0,0,0,35.4780081808567,72.3679464459419,0,21.54457077384,0.806510150432587,0,0.771637082099915,0.97473931312561,10008.3218570799,1480.72417357564,1340.90186328441,9.11243619024754,673.201422303915,1.21023333072662,1134.77776065469,0,0,2.58075235784054,1.13655576109886,3.63488277792931,11085.7127200812,4556.47149696201,3.7979611903429,792.72624476254,7.71898460388184,4.82969506084919,0,4.77404753863811,219.760400295258,393.392113469541,526.137784890831,129.619692869484,405.606075830758,0.213567465543747,288.284851014614,0,0,0.345703840255737,0,0.261709414422512,51.2658151686192,840.586081378162,3.59467130899429,101.489180617034,14.0525222718716,7.54484942555428,0.524801000952721,11.6009273305535,1682.60287548602,2496.61355625093,4383.08255266398,1544.78827525675,2069.67933627963,39.727516502142,1250.87789999694,0,4.06910398602486,13.8177598342299,2.53653809428215,35.7697209641337,4556.47149696201,11144.6491871104,47.6063883453608,384.078302875161,73.5688353329897,73.0506397411227,0,1.9295802116394,3.12966111302376,1.68674096465111,4.79768969118595,1.96994191408157,36.4225146025419,0,16.999940931797,0,1.91119778156281,0,0,0.621255993843079,0.135375067591667,1.57425409555435,0,4.72012889385223,11.2841258943081,5.74456591904163,470.892553314567,318.652376845479,3.13078452646732,44.4769925326109,0,418.78738451004,1663.81349228323,24.4690535068512,120.104032315314,518.783167004585,87.9754763841629,2437.65545268357,682.906191572547,4326.00125320256,3.7979611903429,47.6063883453608,3715.39096006751,72.576755836606,101.308807715774,1093.85099874437,0,1.15505409240723,45.4209855124354,25.1966828852892,158.856140777469,14.0607422143221,48.5575181767344,0,73.1938482820988,0,0,0,0,0,6.82979799807072,40.6935759931803,0.607075110077858,11.3690333664417,32.8499150276184,10.5195068120956,14.3811251819134,4977.09940546751,1807.96678857505,399.831539303064,257.314639359713,115.415534242988,2123.67681918293,1268.83196949959,5189.57817904651,0,263.933895081282,97.7719559371471,27.5647065043449,43.883705958724,792.72624476254,384.078302875161,72.576755836606,2907.46550263464,733.657415002584,330.893732279539,0,9.19972291588783,2.26861691474915,6.58795426785946,4.84670938551426,64.334928676486,197.897767178714,44.7219645828009,530.996148273349,0,1.87447260320187,1.28871756792068,0,0.41186186671257,0,10.7510360628366,12.9251352846622,19.4341858625412,3618.7721452266,40.5854189693928,177.994473278522,535.973516583443,10.5581115335226,63.5871584862471,12.9270259439945,771.91218188405,2378.31218905747,2319.61681190133,3925.78244055808,0,79.2397216558456,35.9199408441782,17.6574783027172,53.7028838992119,7.71898460388184,73.5688353329897,101.308807715774,733.657415002584,4709.84595217556,655.757075071335,0,4.6932724416256,0.261460594832897,4.59477461874485,7.62990975379944,14.4064708352089,100.614465139806,0.290073752403259,142.526504322886,0,1.40212774276733,0,0,0,0,8.34058779478073,2.48640808463097,10.3668680489063,77.1890790313482,18.4657306969166,53.9655275642872,3520.43851283193,22.1111945509911,107.584194421768,2.23164983093739,362.70707732439,5383.01336710155,287.93750077486,593.929688811302,2.15868398547173,121.079632595181,1323.03618267179,107.291851073503,426.927540153265,4.82969506084919,73.0506397411227,1093.85099874437,330.893732279539,655.757075071335,5066.08699674904
