14201.4422669858,316.679391428828,0.519712924957275,10.636806845665,0,555.696193233132,313.024422287941,512.015003919601,40.9268998354673,3056.85846567154,4291.22500249743,1420.44661951065,8976.98716941476,4266.27877809107,1.80201256275177,81.0296011604369,882.618099302053,12.4389583468437,61.3642398715019,77.8448069393635,4412.37143608928,0,0,0,0.315940320491791,22.206207215786,10.0551289916039,6.07437136769295,3.25412678718567,705.480320632458,0,0,0,4.29982420802116,0,8.70582415163517,0,2.35726070404053,0,0,316.679391428828,36217.2394749224,978.636816173792,242.963351722807,13.3162132501602,490.312875725329,2376.4078508094,2613.99709570408,1394.74384129792,0.178501397371292,4850.80325624347,1974.54601935297,415.734370984137,261.933317765594,29.18317489326,707.480381797999,469.044624976814,4524.86001323909,172.734520614147,2971.16989500076,3.73829448223114,10.0778077840805,1.54250264167786,1.61393235623837,10.8712186515331,108.517633900046,39.2353321835399,5.0607071518898,16.4957363903522,0,0,3.49582123756409,0,12.2810937315226,0,90.9268958456814,0.291057765483856,0.309981524944305,8.5115082859993,4.51400442421436,0.519712924957275,978.636816173792,17366.6609913409,984.460323058069,2517.28194595873,4.09441259503365,3053.67426548898,101.987462580204,5759.13815205544,0,218.457654684782,0.754530221223831,0.196720346808434,0,9619.96246309578,2854.33931067958,6.69954192638397,2308.37852566689,13.2423433661461,43.2755842506886,0,1.18682944774628,141.505976572633,32.6574460119009,229.233637526631,1.75344268977642,9.33247311413288,2.37790143489838,92.1368132829666,0,0,0,0,0.850814759731293,26.7832806408405,306.186401590705,0,6.2254409044981,4.55409967899323,0,10.636806845665,242.963351722807,984.460323058069,2537.73139705509,341.295537553728,93.095645621419,3022.82435188442,75.7097491025925,885.837192714214,0,7.4740706384182,6.85662388801575,4.483109369874,7.27793702483177,1398.32461608946,2269.03659871221,6.95326206088066,387.119202539325,133.522765010595,153.139415130019,0,1.82018058001995,11.6780793815851,68.3272591382265,162.048758596182,57.1482068151236,56.34344188869,9.52024352550507,63.424317792058,0,0,0,0,0.356927961111069,9.17807975411415,450.899486646056,0.454645156860352,3.07252782583237,37.5733696371317,2.97480984032154,0,13.3162132501602,2517.28194595873,341.295537553728,2879.58297717571,1464.29444473982,169.313890688121,2.98122203350067,3127.23579050601,0,0,1.64282917976379,1.403559923172,1.28316676616669,803.156348586082,4115.98247686028,0,372.031836912036,17.0491914898157,2.77390271425247,0,0.172329157590866,77.886226862669,58.0295720100403,1294.80359680951,90.0431579500437,17.5772421061993,1.39980694651604,921.312897443771,0,0,1.05853700637817,0,0,27.8818631023169,468.02265291661,0,7.53056110441685,10.2592885792255,0,555.696193233132,490.312875725329,4.09441259503365,93.095645621419,1464.29444473982,3658.4235996455,2536.92497429252,293.135934948921,441.860693007708,1.44637057185173,82.7967134714127,188.484845161438,77.7326145768166,3777.28792891651,0.991171598434448,1727.8935049139,834.517507255077,61.0028739720583,457.706802546978,268.122828040272,0.259108781814575,4.10969714820385,0,0.152880236506462,237.175345897675,263.49497757107,127.101488165557,4.36559617519379,4.70508122444153,0,0,0,0,54.0045947507024,0,260.324928201735,0.151607304811478,0,3.24346560239792,1.75500589609146,313.024422287941,2376.4078508094,3053.67426548898,3022.82435188442,169.313890688121,2536.92497429252,18517.8718818501,296.415222093463,1627.17523621023,0.222688376903534,110.243177115917,389.78982758522,79.9113651439548,1130.93720000237,503.474923565984,3531.53608440235,3561.42336708307,1312.88124719262,732.845369040966,6023.07843007892,11.9572938084602,10.2193546667695,3.6254500746727,45.4715382903814,105.462666422129,553.321171306074,384.858284518123,53.567814335227,88.6901914030313,0,0,6.85379008948803,4.77823647856712,32.3065963536501,4.0184872597456,593.374218087643,3.13772544264793,9.97713252902031,46.5590106844902,37.8179331868887,512.015003919601,2613.99709570408,101.987462580204,75.7097491025925,2.98122203350067,293.135934948921,296.415222093463,3300.31596028805,3368.5949588269,0,2683.21271838248,13.3508808612823,8.18580648303032,9.15830384194851,3.63677906990051,222.502536028624,9.12973320484161,1066.3915322125,1509.84892082214,21.4345632791519,0.211358353495598,0,0.565931379795074,0,7.43424619734287,44.1461485773325,1.89112189412117,71.4216591864824,37.6429584175348,0,2.74998533725739,0,0,0,0,36.2780042663217,0,0,187.988765388727,0,40.9268998354673,1394.74384129792,5759.13815205544,885.837192714214,3127.23579050601,441.860693007708,1627.17523621023,3368.5949588269,12057.8043477833,0,579.371111296117,10.1099428236485,1.77634230256081,8.91511632502079,438.336031161249,2269.34811130911,23.6276211887598,4566.7806199044,3193.94574452192,130.721940279007,12.5376887321472,17.2276772558689,178.689487621188,65.1756976246834,535.204110465944,232.392306610942,228.881882444024,61.6234951466322,531.840111851692,0,0,5.02902999520302,2.59724116325378,4.05151689052582,18.7697989046574,655.809930302203,5.35793924331665,10.5515714287758,291.581741839647,33.0847877562046,3056.85846567154,0.178501397371292,0,0,0,1.44637057185173,0.222688376903534,0,0,1436.39197194576,4.40455937385559,35.17045776546,1228.26438228786,1074.41333216429,0,0,1750.43925465643,0,0,0,136.097284018993,0,0,0,0,0,0,0,0,654.322575807571,0,0,0,16.7087905406952,0,0,0,0,0,0,4291.22500249743,4850.80325624347,218.457654684782,7.4740706384182,0,82.7967134714127,110.243177115917,2683.21271838248,579.371111296117,4.40455937385559,8140.10635909438,195.209862887859,2201.69358570874,157.406159177423,0,24.0916623584926,56.075679205358,717.304424673319,12.1370186507702,35.2015962302685,56.6425675749779,0,0,0,0.317754849791527,3.84806774556637,0,0,1.92067527770996,1.90617501735687,0,0,0,0.632791295647621,0,5.23340398818254,0,0,0,0,1420.44661951065,1974.54601935297,0.754530221223831,6.85662388801575,1.64282917976379,188.484845161438,389.78982758522,13.3508808612823,10.1099428236485,35.17045776546,195.209862887859,7874.27102009952,969.325815275311,704.031343609095,0.424469769001007,50.6917998157442,1568.77917554975,22.0033428072929,10.5367729514837,2296.17894457281,1.99656757712364,0,0,0,0,11.165019184351,2.07018399238586,0,0,1.25500452518463,0,0,0,0.716522634029388,0,3.3878410384059,0.524460256099701,0,0,0.205371305346489,8976.98716941476,415.734370984137,0.196720346808434,4.483109369874,1.403559923172,77.7326145768166,79.9113651439548,8.18580648303032,1.77634230256081,1228.26438228786,2201.69358570874,969.325815275311,4534.844056651,766.883174158633,0,22.1510835662484,482.821599282324,4.01988083124161,5.53500656783581,46.9659864753485,463.709799870849,0,0,0,0,7.40735378861427,2.2786246240139,0,0,239.382027119398,0,0,0,0.151013046503067,0,3.17426048964262,0,0,0,0,4266.27877809107,261.933317765594,0,7.27793702483177,1.28316676616669,3777.28792891651,1130.93720000237,9.15830384194851,8.91511632502079,1074.41333216429,157.406159177423,704.031343609095,766.883174158633,9063.83517512679,0.946439266204834,55.5060626715422,3323.35991676152,0.445837274193764,49.2474071681499,125.789785400033,15.9939228147268,0,0,0,0,33.5945467054844,8.27256390452385,0,1.54127562046051,94.5536635816097,0,0.568089425563812,0,598.597413055599,0,3.52807775139809,2.09486746788025,0,0,0.740721464157104,1.80201256275177,29.18317489326,9619.96246309578,1398.32461608946,803.156348586082,0.991171598434448,503.474923565984,3.63677906990051,438.336031161249,0,0,0.424469769001007,0,0.946439266204834,10221.2853415608,5208.87575028837,0.775145351886749,512.400649979711,0.743266209959984,9.83568648993969,0,0.193164348602295,3.93414710462093,11.0123617202044,58.6917129307985,1.23716309666634,4.11704409122467,0,1.71137773990631,0,1.02816379070282,0,0,0,10.5828068256378,232.203182384372,0,0,0,0,81.0296011604369,707.480381797999,2854.33931067958,2269.03659871221,4115.98247686028,1727.8935049139,3531.53608440235,222.502536028624,2269.34811130911,0,24.0916623584926,50.6917998157442,22.1510835662484,55.5060626715422,5208.87575028837,11874.9168121554,89.1426622495055,774.432241056114,485.130610730499,246.011863403022,1.60665291547775,19.0632186383009,22.130734950304,88.5727933570743,778.440900340676,453.368192128837,390.70548543334,40.420362405479,207.215960420668,0,3.14767676591873,11.3346562832594,2.27743445336819,16.7533288225532,18.2897446081042,2450.88905289024,7.54071719199419,10.0649117827415,103.084986679256,38.6991457939148,882.618099302053,469.044624976814,6.69954192638397,6.95326206088066,0,834.517507255077,3561.42336708307,9.12973320484161,23.6276211887598,1750.43925465643,56.075679205358,1568.77917554975,482.821599282324,3323.35991676152,0.775145351886749,89.1426622495055,3953.35536527634,12.6164871901274,26.8606066703796,954.43908714503,5.59378103911877,0,0,0,0.216480553150177,26.2489459514618,15.5817118883133,0,0,110.068239793181,0,0,0,14.6763261705637,0,9.26521828025579,0,0,0,1.57865336537361,12.4389583468437,4524.86001323909,2308.37852566689,387.119202539325,372.031836912036,61.0028739720583,1312.88124719262,1066.3915322125,4566.7806199044,0,717.304424673319,22.0033428072929,4.01988083124161,0.445837274193764,512.400649979711,774.432241056114,12.6164871901274,2600.14996246994,127.972073465586,109.640733495355,0,0.628548935055733,5.08019271492958,19.7612245082855,77.8836375772953,27.7762184739113,19.195569306612,4.03095823526382,23.5377243757248,0,0,1.58198094367981,0,0,4.39120817184448,158.559091083705,0,0,22.1614728868008,1.15509197115898,61.3642398715019,172.734520614147,13.2423433661461,133.522765010595,17.0491914898157,457.706802546978,732.845369040966,1509.84892082214,3193.94574452192,0,12.1370186507702,10.5367729514837,5.53500656783581,49.2474071681499,0.743266209959984,485.130610730499,26.8606066703796,127.972073465586,888.856945022941,86.7149268612266,6.67937761545181,14.6821549385786,65.1929436028004,10.0959427654743,7.52868023514748,257.399878136814,76.0527216643095,742.068402409554,578.161843448877,0,17.3762470781803,0.853198111057281,4.77840256690979,0,0,99.0667039677501,2.20341154932976,0,1521.65506102145,10.1429578214884,77.8448069393635,2971.16989500076,43.2755842506886,153.139415130019,2.77390271425247,268.122828040272,6023.07843007892,21.4345632791519,130.721940279007,0,35.2015962302685,2296.17894457281,46.9659864753485,125.789785400033,9.83568648993969,246.011863403022,954.43908714503,109.640733495355,86.7149268612266,3587.35790524632,0.192329287528992,5.504604190588,2.18291664123535,2.31390050053596,3.2222336679697,85.5616791844368,48.4602239429951,4.25896656513214,12.0731853246689,0,0,0,4.15156322717667,9.61343963444233,0,83.6693522296846,3.26370191574097,0,13.5599077939987,8.13457274436951,4412.37143608928,3.73829448223114,0,0,0,0.259108781814575,11.9572938084602,0.211358353495598,12.5376887321472,136.097284018993,56.6425675749779,1.99656757712364,463.709799870849,15.9939228147268,0,1.60665291547775,5.59378103911877,0,6.67937761545181,0.192329287528992,20273.8493433148,247.736283913255,0.889232486486435,4.82682627439499,0,928.77223174274,93.5632034912705,599.909771680832,8.98220017552376,4294.27466484904,3624.12238770723,535.954315274954,8333.30953089893,6737.20288823545,0,12.9288658425212,519.502414479852,22.2366309463978,18.9392573088408,82.8786591738462,0,10.0778077840805,1.18682944774628,1.82018058001995,0.172329157590866,4.10969714820385,10.2193546667695,0,17.2276772558689,0,0,0,0,0,0.193164348602295,19.0632186383009,0,0.628548935055733,14.6821549385786,5.504604190588,247.736283913255,37904.2970085144,523.775013014674,151.485272191465,15.239329829812,209.060378596187,1400.68303133547,4519.46814075112,763.662146031857,0.769412487745285,5503.76207400858,1654.62522897869,668.140226393938,494.853402771056,49.2105280458927,253.87086623162,259.457854397595,4018.28923839331,328.379767596722,3032.97015490383,0,1.54250264167786,141.505976572633,11.6780793815851,77.886226862669,0,3.6254500746727,0.565931379795074,178.689487621188,0,0,0,0,0,3.93414710462093,22.130734950304,0,5.08019271492958,65.1929436028004,2.18291664123535,0.889232486486435,523.775013014674,14841.1283301264,485.1699462533,1473.42066971958,7.83628804981709,3339.63893504441,242.961850807071,6827.86066494137,0,6.64836946129799,6.36569321900606,2.32090328633785,11.9772045016289,10306.8927956969,2052.49409929663,4.01763190329075,2301.02392037213,239.15788410604,61.00407153368,0,1.61393235623837,32.6574460119009,68.3272591382265,58.0295720100403,0.152880236506462,45.4715382903814,0,65.1756976246834,0,0,0,0,0,11.0123617202044,88.5727933570743,0,19.7612245082855,10.0959427654743,2.31390050053596,4.82682627439499,151.485272191465,485.1699462533,2474.81563794613,268.775957331061,37.5013019293547,2615.91150775552,154.93577568233,1390.00431737304,0,3.50243930518627,26.1352531462908,8.93202130496502,36.8613218590617,1315.28523401916,2532.29148402065,8.77870364487171,228.527486696839,227.998836442828,206.549339808524,0.315940320491791,10.8712186515331,229.233637526631,162.048758596182,1294.80359680951,237.175345897675,105.462666422129,7.43424619734287,535.204110465944,0,0.317754849791527,0,0,0,58.6917129307985,778.440900340676,0.216480553150177,77.8836375772953,7.52868023514748,3.2222336679697,0,15.239329829812,1473.42066971958,268.775957331061,3452.42835687101,1194.39876779169,126.190825261176,12.6323683708906,2974.94819639623,0,0.148554876446724,0.221070379018784,0,1.64718818664551,748.31536655128,4001.57075243443,0,93.0142944902182,57.9904633462429,3.1543001383543,22.206207215786,108.517633900046,1.75344268977642,57.1482068151236,90.0431579500437,263.49497757107,553.321171306074,44.1461485773325,232.392306610942,0,3.84806774556637,11.165019184351,7.40735378861427,33.5945467054844,1.23716309666634,453.368192128837,26.2489459514618,27.7762184739113,257.399878136814,85.5616791844368,928.77223174274,209.060378596187,7.83628804981709,37.5013019293547,1194.39876779169,3287.90839789063,1769.20085166395,2965.09337100387,1013.79745554924,32.4199272692204,77.6880708187819,227.088112235069,102.923003479838,2705.48122815788,2.52061928808689,1401.41218367219,168.127314053476,101.858964473009,839.567718505859,325.224442943931,10.0551289916039,39.2353321835399,9.33247311413288,56.34344188869,17.5772421061993,127.101488165557,384.858284518123,1.89112189412117,228.881882444024,0,0,2.07018399238586,2.2786246240139,8.27256390452385,4.11704409122467,390.70548543334,15.5817118883133,19.195569306612,76.0527216643095,48.4602239429951,93.5632034912705,1400.68303133547,3339.63893504441,2615.91150775552,126.190825261176,1769.20085166395,15208.5485224575,633.333124309778,3008.07718683779,6.8144573122263,67.149115934968,932.225112386048,82.0925778746605,2118.28025927395,538.349558010697,2542.34537057579,3932.81899896264,1542.42891822755,1767.32001318038,5295.55993364751,6.07437136769295,5.0607071518898,2.37790143489838,9.52024352550507,1.39980694651604,4.36559617519379,53.567814335227,71.4216591864824,61.6234951466322,0,0,0,0,0,0,40.420362405479,0,4.03095823526382,742.068402409554,4.25896656513214,599.909771680832,4519.46814075112,242.961850807071,154.93577568233,12.6323683708906,2965.09337100387,633.333124309778,4902.93745326996,3090.42773887515,0.258101850748062,2331.03400169313,33.7831169068813,52.3963417559862,471.878884613514,21.1403058767319,282.33441721648,6.29805339872837,1780.50704701245,1701.28366582096,221.709920853376,3.25412678718567,16.4957363903522,92.1368132829666,63.424317792058,921.312897443771,4.70508122444153,88.6901914030313,37.6429584175348,531.840111851692,0,1.92067527770996,0,0,1.54127562046051,1.71137773990631,207.215960420668,0,23.5377243757248,578.161843448877,12.0731853246689,8.98220017552376,763.662146031857,6827.86066494137,1390.00431737304,2974.94819639623,1013.79745554924,3008.07718683779,3090.42773887515,8337.97685984522,0,107.116712123156,51.2139971852303,19.0674458146095,109.63256290555,1409.0487973839,2357.12470965087,57.8160334378481,4603.35248762369,3012.90346726775,470.761391803622,705.480320632458,0,0,0,0,0,0,0,0,654.322575807571,1.90617501735687,1.25500452518463,239.382027119398,94.5536635816097,0,0,110.068239793181,0,0,0,4294.27466484904,0.769412487745285,0,0,0,32.4199272692204,6.8144573122263,0.258101850748062,0,879.493748381734,8.8793663829565,42.9364382326603,1342.26715677977,1035.56877356768,0,0.219246715307236,286.754609405994,0,0,1.89803311228752,0,0,0,0,0,0,0,2.74998533725739,0,0,0,0,0,0,1.02816379070282,3.14767676591873,0,0,17.3762470781803,0,3624.12238770723,5503.76207400858,6.64836946129799,3.50243930518627,0.148554876446724,77.6880708187819,67.149115934968,2331.03400169313,107.116712123156,8.8793663829565,6976.2283847928,104.754832878709,3332.45472696424,127.057336837053,1.59985183179379,16.9400058016181,11.7985457032919,282.312483340502,88.1721956878901,64.1049179285765,0,3.49582123756409,0,0,1.05853700637817,0,6.85379008948803,0,5.02902999520302,0,0,0,0,0.568089425563812,0,11.3346562832594,0,1.58198094367981,0.853198111057281,0,535.954315274954,1654.62522897869,6.36569321900606,26.1352531462908,0.221070379018784,227.088112235069,932.225112386048,33.7831169068813,51.2139971852303,42.9364382326603,104.754832878709,8823.47343415022,2087.19653446972,1193.49373106658,3.93734461069107,55.8186777159572,3662.14551268518,74.4068911522627,32.6831274479628,3554.66812245548,0,0,0,0,0,0,4.77823647856712,0,2.59724116325378,0,0,0,0,0,0,2.27743445336819,0,0,4.77840256690979,4.15156322717667,8333.30953089893,668.140226393938,2.32090328633785,8.93202130496502,0,102.923003479838,82.0925778746605,52.3963417559862,19.0674458146095,1342.26715677977,3332.45472696424,2087.19653446972,6952.84495581686,879.147661909461,2.77009132504463,17.5624284669757,1025.12856374681,78.2895468324423,8.34113520383835,134.02745911479,4.29982420802116,12.2810937315226,0.850814759731293,0.356927961111069,0,54.0045947507024,32.3065963536501,0,4.05151689052582,16.7087905406952,0.632791295647621,0.716522634029388,0.151013046503067,598.597413055599,0,16.7533288225532,14.6763261705637,0,0,9.61343963444233,6737.20288823545,494.853402771056,11.9772045016289,36.8613218590617,1.64718818664551,2705.48122815788,2118.28025927395,471.878884613514,109.63256290555,1035.56877356768,127.057336837053,1193.49373106658,879.147661909461,8785.9006344974,1.58609199523926,124.323285810649,4340.23039461672,94.7187388092279,88.2590094506741,626.630080290139,0,0,26.7832806408405,9.17807975411415,27.8818631023169,0,4.0184872597456,0,18.7697989046574,0,0,0,0,0,10.5828068256378,18.2897446081042,0,4.39120817184448,0,0,0,49.2105280458927,10306.8927956969,1315.28523401916,748.31536655128,2.52061928808689,538.349558010697,21.1403058767319,1409.0487973839,0,1.59985183179379,3.93734461069107,2.77009132504463,1.58609199523926,10102.5567941144,6365.64846372604,1.37305000424385,350.809383019805,47.4874957501888,13.5816309154034,8.70582415163517,90.9268958456814,306.186401590705,450.899486646056,468.02265291661,260.324928201735,593.374218087643,36.2780042663217,655.809930302203,0,5.23340398818254,3.3878410384059,3.17426048964262,3.52807775139809,232.203182384372,2450.88905289024,9.26521828025579,158.559091083705,99.0667039677501,83.6693522296846,12.9288658425212,253.87086623162,2052.49409929663,2532.29148402065,4001.57075243443,1401.41218367219,2542.34537057579,282.33441721648,2357.12470965087,0.219246715307236,16.9400058016181,55.8186777159572,17.5624284669757,124.323285810649,6365.64846372604,10607.2012340501,36.0573174580932,358.976832047105,1112.95834165066,232.365520790219,0,0.291057765483856,0,0.454645156860352,0,0.151607304811478,3.13772544264793,0,5.35793924331665,0,0,0.524460256099701,0,2.09486746788025,0,7.54071719199419,0,0,2.20341154932976,3.26370191574097,519.502414479852,259.457854397595,4.01763190329075,8.77870364487171,0,168.127314053476,3932.81899896264,6.29805339872837,57.8160334378481,286.754609405994,11.7985457032919,3662.14551268518,1025.12856374681,4340.23039461672,1.37305000424385,36.0573174580932,4669.6395457387,15.9430112987757,26.6223339736462,744.441948525608,2.35726070404053,0.309981524944305,6.2254409044981,3.07252782583237,7.53056110441685,0,9.97713252902031,0,10.5515714287758,0,0,0,0,0,0,10.0649117827415,0,0,0,0,22.2366309463978,4018.28923839331,2301.02392037213,228.527486696839,93.0142944902182,101.858964473009,1542.42891822755,1780.50704701245,4603.35248762369,0,282.312483340502,74.4068911522627,78.2895468324423,94.7187388092279,350.809383019805,358.976832047105,15.9430112987757,2642.11093881726,351.045154005289,399.049156606197,0,8.5115082859993,4.55409967899323,37.5733696371317,10.2592885792255,3.24346560239792,46.5590106844902,187.988765388727,291.581741839647,0,0,0,0,0,0,103.084986679256,0,22.1614728868008,1521.65506102145,13.5599077939987,18.9392573088408,328.379767596722,239.15788410604,227.998836442828,57.9904633462429,839.567718505859,1767.32001318038,1701.28366582096,3012.90346726775,0,88.1721956878901,32.6831274479628,8.34113520383835,88.2590094506741,47.4874957501888,1112.95834165066,26.6223339736462,351.045154005289,1238.12296307087,385.478076905012,0,4.51400442421436,0,2.97480984032154,0,1.75500589609146,37.8179331868887,0,33.0847877562046,0,0,0.205371305346489,0,0.740721464157104,0,38.6991457939148,1.57865336537361,1.15509197115898,10.1429578214884,8.13457274436951,82.8786591738462,3032.97015490383,61.00407153368,206.549339808524,3.1543001383543,325.224442943931,5295.55993364751,221.709920853376,470.761391803622,1.89803311228752,64.1049179285765,3554.66812245548,134.02745911479,626.630080290139,13.5816309154034,232.365520790219,744.441948525608,399.049156606197,385.478076905012,5920.31905040145
