11815.7832818776,356.995363727212,0,8.01247754693031,0,811.235390141606,128.800841033459,347.387418925762,1.48982943594456,2404.89038860798,4596.32958696783,361.274492681026,8441.2114854306,3807.49837221205,0,5.94106833636761,775.429944247007,26.502390563488,90.7417979091406,71.5120084434748,2793.11018665135,21.2950072586536,0,0,0,83.070448294282,21.2379269301891,106.990715652704,0.480073571205139,1044.68625596166,13.4244474321604,1.01000773906708,14.8654661774635,55.3863618224859,0,0,4.17736792564392,0,4.30632847547531,0,356.995363727212,44952.491807133,1865.79852890968,280.258394211531,88.2452526688576,714.056511707604,5463.70837303996,2150.29711177945,1643.29304032028,2.49793949723244,5694.02393049747,3144.00068962574,754.993667945266,799.298866279423,89.5207680016756,373.636239923537,442.340250074863,4814.57174041122,335.873719088733,5069.73556951433,3.57873411476612,91.7787010893226,27.0818054378033,33.8558951467276,22.2030881792307,140.444588683546,161.752629853785,131.594580434263,73.081404440105,0,27.1778300181031,19.2127848863602,0,13.0180670619011,18.2525060996413,75.2690011262894,7.98628564178944,10.3594511151314,63.7083784192801,20.4579548537731,0,1865.79852890968,14531.24742762,620.146565183997,3559.14923305064,14.1042168885469,1694.7488052547,23.4577499181032,4886.20649982989,0,11.1253608465195,2.74307405948639,0,4.16265827417374,11303.5276912376,2262.43229976296,16.2680334299803,2458.88211734593,38.2262250483036,9.43126033246517,0,4.77052053809166,469.611403957009,93.1924964413047,541.831714972854,5.44776432216167,34.0851230621338,1.35104036331177,291.921112112701,0,0,0.649291098117828,0,0.210688158869743,90.3016597628593,88.7604341208935,0.345620721578598,21.6985348463058,0.499358773231506,3.29451888799667,8.01247754693031,280.258394211531,620.146565183997,1964.18945096433,305.476794034243,59.536720380187,3204.85845527053,55.3805863261223,878.64573648572,0,6.6053379625082,8.0090479105711,0,12.8110362291336,1763.56437079608,1953.29707190394,62.9280533492565,475.541915610433,32.8063853383064,66.1899466216564,0,5.15582019090652,51.8631175607443,134.186488866806,63.7727516293526,19.111757338047,65.2955497056246,4.98428843915462,64.3125461637974,0,1.88740241527557,4.16819274425507,0,0.325864791870117,28.0889670997858,121.511324092746,0.475278452038765,19.3996015489101,5.654098123312,5.43481758236885,0,88.2452526688576,3559.14923305064,305.476794034243,2348.92788099498,829.283091515303,96.3142891824245,0.514357998967171,1625.52573037148,0,1.15655291080475,0,0,3.21006500720978,1193.20061391592,4147.29650609195,1.72144365310669,363.577273592353,3.77677956223488,3.09677241742611,0,5.86768233776093,341.961075991392,86.7155100852251,841.674931481481,38.7937499433756,57.1132528185844,1.00264516472816,428.093671381474,0,0.603377819061279,0,0,0,62.4517660737038,108.795130334795,1.1041955947876,21.9911776632071,1.44324174523354,4.88266324996948,811.235390141606,714.056511707604,14.1042168885469,59.536720380187,829.283091515303,4091.77536688745,1178.54159422964,446.395407065749,556.385452084243,0,276.498278141022,157.178773060441,48.8314408361912,2598.15130163729,21.7658962458372,1062.52646999061,195.993878886104,92.2517349421978,619.286377102137,105.302423164248,4.01807272434235,44.9976848140359,6.97149103879929,14.0920658707619,18.3798329979181,248.851028650999,192.763968884945,386.795540943742,106.554951697588,0,17.1904326230288,6.74717698991299,0.457209289073944,6.27395564317703,2.99033930897713,117.131546765566,6.80245497822762,16.1727570518851,77.0798810720444,34.3519237935543,128.800841033459,5463.70837303996,1694.7488052547,3204.85845527053,96.3142891824245,1178.54159422964,11651.6939862967,937.45301092416,2918.82689724118,0.226401880383492,444.014117613435,264.386919103563,53.4424098432064,586.003159403801,159.399711601436,1365.45823345333,2141.52618421614,1943.61653126031,2159.2334453091,3813.41428743303,4.16283550858498,95.8068246394396,34.0130090340972,69.1544137597084,41.5498289912939,165.639411114156,469.137211963534,129.223053388298,210.709105759859,0.288545697927475,27.2060157135129,19.028978548944,0.502203330397606,11.9467250108719,9.41072517633438,186.726692445576,24.9733610674739,31.6089999601245,270.202720247209,43.1524979993701,347.387418925762,2150.29711177945,23.4577499181032,55.3805863261223,0.514357998967171,446.395407065749,937.45301092416,3011.0615054965,4307.40873941779,0,3675.67364448309,6.03210651874542,4.98020234704018,14.0916942059994,2.39964532852173,221.431141257286,22.4742940068245,1595.13840147853,2175.81044265628,42.4920856803656,18.0274627506733,8.40628004074097,0.369955509901047,0.486362919211388,0.354901969432831,48.8951956778765,28.7573854923248,335.90581600368,8.43236741423607,0,4.76616989076138,8.61941361427307,0,0,0,12.795713365078,0,0,146.946572840214,7.31676325201988,1.48982943594456,1643.29304032028,4886.20649982989,878.64573648572,1625.52573037148,556.385452084243,2918.82689724118,4307.40873941779,7317.98757306486,0,411.04419927299,26.3873581290245,1.76194088160992,67.3982670903206,813.125084429979,2094.20626395941,133.089016824961,5007.33463548124,4452.27670501173,187.898682124913,0.388138562440872,45.1254783645272,581.506395235658,193.371877498925,656.641404807568,133.906333081424,453.321537286043,87.419569298625,1014.13901045173,0,9.79608831554651,10.6700409799814,1.34805664420128,6.23708640038967,116.657871797681,329.477589569986,18.3010801672935,88.0166275948286,291.608828805387,64.766565605998,2404.89038860798,2.49793949723244,0,0,0,0,0.226401880383492,0,0,680.210758477449,62.864972859621,69.7663776278496,1182.85748364031,1203.74741044641,0,0,1338.85112720728,0,1.32362771034241,0.32067283987999,453.629092738032,0,0,0,0,0,0,0,0,562.551593601704,0,0,28.0129235982895,47.5589208602905,0,0,0,0,0,0,4596.32958696783,5694.02393049747,11.1253608465195,6.6053379625082,1.15655291080475,276.498278141022,444.014117613435,3675.67364448309,411.04419927299,62.864972859621,11193.6766479015,578.676100194454,3260.04017753899,562.781188219786,0,11.52136105299,168.08678971231,1688.26153253019,281.479729622602,186.833721876144,47.5828226804733,52.7223159596324,0,0.628863036632538,0,35.0968545824289,48.9065074771643,69.8687306791544,3.79532453417778,7.73614032566547,11.3026914447546,7.22390404343605,0.481717258691788,11.0504222214222,0,1.02005733549595,2.75263661146164,0.547015249729156,13.1703950166702,4.68233145773411,361.274492681026,3144.00068962574,2.74307405948639,8.0090479105711,0,157.178773060441,264.386919103563,6.03210651874542,26.3873581290245,69.7663776278496,578.676100194454,8597.83468517661,2042.15336941183,1235.67059789598,0,7.81625972688198,1933.23398093879,66.2235736846924,51.0974427759647,2105.44179342687,5.76547631621361,11.8666385561228,0.163003668189049,0,0.254768699407578,28.8250689208508,16.7346309125423,12.0484686791897,1.24138554930687,7.68755629658699,3.69913525879383,2.689712703228,0,0.778821110725403,0,2.81798149645329,0.457395970821381,0.39109742641449,5.15521712601185,3.24844889342785,8441.2114854306,754.993667945266,0,0,0,48.8314408361912,53.4424098432064,4.98020234704018,1.76194088160992,1182.85748364031,3260.04017753899,2042.15336941183,6758.3494977355,848.552025049925,0,0.56888385117054,1288.22273972631,7.47396697103977,19.2032515853643,42.9104216396809,162.937204882503,1.80080750584602,0.158832430839539,0,0,6.88090066611767,4.04494780302048,2.07177641987801,1.80758494138718,120.631291791797,0.913782797753811,0,0,9.96569310128689,0,0,1.58983689546585,0,1.24131256341934,1.0379433631897,3807.49837221205,799.298866279423,4.16265827417374,12.8110362291336,3.21006500720978,2598.15130163729,586.003159403801,14.0916942059994,67.3982670903206,1203.74741044641,562.781188219786,1235.67059789598,848.552025049925,8042.3867559731,0,31.461743734777,4708.99338375032,118.623626902699,215.377116188407,277.870938897133,128.315370559692,20.7516253441572,0.169849872589111,0,0,41.7772648185492,27.0184285566211,22.6098818778992,9.03423337638378,238.906223267317,5.50217944383621,0.605878293514252,0,12.1981427818537,0,3.45956820249557,3.24361264705658,1.67440071702003,11.4137179404497,3.99804522097111,0,89.5207680016756,11303.5276912376,1763.56437079608,1193.20061391592,21.7658962458372,159.399711601436,2.39964532852173,813.125084429979,0,0,0,0,0,6452.80904455483,4380.7584624812,1.28445684909821,483.706114605069,1.08088432252407,1.93879319727421,0,0,46.9562279284,32.7543101906776,82.2403824031353,0.46240821480751,6.27966234087944,0.820846438407898,29.8653909191489,0,0,1.28374481201172,0,0,22.5402856469154,13.1223324686289,0,6.34688694775105,1.76016843318939,0.249738588929176,5.94106833636761,373.636239923537,2262.43229976296,1953.29707190394,4147.29650609195,1062.52646999061,1365.45823345333,221.431141257286,2094.20626395941,0,11.52136105299,7.81625972688198,0.56888385117054,31.461743734777,4380.7584624812,10790.8079812974,48.5861857533455,590.295000262558,180.088656634092,47.9571967050433,1.42968463897705,26.8259559944272,95.2741729617119,151.702301166952,156.25706294924,158.173420809209,256.845798291266,24.6034936830401,223.745309360325,0,1.5182306021452,3.91299820691347,0.437516033649445,2.06168693304062,42.3033642694354,377.137343369424,5.27783817052841,54.1334658935666,35.2314881309867,26.201395586133,775.429944247007,442.340250074863,16.2680334299803,62.9280533492565,1.72144365310669,195.993878886104,2141.52618421614,22.4742940068245,133.089016824961,1338.85112720728,168.08678971231,1933.23398093879,1288.22273972631,4708.99338375032,1.28445684909821,48.5861857533455,5540.21651779115,125.018774494529,129.931284710765,1243.51941680908,24.8338427096605,25.9304264485836,1.36449211835861,5.44976853579283,2.45049913227558,36.622743666172,62.9941580295563,32.7531593888998,14.6613867282867,122.034192472696,15.9925245940685,14.1752484887838,0.701809152960777,11.820601016283,0.559064090251923,12.6308787018061,4.93202441930771,1.64605265855789,27.8607302010059,5.53280885517597,26.502390563488,4814.57174041122,2458.88211734593,475.541915610433,363.577273592353,92.2517349421978,1943.61653126031,1595.13840147853,5007.33463548124,0,1688.26153253019,66.2235736846924,7.47396697103977,118.623626902699,483.706114605069,590.295000262558,125.018774494529,3337.44039542973,327.354735024273,284.548606455326,0,16.8656800687313,55.4670645445585,48.3193852454424,75.1855560839176,22.645479850471,98.1948946416378,6.10059025883675,86.211728580296,0,2.4997750595212,0.977124631404877,0,0,26.5886196494102,98.7237025275826,0,19.9980365931988,32.4012738093734,1.83646962046623,90.7417979091406,335.873719088733,38.2262250483036,32.8063853383064,3.77677956223488,619.286377102137,2159.2334453091,2175.81044265628,4452.27670501173,1.32362771034241,281.479729622602,51.0974427759647,19.2032515853643,215.377116188407,1.08088432252407,180.088656634092,129.931284710765,327.354735024273,3183.40432238579,236.413557678461,38.4493452906609,38.9618814215064,12.9275033473969,6.21155363321304,1.50418296456337,159.787258073688,204.075369715691,768.581402778625,925.462770089507,0,8.69230479747057,4.4721100628376,0.661167562007904,9.43092361092567,0,28.2491527348757,18.7026550024748,4.07470114529133,3965.95491012931,31.5121513754129,71.5120084434748,5069.73556951433,9.43126033246517,66.1899466216564,3.09677241742611,105.302423164248,3813.41428743303,42.4920856803656,187.898682124913,0.32067283987999,186.833721876144,2105.44179342687,42.9104216396809,277.870938897133,1.93879319727421,47.9571967050433,1243.51941680908,284.548606455326,236.413557678461,3744.38640980422,0.68765115737915,14.0548640191555,0.622026711702347,2.24948983639479,0.264910608530045,24.173322558403,48.4254405200481,13.3688926845789,25.5017583221197,0,2.4472641646862,1.90200707316399,0,0,0,11.0944904088974,0.93212828040123,1.56016618013382,47.7240730822086,4.3163715749979,2793.11018665135,3.57873411476612,0,0,0,4.01807272434235,4.16283550858498,18.0274627506733,0.388138562440872,453.629092738032,47.5828226804733,5.76547631621361,162.937204882503,128.315370559692,0,1.42968463897705,24.8338427096605,0,38.4493452906609,0.68765115737915,18224.4750553221,376.196597918868,0.215156748890877,1.17412734031677,1.4365541934967,579.185781061649,129.140255123377,640.067029178143,5.68134394288063,5280.22677174211,5147.81895197928,411.008361399174,10457.6392441839,5363.96138912439,0,3.88977828621864,485.632021978498,25.8810359686613,17.4978353977203,34.5951689630747,21.2950072586536,91.7787010893226,4.77052053809166,5.15582019090652,5.86768233776093,44.9976848140359,95.8068246394396,8.40628004074097,45.1254783645272,0,52.7223159596324,11.8666385561228,1.80080750584602,20.7516253441572,0,26.8259559944272,25.9304264485836,16.8656800687313,38.9618814215064,14.0548640191555,376.196597918868,40817.7600032762,781.400452673435,85.3241331279278,30.1255919933319,558.044182822108,3471.35986453295,4031.14109394699,1464.00890078396,0.195501700043678,7009.94652768224,3200.99026140571,674.964949399233,585.328782424331,52.8288959264755,130.839830502868,395.33612382412,4583.88727472723,173.096499353647,3361.63017775863,0,27.0818054378033,469.611403957009,51.8631175607443,341.961075991392,6.97149103879929,34.0130090340972,0.369955509901047,581.506395235658,0,0,0.163003668189049,0.158832430839539,0.169849872589111,46.9562279284,95.2741729617119,1.36449211835861,55.4670645445585,12.9275033473969,0.622026711702347,0.215156748890877,781.400452673435,16150.4234332591,646.120886772871,2632.90259601176,24.6059937477112,2790.24955096096,397.847692549229,4953.17504899949,0,44.9854710698128,13.5937578901649,0.657536029815674,6.12479371577501,11103.369485274,1845.42846217006,25.2894463986158,2721.58766104281,65.7780660912395,55.7482549101114,0,33.8558951467276,93.1924964413047,134.186488866806,86.7155100852251,14.0920658707619,69.1544137597084,0.486362919211388,193.371877498925,0,0.628863036632538,0,0,0,32.7543101906776,151.702301166952,5.44976853579283,48.3193852454424,6.21155363321304,2.24948983639479,1.17412734031677,85.3241331279278,646.120886772871,905.583945021033,274.235825449228,44.9809356033802,2412.29021988809,96.6807827204466,757.926746040583,0,4.92980875074863,15.1304504871368,0,11.2263541519642,1247.2635936439,1210.34666465968,15.2606820911169,316.636068895459,52.2416843622923,138.541485287249,0,22.2030881792307,541.831714972854,63.7727516293526,841.674931481481,18.3798329979181,41.5498289912939,0.354901969432831,656.641404807568,0,0,0.254768699407578,0,0,82.2403824031353,156.25706294924,2.45049913227558,75.1855560839176,1.50418296456337,0.264910608530045,1.4365541934967,30.1255919933319,2632.90259601176,274.235825449228,4397.51527529955,1128.8391071111,162.572350785136,5.94768011569977,2157.06731709838,0,0,2.19430674612522,0,1.15140384435654,1618.96714738011,3051.81882511079,1.20028108358383,174.36023004353,65.7187431901693,12.6901092529297,83.070448294282,140.444588683546,5.44776432216167,19.111757338047,38.7937499433756,248.851028650999,165.639411114156,48.8951956778765,133.906333081424,0,35.0968545824289,28.8250689208508,6.88090066611767,41.7772648185492,0.46240821480751,158.173420809209,36.622743666172,22.645479850471,159.787258073688,24.173322558403,579.185781061649,558.044182822108,24.6059937477112,44.9809356033802,1128.8391071111,4345.85849267244,1663.73889798671,2488.566039294,570.29141049087,2.87378358840942,182.300555109978,339.045387029648,43.0618091225624,2300.67313046008,6.83018457889557,879.909206904471,130.992515794933,54.3816768378019,613.873256787658,245.345196768641,21.2379269301891,161.752629853785,34.0851230621338,65.2955497056246,57.1132528185844,192.763968884945,469.137211963534,28.7573854923248,453.321537286043,0,48.9065074771643,16.7346309125423,4.04494780302048,27.0184285566211,6.27966234087944,256.845798291266,62.9941580295563,98.1948946416378,204.075369715691,48.4254405200481,129.140255123377,3471.35986453295,2790.24955096096,2412.29021988809,162.572350785136,1663.73889798671,13414.9174622446,1705.46393609792,2873.30949829519,2.60937026143074,313.563069142401,784.134540334344,76.8642771169543,1293.00824654102,554.852305084467,2001.9601771459,1972.85184279084,1979.97919907421,2042.04654809833,6620.5649439469,106.990715652704,131.594580434263,1.35104036331177,4.98428843915462,1.00264516472816,386.795540943742,129.223053388298,335.90581600368,87.419569298625,0,69.8687306791544,12.0484686791897,2.07177641987801,22.6098818778992,0.820846438407898,24.6034936830401,32.7531593888998,6.10059025883675,768.581402778625,13.3688926845789,640.067029178143,4031.14109394699,397.847692549229,96.6807827204466,5.94768011569977,2488.566039294,1705.46393609792,6091.72199776769,4443.68444602191,0.204941809177399,4563.83040010929,38.3443181812763,19.0461733937263,712.867645546794,7.43161064386368,276.772716201842,92.2096575051546,1492.78643718362,2131.8013562113,335.911882378161,0.480073571205139,73.081404440105,291.921112112701,64.3125461637974,428.093671381474,106.554951697588,210.709105759859,8.43236741423607,1014.13901045173,0,3.79532453417778,1.24138554930687,1.80758494138718,9.03423337638378,29.8653909191489,223.745309360325,14.6613867282867,86.211728580296,925.462770089507,25.5017583221197,5.68134394288063,1464.00890078396,4953.17504899949,757.926746040583,2157.06731709838,570.29141049087,2873.30949829519,4443.68444602191,6745.44892726839,0,583.130561515689,34.4580075144768,3.69209444522858,35.3321311622858,1440.28913554549,1897.55762340128,106.039244763553,3870.00548759103,3587.69032931328,303.916186526418,1044.68625596166,0,0,0,0,0,0.288545697927475,0,0,562.551593601704,7.73614032566547,7.68755629658699,120.631291791797,238.906223267317,0,0,122.034192472696,0,0,0,5280.22677174211,0.195501700043678,0,0,0,2.87378358840942,2.60937026143074,0.204941809177399,0,941.327381700277,49.5978018790483,25.5725597292185,866.564867049456,894.095931336284,0,0,666.279561147094,0,0,0,13.4244474321604,27.1778300181031,0,1.88740241527557,0.603377819061279,17.1904326230288,27.2060157135129,4.76616989076138,9.79608831554651,0,11.3026914447546,3.69913525879383,0.913782797753811,5.50217944383621,0,1.5182306021452,15.9925245940685,2.4997750595212,8.69230479747057,2.4472641646862,5147.81895197928,7009.94652768224,44.9854710698128,4.92980875074863,0,182.300555109978,313.563069142401,4563.83040010929,583.130561515689,49.5978018790483,9073.51761867106,335.398628294468,4099.56256064773,384.91185695678,0.337289839982986,9.80467978864908,78.6032281443477,540.366352200508,62.7468132525682,117.203867152333,1.01000773906708,19.2127848863602,0.649291098117828,4.16819274425507,0,6.74717698991299,19.028978548944,8.61941361427307,10.6700409799814,0,7.22390404343605,2.689712703228,0,0.605878293514252,1.28374481201172,3.91299820691347,14.1752484887838,0.977124631404877,4.4721100628376,1.90200707316399,411.008361399174,3200.99026140571,13.5937578901649,15.1304504871368,2.19430674612522,339.045387029648,784.134540334344,38.3443181812763,34.4580075144768,25.5725597292185,335.398628294468,8869.67224834859,1603.1746289432,1518.15169198811,0.649657145142555,24.5111604481936,3197.92039489746,89.9354806244373,72.1101193130016,1693.38180686533,14.8654661774635,0,0,0,0,0.457209289073944,0.502203330397606,0,1.34805664420128,28.0129235982895,0.481717258691788,0,0,0,0,0.437516033649445,0.701809152960777,0,0.661167562007904,0,10457.6392441839,674.964949399233,0.657536029815674,0,0,43.0618091225624,76.8642771169543,19.0461733937263,3.69209444522858,866.564867049456,4099.56256064773,1603.1746289432,8373.39264915884,2086.19322089851,0,1.0756039172411,1048.25068990886,17.8481198847294,3.19152262806892,41.3155386298895,55.3863618224859,13.0180670619011,0.210688158869743,0.325864791870117,0,6.27395564317703,11.9467250108719,0,6.23708640038967,47.5589208602905,11.0504222214222,0.778821110725403,9.96569310128689,12.1981427818537,0,2.06168693304062,11.820601016283,0,9.43092361092567,0,5363.96138912439,585.328782424331,6.12479371577501,11.2263541519642,1.15140384435654,2300.67313046008,1293.00824654102,712.867645546794,35.3321311622858,894.095931336284,384.91185695678,1518.15169198811,2086.19322089851,7470.58467528224,2.36325380206108,12.9444016292691,3354.66562794149,44.0972359031439,58.5541301518679,224.867660745978,0,18.2525060996413,90.3016597628593,28.0889670997858,62.4517660737038,2.99033930897713,9.41072517633438,0,116.657871797681,0,0,0,0,0,22.5402856469154,42.3033642694354,0.559064090251923,26.5886196494102,0,0,0,52.8288959264755,11103.369485274,1247.2635936439,1618.96714738011,6.83018457889557,554.852305084467,7.43161064386368,1440.28913554549,0,0.337289839982986,0.649657145142555,0,2.36325380206108,7491.47073096037,5438.63385426998,4.67793651670218,462.898550108075,12.9819634854794,21.4493747800589,0,75.2690011262894,88.7604341208935,121.511324092746,108.795130334795,117.131546765566,186.726692445576,12.795713365078,329.477589569986,0,1.02005733549595,2.81798149645329,0,3.45956820249557,13.1223324686289,377.137343369424,12.6308787018061,98.7237025275826,28.2491527348757,11.0944904088974,3.88977828621864,130.839830502868,1845.42846217006,1210.34666465968,3051.81882511079,879.909206904471,2001.9601771459,276.772716201842,1897.55762340128,0,9.80467978864908,24.5111604481936,1.0756039172411,12.9444016292691,5438.63385426998,10371.1769456193,30.9764137417078,405.481139279902,176.566685393453,148.939268767834,4.17736792564392,7.98628564178944,0.345620721578598,0.475278452038765,1.1041955947876,6.80245497822762,24.9733610674739,0,18.3010801672935,0,2.75263661146164,0.457395970821381,1.58983689546585,3.24361264705658,0,5.27783817052841,4.93202441930771,0,18.7026550024748,0.93212828040123,485.632021978498,395.33612382412,25.2894463986158,15.2606820911169,1.20028108358383,130.992515794933,1972.85184279084,92.2096575051546,106.039244763553,666.279561147094,78.6032281443477,3197.92039489746,1048.25068990886,3354.66562794149,4.67793651670218,30.9764137417078,5250.29250746965,58.247835047543,193.957057908177,726.423705197871,0,10.3594511151314,21.6985348463058,19.3996015489101,21.9911776632071,16.1727570518851,31.6089999601245,0,88.0166275948286,0,0.547015249729156,0.39109742641449,0,1.67440071702003,6.34688694775105,54.1334658935666,1.64605265855789,19.9980365931988,4.07470114529133,1.56016618013382,25.8810359686613,4583.88727472723,2721.58766104281,316.636068895459,174.36023004353,54.3816768378019,1979.97919907421,1492.78643718362,3870.00548759103,0,540.366352200508,89.9354806244373,17.8481198847294,44.0972359031439,462.898550108075,405.481139279902,58.247835047543,2392.20411105454,122.079557538033,356.54247508198,4.30632847547531,63.7083784192801,0.499358773231506,5.654098123312,1.44324174523354,77.0798810720444,270.202720247209,146.946572840214,291.608828805387,0,13.1703950166702,5.15521712601185,1.24131256341934,11.4137179404497,1.76016843318939,35.2314881309867,27.8607302010059,32.4012738093734,3965.95491012931,47.7240730822086,17.4978353977203,173.096499353647,65.7780660912395,52.2416843622923,65.7187431901693,613.873256787658,2042.04654809833,2131.8013562113,3587.69032931328,0,62.7468132525682,72.1101193130016,3.19152262806892,58.5541301518679,12.9819634854794,176.566685393453,193.957057908177,122.079557538033,2606.82691499591,324.552499309182,0,20.4579548537731,3.29451888799667,5.43481758236885,4.88266324996948,34.3519237935543,43.1524979993701,7.31676325201988,64.766565605998,0,4.68233145773411,3.24844889342785,1.0379433631897,3.99804522097111,0.249738588929176,26.201395586133,5.53280885517597,1.83646962046623,31.5121513754129,4.3163715749979,34.5951689630747,3361.63017775863,55.7482549101114,138.541485287249,12.6901092529297,245.345196768641,6620.5649439469,335.911882378161,303.916186526418,0,117.203867152333,1693.38180686533,41.3155386298895,224.867660745978,21.4493747800589,148.939268767834,726.423705197871,356.54247508198,324.552499309182,4966.58280961215
