8984.19141732156,1046.11278636754,0,0,0,654.015715122223,42.4216113686562,857.780699908733,14.1560876369476,2180.78211244941,2276.08082607388,959.159053683281,8288.35987921059,1972.81717526913,0,0,782.832772299647,78.151896417141,102.869901567698,63.6330563575029,195.501660943031,0,0,0,0,1.41771352291107,0,0.473713785409927,1.70512628555298,81.5978000760078,1.69148449599743,0,24.9827917218208,0.576103031635284,0,0,0,0,0.828864276409149,0,1046.11278636754,35379.9371686578,374.936663135886,81.0261375531554,12.2938776314259,734.459777742624,3074.2042939961,2799.08604840934,1978.38430954516,1.30759645998478,4783.61063306034,3925.74716861546,1216.8726760745,762.926219120622,9.66971981525421,130.999123975635,594.483576521277,4547.31008264422,284.987896904349,3715.51934194565,0,0,1.20030690729618,1.88632689416409,2.33872506022453,4.47806736826897,2.44494950771332,0,9.91319388151169,0.213913559913635,0,0,0,0,2.37037229537964,4.19036036729813,0,0,4.00144277513027,0,0,374.936663135886,10891.8637221754,683.960748054087,1139.94932278991,7.55898573994637,2504.79120385647,3.94757947325706,2343.47917313874,0,0,0,0,0.682016789913177,9726.43106143177,1262.34925539792,0.507704436779022,1070.09131883085,26.9689892530441,5.83867165446281,0,0,31.8409092724323,15.8498943299055,83.5305848568678,1.33991675078869,0.621363401412964,0,94.2056934684515,0,0,0,0,0,12.7165004909039,19.5858950018883,0,8.72028747200966,1.24763298034668,0,0,81.0261375531554,683.960748054087,2965.39913053811,265.328697167337,54.7559742629528,2464.8892904371,10.5260985940695,696.519892394543,0,0,0.897558555006981,0.169024109840393,1.85446727275848,1539.6094315052,1854.75365328044,6.7695157378912,277.032445654273,31.8682316839695,11.4980152398348,0,0,24.3961728364229,10.5876459181309,65.8146616667509,11.5432640314102,4.99728360772133,0,79.5236024409533,0,0,0,0,0,8.55079850554466,30.0919675156474,0,6.93952399492264,0.8748978972435,0,0,12.2938776314259,1139.94932278991,265.328697167337,996.90319134295,430.741015985608,171.033700525761,0,2968.09002253413,0,0,0,0,0.731893092393875,718.920287936926,2950.22153689712,0.396663725376129,349.353668734431,6.50523091852665,0,0,0,72.5427093505859,84.7836812436581,195.333670571446,2.74261555075645,11.3712503090501,0.255280494689941,313.071952879429,0,0,1.12656044960022,0,0,27.3735725134611,165.717226997018,0,15.3172338008881,7.76007227599621,0.496108323335648,654.015715122223,734.459777742624,7.55898573994637,54.7559742629528,430.741015985608,3693.28483191133,2038.58790536225,337.854531288147,1360.15287423134,0.349521696567535,108.517068773508,289.819058522582,22.378308057785,2260.15614248812,3.14203569293022,1159.41330832243,401.210675537586,147.877792999148,295.481627129018,373.386465698481,0.242763698101044,2.85308607667685,9.18786127120256,80.0519279688597,76.504071444273,277.450467824936,394.42685816437,27.5948351919651,220.968154400587,0,0.284024566411972,1.6952196508646,0,4.90238843858242,2.19999313354492,265.684398002923,3.97710138559341,10.2135495021939,120.26881890744,20.2874252572656,42.4216113686562,3074.2042939961,2504.79120385647,2464.8892904371,171.033700525761,2038.58790536225,21772.1411076412,281.962363749743,5291.28156176955,0,12.7019606977701,460.752375215292,0.221246734261513,2991.01465088129,193.866706222296,2573.63287170976,4493.90268266201,2094.50689601898,1153.1765614152,5271.26464235783,0,0.671736806631088,37.5627464056015,23.9903861880302,48.2878650277853,274.546253040433,265.43478063494,9.58882863819599,171.555099844933,0,0.150170192122459,0.840249210596085,0,6.02929639816284,12.8226107358932,104.977014452219,7.16814550757408,4.42073060572147,38.4117596298456,11.9156090319157,857.780699908733,2799.08604840934,3.94757947325706,10.5260985940695,0,337.854531288147,281.962363749743,3089.917071715,2678.65267375112,0,1748.33539393544,9.81234791874886,10.1060507595539,7.2257359623909,0,57.2829269319773,18.4564337283373,1687.25010170043,1646.95033119619,77.1873931735754,0.338796734809875,0,0,0.279453456401825,0,2.76328229904175,1.56519848108292,10.3199643790722,4.22355055809021,0,0,0,0,0,0,1.27478504180908,0,0,108.693577885628,3.34106612205505,14.1560876369476,1978.38430954516,2343.47917313874,696.519892394543,2968.09002253413,1360.15287423134,5291.28156176955,2678.65267375112,9871.78537362069,0,632.457942351699,59.0562495142221,1.17496618628502,188.431731253862,802.680593445897,2351.99097817391,230.784374639392,7583.92394499481,4465.11422148347,673.237947314978,0,0,321.262727946043,86.055809751153,636.706655025482,406.683329984546,152.597550570965,4.75134381651878,2304.89938464761,0,0,2.40632283687592,0,3.62759208679199,88.7482011020184,219.512926958501,3.21432507038116,73.909515619278,143.425049737096,11.8580946922302,2180.78211244941,1.30759645998478,0,0,0,0.349521696567535,0,0,0,1044.02872994542,4.15956251323223,82.2488055080175,1629.55397570133,346.637116298079,0,0,773.503919988871,0,0,0.207704171538353,280.51828417182,0,0,0,0,0,0,0,0,251.055684134364,2.31575906276703,0,305.780955344439,0.568387672305107,0,0,29.4513343572617,0,0,0,2276.08082607388,4783.61063306034,0,0,0,108.517068773508,12.7019606977701,1748.33539393544,632.457942351699,4.15956251323223,4257.36514347792,228.753184765577,1993.27343903482,105.724703922868,0,1.15702858567238,18.7626396417618,1320.11437469721,19.3566695302725,33.9357780367136,0,0,0,0,0,0,0,0,0,0,0,0,0,0,0,0,0,0,0,0,959.159053683281,3925.74716861546,0,0.897558555006981,0,289.819058522582,460.752375215292,9.81234791874886,59.0562495142221,82.2488055080175,228.753184765577,12455.8331064433,1768.53864942491,1735.29870434105,0,3.48339991271496,2714.71440605819,61.7384113073349,13.5959712266922,3569.3644823879,0,0,0,0,0,4.36040925979614,0.578715637326241,0,0.821284532546997,0.714913606643677,0,0,0,0,0,0.194053202867508,0,0,0,0,8288.35987921059,1216.8726760745,0,0.169024109840393,0,22.378308057785,0.221246734261513,10.1060507595539,1.17496618628502,1629.55397570133,1993.27343903482,1768.53864942491,8733.28543129563,609.909469813108,0,0,2481.55921036005,9.03706732392311,3.03599193692207,19.2268983572721,1.09177634119987,0,0,0,0,0,0,0,0,38.8173705041409,0,0,0,0,0,0,0,0,0,0,1972.81717526913,762.926219120622,0.682016789913177,1.85446727275848,0.731893092393875,2260.15614248812,2991.01465088129,7.2257359623909,188.431731253862,346.637116298079,105.724703922868,1735.29870434105,609.909469813108,9379.70707423985,0,32.0880044400692,4496.45020721853,36.8409012556076,12.0323455929756,272.192013457417,0,0,0,0,0,0,1.35244381427765,0.843685269355774,0,4.4496788084507,0,0,0,0.937403321266174,0,0,0,0,0,0,0,9.66971981525421,9726.43106143177,1539.6094315052,718.920287936926,3.14203569293022,193.866706222296,0,802.680593445897,0,0,0,0,0,6334.24723771214,4831.07163625956,0,443.246976241469,12.3934482634068,0,0,0,17.4893697053194,12.3214568048716,56.4546240270138,0.857792317867279,0.651587307453156,0,56.5401718169451,0,0,0,0,0,5.92179074883461,16.6289074122906,0,6.52070239186287,0,0,0,130.999123975635,1262.34925539792,1854.75365328044,2950.22153689712,1159.41330832243,2573.63287170976,57.2829269319773,2351.99097817391,0,1.15702858567238,3.48339991271496,0,32.0880044400692,4831.07163625956,10570.6800404787,32.6522237807512,613.967944450676,186.753832235932,29.5637476146221,0.584110587835312,1.75983390212059,137.324586898088,219.627043940127,536.831313967705,130.717850595713,266.661619901657,13.3199939653277,618.595779627562,0,0,0.349174439907074,0,1.62185981869698,48.0317947119474,616.280057564378,4.28227776288986,33.6384354829788,87.1452116891742,9.95566552877426,782.832772299647,594.483576521277,0.507704436779022,6.7695157378912,0.396663725376129,401.210675537586,4493.90268266201,18.4564337283373,230.784374639392,773.503919988871,18.7626396417618,2714.71440605819,2481.55921036005,4496.45020721853,0,32.6522237807512,7624.19300800562,178.586360737681,74.9303909242153,902.911663249135,0,0,0.854146897792816,0.561095058917999,0,9.7918096780777,2.28899189829826,0,2.2239208817482,13.3556486964226,0,0,0,0,0,0.918616503477097,0,0,1.5999915599823,0,78.151896417141,4547.31008264422,1070.09131883085,277.032445654273,349.353668734431,147.877792999148,2094.50689601898,1687.25010170043,7583.92394499481,0,1320.11437469721,61.7384113073349,9.03706732392311,36.8409012556076,443.246976241469,613.967944450676,178.586360737681,2151.17354752123,575.826775833964,463.88692471385,0,0,23.3762271851301,8.00302135944366,74.246326610446,8.66027447581291,3.40880067646503,0,42.0256451517344,0,0,0,0,0,2.24095225334167,12.535217538476,0,1.55743402242661,2.83429108560085,0,102.869901567698,284.987896904349,26.9689892530441,31.8682316839695,6.50523091852665,295.481627129018,1153.1765614152,1646.95033119619,4465.11422148347,0,19.3566695302725,13.5959712266922,3.03599193692207,12.0323455929756,12.3934482634068,186.753832235932,74.9303909242153,575.826775833964,6446.90103836358,229.782728940248,0,5.26125209033489,1.62892559170723,20.3294876664877,4.51320868730545,777.462089717388,113.545611187816,74.4724449366331,563.465165615082,0,1.7358912974596,0,0,0,0,31.4137932732701,2.52809819579124,4.75562839210033,4742.10022373497,10.4657703638077,63.6330563575029,3715.51934194565,5.83867165446281,11.4980152398348,0,373.386465698481,5271.26464235783,77.1873931735754,673.237947314978,0.207704171538353,33.9357780367136,3569.3644823879,19.2268983572721,272.192013457417,0,29.5637476146221,902.911663249135,463.88692471385,229.782728940248,5544.59311744571,0,0,0,0,0.201287567615509,2.67819535732269,2.57514020800591,0,5.47647285461426,0,0,0,0,0,0,0.164344891905785,0,0,0.517748653888702,1.85848164558411,195.501660943031,0,0,0,0,0.242763698101044,0,0.338796734809875,0,280.51828417182,0,0,1.09177634119987,0,0,0.584110587835312,0,0,0,0,12699.3330694884,932.005940169096,0.624406337738037,4.95346254110336,0.300402760505676,849.107335135341,141.446856573224,931.325867369771,74.7425580769777,3572.10004785657,4232.41641032696,1188.19433058798,8175.6573189646,2342.68109822273,0,1.41459567844868,584.865769684315,221.820842832327,18.1212120354176,142.718779310584,0,0,0,0,0,2.85308607667685,0.671736806631088,0,0,0,0,0,0,0,0,1.75983390212059,0,0,5.26125209033489,0,932.005940169096,26864.6466091797,197.28686222434,60.158345811069,0.798659116029739,352.869437351823,947.685461297631,6129.43858496845,598.689510136843,1.56786516308784,4967.27434381098,2913.99579364061,502.928700953722,315.212695322931,4.18968316912651,13.3875887915492,254.252065986395,3387.74627158791,484.595052346587,1255.21701645106,0,1.20030690729618,31.8409092724323,24.3961728364229,72.5427093505859,9.18786127120256,37.5627464056015,0,321.262727946043,0,0,0,0,0,17.4893697053194,137.324586898088,0.854146897792816,23.3762271851301,1.62892559170723,0,0.624406337738037,197.28686222434,13337.2749417201,1112.04126370698,2107.66517706215,11.1520326733589,1498.72319790721,93.0090007409453,5225.1586509794,0,13.3325768113136,2.35923211276531,0,0.891178250312805,6678.75111079961,1874.08829517663,0.622851699590683,1251.96367068589,167.787560105324,37.3298975974321,0,1.88632689416409,15.8498943299055,10.5876459181309,84.7836812436581,80.0519279688597,23.9903861880302,0.279453456401825,86.055809751153,0,0,0,0,0,12.3214568048716,219.627043940127,0.561095058917999,8.00302135944366,20.3294876664877,0,4.95346254110336,60.158345811069,1112.04126370698,2191.13992772996,291.010470598936,68.0741636157036,2060.57882875204,67.4451088011265,1098.28264150023,0,5.7608178704977,33.0342658758163,0.552320957183838,7.41988606750965,559.768910840154,3296.65969818085,31.9439006149769,366.157148107886,265.915568187833,234.06169449538,0,2.33872506022453,83.5305848568678,65.8146616667509,195.333670571446,76.504071444273,48.2878650277853,0,636.706655025482,0,0,0,0,0,56.4546240270138,536.831313967705,0,74.246326610446,4.51320868730545,0.201287567615509,0.300402760505676,0.798659116029739,2107.66517706215,291.010470598936,2621.92954948545,410.13882535696,116.60630120337,1.63059021532536,3107.78153306246,0,0,0,0,8.0193604528904,1456.70392535627,4019.26202119887,1.10611239075661,157.496238544583,48.0359688252211,3.63221327960491,1.41771352291107,4.47806736826897,1.33991675078869,11.5432640314102,2.74261555075645,277.450467824936,274.546253040433,2.76328229904175,406.683329984546,0,0,4.36040925979614,0,0,0.857792317867279,130.717850595713,9.7918096780777,8.66027447581291,777.462089717388,2.67819535732269,849.107335135341,352.869437351823,11.1520326733589,68.0741636157036,410.13882535696,4385.13972571492,3889.73182317615,826.527534455061,1342.52834926546,22.4619102180004,46.1413168609142,256.741242140532,41.9842310845852,3019.77735702693,2.49894291162491,1427.09608027339,587.689512275159,120.353377699852,1129.90859726071,532.780285030603,0,2.44494950771332,0.621363401412964,4.99728360772133,11.3712503090501,394.42685816437,265.43478063494,1.56519848108292,152.597550570965,0,0,0.578715637326241,0,1.35244381427765,0.651587307453156,266.661619901657,2.28899189829826,3.40880067646503,113.545611187816,2.57514020800591,141.446856573224,947.685461297631,1498.72319790721,2060.57882875204,116.60630120337,3889.73182317615,17930.6101160571,668.445876464248,2596.7356146276,2.29481598734856,21.7287642359734,419.170278176665,18.555409103632,2564.32997079194,77.5055326521397,1348.26614577323,3546.52546557784,1657.0506895408,2582.71500689536,5602.69809404761,0.473713785409927,0,0,0,0.255280494689941,27.5948351919651,9.58882863819599,10.3199643790722,4.75134381651878,0,0,0,0,0.843685269355774,0,13.3199939653277,0,0,74.4724449366331,0,931.325867369771,6129.43858496845,93.0090007409453,67.4451088011265,1.63059021532536,826.527534455061,668.445876464248,5961.06996119022,2888.39982110262,4.36696508526802,3597.23154184222,24.5156428217888,5.20959821343422,118.552589520812,3.36360532045364,43.6091820001602,31.5304998904467,1332.96925398707,1628.17499876022,237.553394645452,1.70512628555298,9.91319388151169,94.2056934684515,79.5236024409533,313.071952879429,220.968154400587,171.555099844933,4.22355055809021,2304.89938464761,0,0,0.821284532546997,0,0,56.5401718169451,618.595779627562,2.2239208817482,42.0256451517344,563.465165615082,5.47647285461426,74.7425580769777,598.689510136843,5225.1586509794,1098.28264150023,3107.78153306246,1342.52834926546,2596.7356146276,2888.39982110262,8967.06146427244,0.217897862195969,398.002838671207,88.0989256054163,12.2344304919243,130.350697875023,970.650890693069,1831.92197117209,180.960937067866,5432.1050670892,4956.80097361654,610.557950675488,81.5978000760078,0.213913559913635,0,0,0,0,0,0,0,251.055684134364,0,0.714913606643677,38.8173705041409,4.4496788084507,0,0,13.3556486964226,0,0,0,3572.10004785657,1.56786516308784,0,0,0,22.4619102180004,2.29481598734856,4.36696508526802,0.217897862195969,2363.77515672147,41.7079121172428,212.8707986027,3502.41733159125,951.002101197839,0,0,1593.06992270052,0.937663435935974,0,1.08839100599289,1.69148449599743,0,0,0,0,0.284024566411972,0.150170192122459,0,0,2.31575906276703,0,0,0,0,0,0,0,0,1.7358912974596,0,4232.41641032696,4967.27434381098,13.3325768113136,5.7608178704977,0,46.1413168609142,21.7287642359734,3597.23154184222,398.002838671207,41.7079121172428,5191.46946942806,359.251263156533,1652.17481431365,142.845596566796,0,0.36430524289608,27.9435932040215,310.540135905147,53.8154550641775,40.6062104552984,0,0,0,0,1.12656044960022,1.6952196508646,0.840249210596085,0,2.40632283687592,0,0,0,0,0,0,0.349174439907074,0,0,0,0,1188.19433058798,2913.99579364061,2.35923211276531,33.0342658758163,0,256.741242140532,419.170278176665,24.5156428217888,88.0989256054163,212.8707986027,359.251263156533,13263.4133159816,1399.08712762594,1768.23694305122,0,5.82603330910206,4189.51783907413,213.794158861041,26.4416193217039,1577.83025941253,24.9827917218208,0,0,0,0,0,0,0,0,305.780955344439,0,0,0,0,0,0,0,0,0,0,8175.6573189646,502.928700953722,0,0.552320957183838,0,41.9842310845852,18.555409103632,5.20959821343422,12.2344304919243,3502.41733159125,1652.17481431365,1399.08712762594,6771.85939203203,1941.90188834071,0,0.273223698139191,1082.403523013,16.8373607099056,0,29.9650845527649,0.576103031635284,0,0,0,0,4.90238843858242,6.02929639816284,0,3.62759208679199,0.568387672305107,0,0,0,0.937403321266174,0,1.62185981869698,0,0,0,0,2342.68109822273,315.212695322931,0.891178250312805,7.41988606750965,8.0193604528904,3019.77735702693,2564.32997079194,118.552589520812,130.350697875023,951.002101197839,142.845596566796,1768.23694305122,1941.90188834071,11592.6107905358,0,27.8449291139841,6646.21786381304,82.6266474723816,36.421450689435,410.951008841395,0,2.37037229537964,12.7165004909039,8.55079850554466,27.3735725134611,2.19999313354492,12.8226107358932,0,88.7482011020184,0,0,0,0,0,5.92179074883461,48.0317947119474,0,2.24095225334167,0,0,0,4.18968316912651,6678.75111079961,559.768910840154,1456.70392535627,2.49894291162491,77.5055326521397,3.36360532045364,970.650890693069,0,0,0,0,0,4746.14012552798,4535.20543272793,0,356.185075849295,46.0888885259628,6.98506681621075,0,4.19036036729813,19.5858950018883,30.0919675156474,165.717226997018,265.684398002923,104.977014452219,1.27478504180908,219.512926958501,0,0,0.194053202867508,0,0,16.6289074122906,616.280057564378,0.918616503477097,12.535217538476,31.4137932732701,0.164344891905785,1.41459567844868,13.3875887915492,1874.08829517663,3296.65969818085,4019.26202119887,1427.09608027339,1348.26614577323,43.6091820001602,1831.92197117209,0,0.36430524289608,5.82603330910206,0.273223698139191,27.8449291139841,4535.20543272793,12854.8281584457,10.4103480279446,277.501068934798,386.307056166232,32.721197552979,0,0,0,0,0,3.97710138559341,7.16814550757408,0,3.21432507038116,29.4513343572617,0,0,0,0,0,4.28227776288986,0,0,2.52809819579124,0,584.865769684315,254.252065986395,0.622851699590683,31.9439006149769,1.10611239075661,587.689512275159,3546.52546557784,31.5304998904467,180.960937067866,1593.06992270052,27.9435932040215,4189.51783907413,1082.403523013,6646.21786381304,0,10.4103480279446,7243.08057332039,147.459349170327,49.0418082922697,679.176158338785,0,0,8.72028747200966,6.93952399492264,15.3172338008881,10.2135495021939,4.42073060572147,0,73.909515619278,0,0,0,0,0,6.52070239186287,33.6384354829788,0,1.55743402242661,4.75562839210033,0,221.820842832327,3387.74627158791,1251.96367068589,366.157148107886,157.496238544583,120.353377699852,1657.0506895408,1332.96925398707,5432.1050670892,0.937663435935974,310.540135905147,213.794158861041,16.8373607099056,82.6266474723816,356.185075849295,277.501068934798,147.459349170327,918.168451726437,856.995534077287,419.224606484175,0.828864276409149,4.00144277513027,1.24763298034668,0.8748978972435,7.76007227599621,120.26881890744,38.4117596298456,108.693577885628,143.425049737096,0,0,0,0,0,0,87.1452116891742,1.5999915599823,2.83429108560085,4742.10022373497,0.517748653888702,18.1212120354176,484.595052346587,167.787560105324,265.915568187833,48.0359688252211,1129.90859726071,2582.71500689536,1628.17499876022,4956.80097361654,0,53.8154550641775,26.4416193217039,0,36.421450689435,46.0888885259628,386.307056166232,49.0418082922697,856.995534077287,4725.81326710433,457.848343029618,0,0,0,0,0.496108323335648,20.2874252572656,11.9156090319157,3.34106612205505,11.8580946922302,0,0,0,0,0,0,9.95566552877426,0,0,10.4657703638077,1.85848164558411,142.718779310584,1255.21701645106,37.3298975974321,234.06169449538,3.63221327960491,532.780285030603,5602.69809404761,237.553394645452,610.557950675488,1.08839100599289,40.6062104552984,1577.83025941253,29.9650845527649,410.951008841395,6.98506681621075,32.721197552979,679.176158338785,419.224606484175,457.848343029618,4806.25561988354
