9034.51492529362,816.851944431663,0,0,0,880.754716351628,37.859001532197,881.656134396791,15.5862967967987,1464.27557224035,3188.84664607048,1963.08099785447,7805.575613603,2340.14840807021,0,4.80050134658813,744.262515380979,103.514450699091,9.75284135341644,42.7530056387186,1726.32610234618,0,0,0,0,206.033860787749,0.507989168167114,0.682983219623566,0,989.024103790522,0.372676879167557,0,1.10496094822884,3.5463952422142,0,0,0,0,0,0,816.851944431663,40140.3014016002,799.079315587878,115.812751926482,17.0767404586077,192.185109697282,3746.13449256122,4645.20601391792,1576.23273299634,0.795424580574036,6840.54175379872,2561.92217420787,945.051087617874,242.582326352596,48.0579919815063,237.788170203567,416.697884082794,4613.29042729735,70.2004234790802,2803.27760975808,0,0,0.974999994039536,2.60489524900913,1.01922532916069,26.5366789996624,18.6588310599327,0,19.9707338660955,0,1.01254904270172,0.811712116003036,0,4.26938644051552,0,14.9741224348545,3.31822767853737,0.421839103102684,5.54553346335888,3.66663035750389,0,799.079315587878,11608.7574336603,902.83284907043,1826.5959713757,1.61271260678768,1308.49403783679,2.10435342788696,6539.98833245039,0,0,0,0,0,6305.5972251296,1327.24333617091,1.39224703609943,3971.78716761619,4.71717512607574,1.5568955540657,0,0,1.68080008029938,2.75547610223293,7.92290396988392,1.47370520234108,2.83109718561172,0,64.8827392831445,0,0,0,0,0,0,5.1271595954895,0,0.474736213684082,1.41742622852325,0,0,115.812751926482,902.83284907043,2790.037625283,93.1790583133698,10.0666438490152,1814.4312883243,8.49201881885529,896.728360690176,0,0,0.922657027840614,0,0.654099673032761,812.588181450963,2110.16420128196,24.2629910260439,250.402075007558,38.3804753273726,39.9713710546494,0,2.17128404974937,0.24599215388298,27.0709967911243,4.36569358408451,12.5938276797533,12.3427268564701,0,98.8903018310666,0,0,0,0,0,0.806480199098587,40.23280287534,1.34716209769249,9.93169767409563,14.492139980197,0.674818336963654,0,17.0767404586077,1826.5959713757,93.1790583133698,1594.96237337589,341.762153863907,154.410593762994,0.169800445437431,2970.17553959787,0,0,0,0,1.89172640442848,1257.47536346316,3362.83873713762,0,210.673937574029,13.562854796648,1.11179299652576,0,0.352379158139229,17.7790902554989,96.8795030415058,37.2731891721487,38.6833351552486,38.428586050868,1.28659641742706,347.677875250578,0,0,0,0,1.56304228305817,5.67087313532829,273.505649194121,0,14.5874037966132,5.77601128816605,4.15066002309322,880.754716351628,192.185109697282,1.61271260678768,10.0666438490152,341.762153863907,4072.18814098835,1779.98958314955,85.3318739682436,479.486339010298,0,66.8704063147306,171.630982726812,0.883278965950012,2052.96556636691,0.513824209570885,812.487609863281,241.628620505333,30.9614391326904,29.7767847925425,218.041708528996,82.6044363677502,7.83567902445793,0,6.3017163425684,1.25098624825478,921.545881554484,135.885715693235,1.53211089968681,165.3311047405,0,1.01924574375153,4.95041689276695,0.474491655826569,72.0211631655693,0,139.436027355492,1.49816560745239,8.74024426937103,25.0407890677452,9.73191650211811,37.859001532197,3746.13449256122,1308.49403783679,1814.4312883243,154.410593762994,1779.98958314955,18407.125905484,94.78868958354,3199.65694794804,0,41.3670100569725,268.435336485505,0.984866857528687,3165.60497864336,282.670059800148,2643.18495421857,4021.45269164443,2287.26073908061,378.243917420506,5835.6492998898,0,0.80024679005146,1.80915051698685,13.6333949118853,4.03384760022163,250.221382945776,367.97374342382,2.36121451854706,167.425171211362,0,0,1.73200607299805,0,70.4920537471771,0,151.020237244666,2.95067247748375,5.43588169664145,26.7650621682405,6.65719740092754,881.656134396791,4645.20601391792,2.10435342788696,8.49201881885529,0.169800445437431,85.3318739682436,94.78868958354,5603.87020412087,3402.6902795583,0,3844.91920490563,0.514947474002838,1.8128220140934,0,0.209001585841179,118.558947198093,3.72440624237061,1454.13378067315,1651.4935220927,8.37511856853962,7.35150218009949,0,0,0.890609800815582,0,11.1031594574451,0.253611922264099,18.4066145718098,12.5311247110367,0,0.385318756103516,0,0,0,0,7.33675514161587,0,0,19.4204107224941,0,15.5862967967987,1576.23273299634,6539.98833245039,896.728360690176,2970.17553959787,479.486339010298,3199.65694794804,3402.6902795583,15515.0326136202,0,293.456252217293,11.2967622131109,0.376882195472717,151.056722939014,543.449690952897,2865.22558815777,166.813442915678,3988.4845951125,4270.25853064656,293.594889365137,0,4.63588275015354,90.1826958358288,131.416418895125,84.3794429153204,209.323500841856,131.647848859429,31.9211852550507,3778.0367321372,0,0,0.253325045108795,0,6.65883678197861,9.55166514217854,290.590501628816,1.11284421384335,35.0992653518915,126.529597193003,7.67897474765778,1464.27557224035,0.795424580574036,0,0,0,0,0,0,0,860.891776233912,4.36766019463539,66.1170805096626,2326.6376619339,662.0414288342,0,0,1575.78200048208,0,0,0,319.419240087271,0,0,0,0,0,0,0,0,801.735478803515,2.96471130847931,2.1110053062439,236.342858701944,3.00704863667488,0,0,0,0,0,0,3188.84664607048,6840.54175379872,0,0,0,66.8704063147306,41.3670100569725,3844.91920490563,293.456252217293,4.36766019463539,6430.45901082456,280.37970353663,1898.90536184609,75.4713468104601,0,1.61945420503616,49.4806221574545,464.461349338293,10.6338992416859,66.3917045891285,14.8092339932919,0,0,0,0,2.60642908513546,1.15954487025738,0,0.486420959234238,1.61138090491295,0,0,0,0.907896310091019,0,0,0,0,0,0.997069016098976,1963.08099785447,2561.92217420787,0,0.922657027840614,0,171.630982726812,268.435336485505,0.514947474002838,11.2967622131109,66.1170805096626,280.37970353663,12851.4156084359,1996.40773831308,3045.85445551574,0,20.1289049834013,1479.16891027987,8.88219484686852,0,3707.68206042051,1.18692258000374,0,0,0,0,6.74859629571438,7.32027167081833,0,1.09437561035156,8.11622348427773,0,0.303927958011627,0,20.5685837566853,0,2.51774850487709,0,0,0.361669063568115,0,7805.575613603,945.051087617874,0,0,0,0.883278965950012,0.984866857528687,1.8128220140934,0.376882195472717,2326.6376619339,1898.90536184609,1996.40773831308,9858.28068107367,460.141061723232,0,0,656.817879959941,7.37654028832912,0,8.42831917107105,213.569435313344,0,0,0,0,0,0,0,0,545.305446490645,0,0,0,0,0,0,0,0,0,0,2340.14840807021,242.582326352596,0,0.654099673032761,1.89172640442848,2052.96556636691,3165.60497864336,0,151.056722939014,662.0414288342,75.4713468104601,3045.85445551574,460.141061723232,10139.9082855582,0,51.7584399580956,6831.72311784327,8.40569703280926,0,229.387591794133,8.73316961526871,0,0,0,0,86.0524419248104,164.60086607933,0,0.769452601671219,21.5137135088444,0,0,0,342.165120333433,0,3.83058345317841,0,0,0,0.208883956074715,0,48.0579919815063,6305.5972251296,812.588181450963,1257.47536346316,0.513824209570885,282.670059800148,0.209001585841179,543.449690952897,0,0,0,0,0,7347.24573744833,4905.39493330568,2.22294324636459,873.998118132353,1.0776322633028,3.33183969557285,0,0,0.215285405516624,3.03166462481022,0.231446236371994,0.212743908166885,1.23710826039314,0,19.6433292925358,0,0,0,0,0,0,6.26032131910324,0,0.256673097610474,0,0.421365708112717,4.80050134658813,237.788170203567,1327.24333617091,2110.16420128196,3362.83873713762,812.487609863281,2643.18495421857,118.558947198093,2865.22558815777,0,1.61945420503616,20.1289049834013,0,51.7584399580956,4905.39493330568,11241.4837856218,76.9861699491739,779.146863296628,377.528714105487,150.71107506752,0,7.49015656858683,29.1730162352324,236.330935448408,82.2210995703936,376.664429724216,228.393772423267,4.91910786926746,771.008044667542,0,0,0.276829540729523,0,10.6483753919601,13.4564424157143,980.899538718164,3.00396603345871,47.6811138615012,61.414540797472,18.4532618299127,744.262515380979,416.697884082794,1.39224703609943,24.2629910260439,0,241.628620505333,4021.45269164443,3.72440624237061,166.813442915678,1575.78200048208,49.4806221574545,1479.16891027987,656.817879959941,6831.72311784327,2.22294324636459,76.9861699491739,8666.08601413667,301.10992282629,25.8055291771889,1128.04153344035,0,1.0865985751152,0,1.4156585931778,0,22.9587903320789,11.075489461422,0,3.35860258340836,250.710783064365,0,2.34064973890781,0,116.583880215883,0,1.39276060461998,0,0,0.295770347118378,0,103.514450699091,4613.29042729735,3971.78716761619,250.402075007558,210.673937574029,30.9614391326904,2287.26073908061,1454.13378067315,3988.4845951125,0,464.461349338293,8.88219484686852,7.37654028832912,8.40569703280926,873.998118132353,779.146863296628,301.10992282629,1538.64448772371,251.115940958261,477.102921664715,0,0.678975284099579,0.619303703308105,5.67731587588787,1.35968308150768,14.538864120841,5.79170985519886,0,44.9686674326658,0,0,1.58458957076073,0,0.403419137001038,0,25.2353148162365,0,4.82968913018703,4.64607158303261,1.84207847714424,9.75284135341644,70.2004234790802,4.71717512607574,38.3804753273726,13.562854796648,29.7767847925425,378.243917420506,1651.4935220927,4270.25853064656,0,10.6338992416859,0,0,0,1.0776322633028,377.528714105487,25.8055291771889,251.115940958261,3942.73639023304,25.7274664416909,0,0.165439322590828,3.54366955161095,5.81542387604713,0,32.5904494822025,8.96354253590107,259.751541852951,279.527884930372,0,0.435447782278061,0,0,0,0,36.5833127945662,0.593988418579102,4.1326342523098,1420.51904945076,6.64415979385376,42.7530056387186,2803.27760975808,1.5568955540657,39.9713710546494,1.11179299652576,218.041708528996,5835.6492998898,8.37511856853962,293.594889365137,0,66.3917045891285,3707.68206042051,8.42831917107105,229.387591794133,3.33183969557285,150.71107506752,1128.04153344035,477.102921664715,25.7274664416909,6202.93037125468,0.269065380096436,0.399038046598434,0,0.672312900424004,0,36.601501584053,13.9095426946878,0,6.54739636182785,0,0,0.647148877382278,0.231146693229675,3.59229470789433,0,3.00636351108551,1.01477581262589,3.70648184418678,0.790241539478302,2.57373566925526,1726.32610234618,0,0,0,0,82.6044363677502,0,7.35150218009949,0,319.419240087271,14.8092339932919,1.18692258000374,213.569435313344,8.73316961526871,0,0,0,0,0,0.269065380096436,13700.8938671947,256.745874941349,0,0.958323240280151,0,2423.54778945446,47.2820050269365,927.545081466436,21.4736766815186,2668.51279731095,3549.19969742,1835.30736835301,6519.58144897223,2866.92047590017,0,0,245.170750692487,281.29957395792,102.277274221182,143.376516506076,0,0,0,2.17128404974937,0.352379158139229,7.83567902445793,0.80024679005146,0,4.63588275015354,0,0,0,0,0,0,7.49015656858683,1.0865985751152,0.678975284099579,0.165439322590828,0.399038046598434,256.745874941349,39165.5148324072,639.172834277153,56.7623332589865,18.8934544920921,16.8312634825706,1211.32108029723,5829.52980265021,549.115516647696,0.219262003898621,5338.12670731544,2781.98654808104,523.267359316349,25.3284922838211,17.6692683696747,46.1826874837279,146.085876181722,2497.20852813125,109.435545444489,3030.60353334993,0,0.974999994039536,1.68080008029938,0.24599215388298,17.7790902554989,0,1.80915051698685,0,90.1826958358288,0,0,0,0,0,0.215285405516624,29.1730162352324,0,0.619303703308105,3.54366955161095,0,0,639.172834277153,16042.7659844235,609.910872168839,2201.77282048762,10.3573009967804,1464.40036836267,22.6435939967632,6029.9119296968,0,0,2.50136080384254,0,0,5346.8641487062,2015.97871612757,4.82755917310715,2285.91195153445,28.5427815169096,35.8949355185032,0,2.60489524900913,2.75547610223293,27.0709967911243,96.8795030415058,6.3017163425684,13.6333949118853,0.890609800815582,131.416418895125,0,0,0,0,0,3.03166462481022,236.330935448408,1.4156585931778,5.67731587588787,5.81542387604713,0.672312900424004,0.958323240280151,56.7623332589865,609.910872168839,2217.97409513593,259.481229826808,28.1062160283327,2216.25602395833,67.1827972084284,1733.84683309495,0,0.823480814695358,13.4231363683939,0,0.455676689743996,895.505093328655,1169.45348612219,30.64442050457,477.885748662055,157.349649854004,241.709321856499,0,1.01922532916069,7.92290396988392,4.36569358408451,37.2731891721487,1.25098624825478,4.03384760022163,0,84.3794429153204,0,0,0,0,0,0.231446236371994,82.2210995703936,0,1.35968308150768,0,0,0,18.8934544920921,2201.77282048762,259.481229826808,2493.83762720227,1231.50035785139,193.292630597949,2.49366438388824,4095.82843925804,0,0,0.226201876997948,0,3.74513076245785,639.511626198888,4997.23242513835,1.60814702510834,156.783288583159,18.8441499769688,5.18955989181995,206.033860787749,26.5366789996624,1.47370520234108,12.5938276797533,38.6833351552486,921.545881554484,250.221382945776,11.1031594574451,209.323500841856,0,2.60642908513546,6.74859629571438,0,86.0524419248104,0.212743908166885,376.664429724216,22.9587903320789,14.538864120841,32.5904494822025,36.601501584053,2423.54778945446,16.8312634825706,10.3573009967804,28.1062160283327,1231.50035785139,4599.09275977314,2409.23232211173,126.296066939831,970.228075556457,1.80728834867477,25.1909849047661,124.407983452082,12.7368973195553,2916.8094766736,2.52817620337009,1322.32194190472,192.829409450293,38.5438303649426,158.416842482984,129.867470629513,0.507989168167114,18.6588310599327,2.83109718561172,12.3427268564701,38.428586050868,135.885715693235,367.97374342382,0.253611922264099,131.647848859429,0,1.15954487025738,7.32027167081833,0,164.60086607933,1.23710826039314,228.393772423267,11.075489461422,5.79170985519886,8.96354253590107,13.9095426946878,47.2820050269365,1211.32108029723,1464.40036836267,2216.25602395833,193.292630597949,2409.23232211173,17271.8797935545,274.693011969328,3246.26887810975,0.915245115756989,4.65412318706512,652.891894355416,37.8818341940641,2788.35402780771,257.60464707762,1719.08105105162,2948.34405292571,2170.33547581732,891.069175697863,5238.7002267465,0.682983219623566,0,0,0,1.28659641742706,1.53211089968681,2.36121451854706,18.4066145718098,31.9211852550507,0,0,0,0,0,0,4.91910786926746,0,0,259.751541852951,0,927.545081466436,5829.52980265021,22.6435939967632,67.1827972084284,2.49366438388824,126.296066939831,274.693011969328,7526.94130378962,3142.4825938642,0,4210.12932147086,6.17419746518135,26.5762365609407,2.28330260515213,4.8384200334549,188.766249410808,13.556193754077,2252.68657018244,1847.01775676012,95.4736131280661,0,19.9707338660955,64.8827392831445,98.8903018310666,347.677875250578,165.3311047405,167.425171211362,12.5311247110367,3778.0367321372,0,0.486420959234238,1.09437561035156,0,0.769452601671219,19.6433292925358,771.008044667542,3.35860258340836,44.9686674326658,279.527884930372,6.54739636182785,21.4736766815186,549.115516647696,6029.9119296968,1733.84683309495,4095.82843925804,970.228075556457,3246.26887810975,3142.4825938642,10703.8222770914,0,30.4761765897274,105.286793455482,9.53610934317112,140.980850622058,529.316634342074,2087.5253284201,140.876337856054,5292.98405206949,3647.87258020043,797.416245765984,989.024103790522,0,0,0,0,0,0,0,0,801.735478803515,1.61138090491295,8.11622348427773,545.305446490645,21.5137135088444,0,0,250.710783064365,0,0,0,2668.51279731095,0.219262003898621,0,0,0,1.80728834867477,0.915245115756989,0,0,2473.17689312994,59.196947619319,62.4917861372232,2668.47798879445,864.991465240717,0,0,1160.87571901083,0,0,0,0.372676879167557,1.01254904270172,0,0,0,1.01924574375153,0,0.385318756103516,0,2.96471130847931,0,0,0,0,0,0,0,0,0.435447782278061,0,3549.19969742,5338.12670731544,0,0.823480814695358,0,25.1909849047661,4.65412318706512,4210.12932147086,30.4761765897274,59.196947619319,8934.08570934832,118.733709365129,3137.07789778709,108.404594600201,0,0.94970428943634,22.9435263425112,79.6317506432533,5.4310108423233,61.6029832959175,0,0.811712116003036,0,0,0,4.95041689276695,1.73200607299805,0,0.253325045108795,2.1110053062439,0,0.303927958011627,0,0,0,0.276829540729523,2.34064973890781,1.58458957076073,0,0.647148877382278,1835.30736835301,2781.98654808104,2.50136080384254,13.4231363683939,0.226201876997948,124.407983452082,652.891894355416,6.17419746518135,105.286793455482,62.4917861372232,118.733709365129,14425.9946502,1673.62065345049,2042.39714221656,0.482333555817604,23.313728094101,3172.92140048742,97.8259320706129,7.20402571558952,3119.39568343759,1.10496094822884,0,0,0,0,0.474491655826569,0,0,0,236.342858701944,0,0,0,0,0,0,0,0,0,0.231146693229675,6519.58144897223,523.267359316349,0,0,0,12.7368973195553,37.8818341940641,26.5762365609407,9.53610934317112,2668.47798879445,3137.07789778709,1673.62065345049,8948.35709320009,1342.8219987303,0,0.570829376578331,773.046179309487,30.7257934510708,1.05109548568726,114.86865529418,3.5463952422142,4.26938644051552,0,0,1.56304228305817,72.0211631655693,70.4920537471771,0,6.65883678197861,3.00704863667488,0.907896310091019,20.5685837566853,0,342.165120333433,0,10.6483753919601,116.583880215883,0.403419137001038,0,3.59229470789433,2866.92047590017,25.3284922838211,0,0.455676689743996,3.74513076245785,2916.8094766736,2788.35402780771,2.28330260515213,140.980850622058,864.991465240717,108.404594600201,2042.39714221656,1342.8219987303,10559.5254168808,0,46.3625761419535,4522.93427984416,4.30513846874237,13.7991926372051,101.227634504437,0,0,0,0.806480199098587,5.67087313532829,0,0,0,9.55166514217854,0,0,0,0,0,0,13.4564424157143,0,0,0,0,0,17.6692683696747,5346.8641487062,895.505093328655,639.511626198888,2.52817620337009,257.60464707762,4.8384200334549,529.316634342074,0,0,0.482333555817604,0,0,6630.32202400267,3692.26180381328,0.455261185765266,352.948251530528,4.17679975926876,11.3829999864101,0,14.9741224348545,5.1271595954895,40.23280287534,273.505649194121,139.436027355492,151.020237244666,7.33675514161587,290.590501628816,0,0,2.51774850487709,0,3.83058345317841,6.26032131910324,980.899538718164,1.39276060461998,25.2353148162365,36.5833127945662,3.00636351108551,0,46.1826874837279,2015.97871612757,1169.45348612219,4997.23242513835,1322.32194190472,1719.08105105162,188.766249410808,2087.5253284201,0,0.94970428943634,23.313728094101,0.570829376578331,46.3625761419535,3692.26180381328,10005.9140784964,35.1951775103807,351.815389573574,649.602537356317,143.236348561943,0,3.31822767853737,0,1.34716209769249,0,1.49816560745239,2.95067247748375,0,1.11284421384335,0,0,0,0,0,0,3.00396603345871,0,0,0.593988418579102,1.01477581262589,245.170750692487,146.085876181722,4.82755917310715,30.64442050457,1.60814702510834,192.829409450293,2948.34405292571,13.556193754077,140.876337856054,1160.87571901083,22.9435263425112,3172.92140048742,773.046179309487,4522.93427984416,0.455261185765266,35.1951775103807,10967.1679071561,135.930928647518,43.0383154600859,1355.32972078025,0,0.421839103102684,0.474736213684082,9.93169767409563,14.5874037966132,8.74024426937103,5.43588169664145,0,35.0992653518915,0,0,0,0,0,0.256673097610474,47.6811138615012,0,4.82968913018703,4.1326342523098,3.70648184418678,281.29957395792,2497.20852813125,2285.91195153445,477.885748662055,156.783288583159,38.5438303649426,2170.33547581732,2252.68657018244,5292.98405206949,0,79.6317506432533,97.8259320706129,30.7257934510708,4.30513846874237,352.948251530528,351.815389573574,135.930928647518,1444.56288947165,270.562386147678,975.086432486773,0,5.54553346335888,1.41742622852325,14.492139980197,5.77601128816605,25.0407890677452,26.7650621682405,19.4204107224941,126.529597193003,0,0,0.361669063568115,0,0,0,61.414540797472,0.295770347118378,4.64607158303261,1420.51904945076,0.790241539478302,102.277274221182,109.435545444489,28.5427815169096,157.349649854004,18.8441499769688,158.416842482984,891.069175697863,1847.01775676012,3647.87258020043,0,5.4310108423233,7.20402571558952,1.05109548568726,13.7991926372051,4.17679975926876,649.602537356317,43.0383154600859,270.562386147678,2916.66265065968,213.566483289003,0,3.66663035750389,0,0.674818336963654,4.15066002309322,9.73191650211811,6.65719740092754,0,7.67897474765778,0,0.997069016098976,0,0,0.208883956074715,0.421365708112717,18.4532618299127,0,1.84207847714424,6.64415979385376,2.57373566925526,143.376516506076,3030.60353334993,35.8949355185032,241.709321856499,5.18955989181995,129.867470629513,5238.7002267465,95.4736131280661,797.416245765984,0,61.6029832959175,3119.39568343759,114.86865529418,101.227634504437,11.3829999864101,143.236348561943,1355.32972078025,975.086432486773,213.566483289003,7459.6904521361
