8229.8299895525,467.754719220102,0,0,0,528.890366122127,98.2321215048432,588.131778910756,5.51047050952911,1827.30140644312,4351.8054523766,640.457212246954,10478.9844334498,1380.5018209666,0,2.25912126898766,530.871671810746,11.4870420694351,9.92502178251743,47.7646735012531,2138.82583913207,0,0,0,0,4.28944323956966,0.275976657867432,0,0,1024.99903635681,0,0,0,0.992738723754883,0,0,0,0,0,1.57717132568359,467.754719220102,39176.939396739,920.461582407355,299.700768783689,5.81880681216717,412.032908953726,5797.9220739305,4028.07519804686,1095.18917446584,0.642494022846222,6626.03211706877,3701.85383984447,369.380599945784,627.507536292076,19.1856631338596,293.07405910641,571.323332473636,4354.72631248087,244.061396226287,3313.04847519845,4.13666719198227,0.364535078406334,0,3.61022984981537,2.30433712899685,31.6513520777225,14.9148246273398,4.14062714576721,12.6728125661612,0,0,0.676607310771942,0,7.74516554176807,0,15.5919136479497,2.40945562720299,7.37156729400158,8.80053240060806,3.13647191226482,0,920.461582407355,17526.7182691768,939.91185221076,1927.10166449845,22.0155685693026,1543.43808621913,171.150299161673,5132.49160744995,0,35.7703340649605,0,0,0,10169.9307238013,2332.32353827357,0,1678.99526868761,12.6188850998878,1.35254865884781,0,1.32235324382782,131.584472604096,9.8249753266573,198.791932672262,2.17126889526844,8.534902356565,0,237.673935815692,0,0,0,0,0,5.83632679283619,38.6451398357749,0,13.7151731550694,0.275664806365967,0,0,299.700768783689,939.91185221076,4620.72645646334,220.412880688906,46.914103269577,2262.88867711276,42.6578377485275,914.226532384753,0,1.91625726222992,1.97223925590515,0,6.43966647982597,748.530229300261,2062.51789499819,4.85560367256403,402.913868553936,113.782606706023,25.9645030200481,0,1.94340328872204,10.6327491700649,48.1484829187393,60.6593790948391,18.1443718373775,31.9596136584878,0.236730515956879,64.7279895544052,0,0,0,0,0,7.07469153404236,91.5599552616477,0.94435441493988,14.0250253975391,32.0704230964184,10.4381894022226,0,5.81880681216717,1927.10166449845,220.412880688906,1592.40398237109,459.801697015762,46.8936583846807,2.3540321290493,2945.11925004423,0,0,0,0,0,1094.73068833351,3650.1750292033,0,460.100994691253,19.4957582354546,0,0,5.03493291139603,111.731214180589,79.061687797308,438.042515069246,57.8151109963655,10.862716794014,0,325.932033583522,0,0,0,0,0,44.040771022439,280.45675213635,0,92.5543785095215,1.22915267944336,0.292794018983841,528.890366122127,412.032908953726,22.0155685693026,46.914103269577,459.801697015762,4401.2548738867,1884.99286384135,511.420340761542,807.849244013429,0,176.497367694974,375.758078873158,12.4601005166769,1738.66475202888,13.7554535418749,1116.25994563103,212.096396908164,80.6326943039894,384.911328330636,121.11775700748,3.39081811904907,0.564736366271973,1.75052744150162,15.7906052917242,68.1121042072773,383.702573731542,67.8397423699498,6.43922448158264,97.5538990199566,0,0.367160230875015,0,0,1.7023714184761,1.20340096950531,214.504664301872,1.93337833881378,14.8522793501616,48.8221330344677,1.32852441072464,98.2321215048432,5797.9220739305,1543.43808621913,2262.88867711276,46.8936583846807,1884.99286384135,26610.7312337831,626.763012290001,3604.27963583171,0.354874163866043,129.031321108341,646.218277223408,21.7088721990585,2230.78850077093,79.9841987192631,2517.38133521378,3567.96838455647,2617.08233083785,1429.1852459982,6505.69232977927,0.270849615335464,3.12013390660286,1.80434627830982,17.8977046608925,21.8533181399107,122.885287761688,369.351934760809,8.85345797240734,112.783156082034,0,0.700248539447784,1.54772787541151,0,10.6947504281998,0.799028694629669,191.850600712001,16.3576475977898,18.3840139955282,146.924951799214,23.2454786300659,588.131778910756,4028.07519804686,171.150299161673,42.6578377485275,2.3540321290493,511.420340761542,626.763012290001,4648.72852136195,3057.97624906898,0,3578.94157490134,5.61662857234478,1.2637619972229,132.170187994838,0,132.78159737587,14.4267524927855,3137.21853008866,1739.15403434634,86.4322527050972,6.92469283938408,0.949974060058594,0,0.469880312681198,0.273707687854767,84.3835170418024,9.04597789049149,62.105242729187,10.9050904512405,0,0,0,0,8.64083750545979,0,2.80107188224792,5.33740425109863,1.57482862472534,118.303451582789,0,5.51047050952911,1095.18917446584,5132.49160744995,914.226532384753,2945.11925004423,807.849244013429,3604.27963583171,3057.97624906898,9312.81038869917,0,237.817278504372,45.2923487126827,4.45257595181465,154.594312444329,557.967174395919,2266.95448035747,75.1715823933482,6883.78389924765,4339.9151018858,117.624271914363,0,2.68689122796059,145.963676482439,52.8313284665346,762.535799592733,87.3301837742329,87.434878103435,7.32521924376488,1529.52349452674,0,0,0,0,7.72276759147644,34.7724822312593,177.109587825835,16.6750917732716,95.9727917760611,473.23677650094,9.03670038282871,1827.30140644312,0.642494022846222,0,0,0,0,0.354874163866043,0,0,1148.61993226409,32.8652412593365,71.1220047771931,2468.66504554451,300.713278710842,0,0.858018100261688,1284.74795284867,0,0,0,397.688447386026,0,0,0,0,0,0,0,0,696.010276228189,0,0,37.1135270595551,0,0,0,0,0,0,0,4351.8054523766,6626.03211706877,35.7703340649605,1.91625726222992,0,176.497367694974,129.031321108341,3578.94157490134,237.817278504372,32.8652412593365,8084.93337866664,260.73562720418,3606.17440056801,362.253910861909,0,6.31971960514784,44.0573718547821,1108.82023920119,51.2397745847702,45.3281355053186,37.7880708575249,0,0,0,0,1.49719554185867,3.26522561907768,0,0.400709688663483,16.5194884538651,0,0,0,0,0,0,2.45855107903481,0,0,0.301165580749512,640.457212246954,3701.85383984447,0,1.97223925590515,0,375.758078873158,646.218277223408,5.61662857234478,45.2923487126827,71.1220047771931,260.73562720418,8050.13637433946,845.555534482002,2444.91029074788,0,6.164357021451,1691.9955291301,85.4742316305637,10.1096463650465,1976.13138088584,2.09994000196457,2.7629873752594,0,0,0,9.0498601347208,5.95980840921402,0,0,10.8092986643314,0,0,0,0,0,0.567376434803009,1.64686214923859,1.62745368480682,2.27878922224045,0,10478.9844334498,369.380599945784,0,0,0,12.4601005166769,21.7088721990585,1.2637619972229,4.45257595181465,2468.66504554451,3606.17440056801,845.555534482002,8015.56096746027,928.257704257965,0,0,1017.97953340411,4.12007585167885,1.12279632687569,15.7923326939344,647.914595276117,0,0,0,0,0,0,0,0,1041.66778278351,0,0,0,0,0,0,0,0,0,0,1380.5018209666,627.507536292076,0,6.43966647982597,0,1738.66475202888,2230.78850077093,132.170187994838,154.594312444329,300.713278710842,362.253910861909,2444.91029074788,928.257704257965,6073.43812569976,0,22.3055764138699,5370.36316908896,38.0577099323273,20.6798342168331,137.809952445328,2.56895476579666,0,0,0,0,6.65047070384026,15.0359842181206,0,0,64.8371342420578,0,0,0,4.73129081726074,0,0.156403541564941,0,0,1.07046213746071,0,0,19.1856631338596,10169.9307238013,748.530229300261,1094.73068833351,13.7554535418749,79.9841987192631,0,557.967174395919,0,0,0,0,0,6878.63769692183,5393.17306239158,0,443.303227901459,6.72796729207039,0,0,1.40468762814999,4.6995951384306,5.00061777234077,20.3847487717867,0.849194347858429,1.51913809776306,0,24.8918323665857,0,0,0,0,0,3.77569980919361,19.303750410676,0,10.9233599305153,0.315469652414322,0,2.25912126898766,293.07405910641,2332.32353827357,2062.51789499819,3650.1750292033,1116.25994563103,2517.38133521378,132.78159737587,2266.95448035747,0.858018100261688,6.31971960514784,6.164357021451,0,22.3055764138699,5393.17306239158,14994.1208532304,19.360092818737,651.31406275928,609.918269276619,45.4210916310549,0,12.417099237442,66.2446237355471,170.883527435362,472.307202085853,268.804098621011,228.886616401374,4.37095820903778,312.037173740566,0,0.377526760101318,1.98424024879932,0,1.67145569622517,30.0533686131239,766.382776200771,3.86298008263111,95.8797907605767,101.170112371445,14.911119312048,530.871671810746,571.323332473636,0,4.85560367256403,0,212.096396908164,3567.96838455647,14.4267524927855,75.1715823933482,1284.74795284867,44.0573718547821,1691.9955291301,1017.97953340411,5370.36316908896,0,19.360092818737,7485.55541262031,104.926581501961,27.9808362424374,502.950168438256,19.6062814295292,0,0,0,0,12.3662625253201,3.79511427879333,0,0,233.464823156595,0,0,0,0,0,0.368500500917435,0,0,0,0,11.4870420694351,4354.72631248087,1678.99526868761,402.913868553936,460.100994691253,80.6326943039894,2617.08233083785,3137.21853008866,6883.78389924765,0,1108.82023920119,85.4742316305637,4.12007585167885,38.0577099323273,443.303227901459,651.31406275928,104.926581501961,1466.61497095227,650.724262028933,515.945120096207,0,0.239944219589233,7.1888497620821,8.74627155065536,45.9523425251245,6.50906236469746,3.76001553237438,0,52.4107530713081,0,0,0,0,1.81310081481934,12.6393591612577,27.9923112690449,2.99317765235901,21.3927011787891,34.5126987099648,1.88946378231049,9.92502178251743,244.061396226287,12.6188850998878,113.782606706023,19.4957582354546,384.911328330636,1429.1852459982,1739.15403434634,4339.9151018858,0,51.2397745847702,10.1096463650465,1.12279632687569,20.6798342168331,6.72796729207039,609.918269276619,27.9808362424374,650.724262028933,3481.50289388001,83.5039718151093,5.08869311213493,4.04715952277184,4.01988068223,3.28120869398117,1.31478136777878,161.206627771258,25.567288979888,244.67533108592,265.601019918919,0,0,0,0,5.04210472106934,0.572309374809265,20.4103709459305,8.16551202535629,6.91684648394585,2731.16507917643,2.67089807987213,47.7646735012531,3313.04847519845,1.35254865884781,25.9645030200481,0,121.11775700748,6505.69232977927,86.4322527050972,117.624271914363,0,45.3281355053186,1976.13138088584,15.7923326939344,137.809952445328,0,45.4210916310549,502.950168438256,515.945120096207,83.5039718151093,6335.23021841049,0,0.306016951799393,0,0,0.391321539878845,11.1260540187359,1.73595306277275,0,4.68269453942776,0,0,3.73804044723511,0,0.426390379667282,0,3.81839509308338,0,2.30993074178696,1.03856875002384,0.919631540775299,2138.82583913207,4.13666719198227,0,0,0,3.39081811904907,0.270849615335464,6.92469283938408,0,397.688447386026,37.7880708575249,2.09994000196457,647.914595276117,2.56895476579666,0,0,19.6062814295292,0,5.08869311213493,0,12682.171688512,756.185326322913,0.595568060874939,4.02254863083363,0,763.15383811295,315.52720169723,1193.75851935148,45.9710325598717,4149.14484143257,4137.6971539706,971.91529250145,6881.6525170356,2454.34461195767,0,5.2167686522007,449.029527187347,193.560669541359,10.6091366410255,156.647167354822,0,0.364535078406334,1.32235324382782,1.94340328872204,5.03493291139603,0.564736366271973,3.12013390660286,0.949974060058594,2.68689122796059,0,0,2.7629873752594,0,0,1.40468762814999,12.417099237442,0,0.239944219589233,4.04715952277184,0.306016951799393,756.185326322913,33468.6460382491,1523.75762148201,201.920259028673,15.2348149642348,169.210945591331,2812.73678730428,5381.87822705507,659.868062146008,0.204383254051208,6653.1741874516,2935.91007912159,471.707436427474,203.803502947092,61.4552327543497,107.098741725087,368.266773715615,3124.08109565079,328.311798498034,2438.19342125952,0,0,131.584472604096,10.6327491700649,111.731214180589,1.75052744150162,1.80434627830982,0,145.963676482439,0,0,0,0,0,4.6995951384306,66.2446237355471,0,7.1888497620821,4.01988068223,0,0.595568060874939,1523.75762148201,15040.8807363808,1143.1024222523,1947.16250465065,5.85992816090584,2614.89902014285,7.14615771174431,6408.27696399391,0,0.255169898271561,3.8644337952137,0,0.320197343826294,10700.8437241837,1107.47388520837,1.00753289461136,2744.79601433128,31.8620159476995,35.9800137728453,0,3.61022984981537,9.8249753266573,48.1484829187393,79.061687797308,15.7906052917242,17.8977046608925,0.469880312681198,52.8313284665346,0,0,0,0,0,5.00061777234077,170.883527435362,0,8.74627155065536,3.28120869398117,0,4.02254863083363,201.920259028673,1143.1024222523,3989.92219170183,231.839767798781,7.75680020451546,2606.02366892993,23.3774332106113,1231.16602536291,0,0.849297881126404,3.42852364480495,0.238403737545013,1.59363448619843,1070.41431184113,1874.02425660938,4.8969934284687,956.646511912346,39.7653296738863,134.096440397203,0,2.30433712899685,198.791932672262,60.6593790948391,438.042515069246,68.1121042072773,21.8533181399107,0.273707687854767,762.535799592733,0,0,0,0,0,20.3847487717867,472.307202085853,0,45.9523425251245,1.31478136777878,0.391321539878845,0,15.2348149642348,1947.16250465065,231.839767798781,2209.3305657655,516.597213953733,48.312539935112,0,2679.5647007376,0,0,0,0,0,1250.3147771582,3069.48055846989,0,748.907502517104,26.6023028194904,0.371029928326607,4.28944323956966,31.6513520777225,2.17126889526844,18.1443718373775,57.8151109963655,383.702573731542,122.885287761688,84.3835170418024,87.3301837742329,0,1.49719554185867,9.0498601347208,0,6.65047070384026,0.849194347858429,268.804098621011,12.3662625253201,6.50906236469746,161.206627771258,11.1260540187359,763.15383811295,169.210945591331,5.85992816090584,7.75680020451546,516.597213953733,3044.9788556695,2472.03108899295,626.649877294898,803.592040240765,9.32510559260845,160.651918664575,179.289166018367,28.5673862546682,1944.24952715635,1.23038309812546,1120.71080987155,164.122653618455,96.8332520127296,202.792866706848,185.380754902959,0.275976657867432,14.9148246273398,8.534902356565,31.9596136584878,10.862716794014,67.8397423699498,369.351934760809,9.04597789049149,87.434878103435,0,3.26522561907768,5.95980840921402,0,15.0359842181206,1.51913809776306,228.886616401374,3.79511427879333,3.76001553237438,25.567288979888,1.73595306277275,315.52720169723,2812.73678730428,2614.89902014285,2606.02366892993,48.312539935112,2472.03108899295,24115.68441917,556.055950425565,3457.05600892752,5.96477793157101,58.5244546532631,518.027320250869,73.0314547419548,1912.646352157,87.4688959270716,1143.25722203404,3414.1266463995,2055.58578243107,1043.06251568347,5653.56118154526,0,4.14062714576721,0,0.236730515956879,0,6.43922448158264,8.85345797240734,62.105242729187,7.32521924376488,0,0,0,0,0,0,4.37095820903778,0,0,244.67533108592,0,1193.75851935148,5381.87822705507,7.14615771174431,23.3774332106113,0,626.649877294898,556.055950425565,3023.35852344334,3757.26881027222,0,3874.25050023198,3.08947429060936,9.89104497432709,64.3038298636675,0.925891011953354,159.145106695592,17.5133496075869,2244.21470214427,1344.6854877919,123.720207601786,0,12.6728125661612,237.673935815692,64.7279895544052,325.932033583522,97.5538990199566,112.783156082034,10.9050904512405,1529.52349452674,0,0.400709688663483,0,0,0,24.8918323665857,312.037173740566,0,52.4107530713081,265.601019918919,4.68269453942776,45.9710325598717,659.868062146008,6408.27696399391,1231.16602536291,2679.5647007376,803.592040240765,3457.05600892752,3757.26881027222,7258.88201873004,0,162.527214959264,32.5732709616423,3.87323428690434,101.428558498621,1139.07789751887,2467.75768766552,42.4848684668541,5039.31673214585,5458.91083364189,385.407963789999,1024.99903635681,0,0,0,0,0,0,0,0,696.010276228189,16.5194884538651,10.8092986643314,1041.66778278351,64.8371342420578,0,0,233.464823156595,0,0,0,4149.14484143257,0.204383254051208,0,0,0,9.32510559260845,5.96477793157101,0,0,2538.82086694241,138.255972236395,82.5682209432125,2237.0740955025,591.962049856782,0,0,1426.87178610265,0,0,0,0,0,0,0,0,0.367160230875015,0.700248539447784,0,0,0,0,0,0,0,0,0.377526760101318,0,0,0,0,4137.6971539706,6653.1741874516,0.255169898271561,0.849297881126404,0,160.651918664575,58.5244546532631,3874.25050023198,162.527214959264,138.255972236395,9431.22439539433,269.06166023016,4344.52572380006,237.215595334768,0,1.11580453068018,89.3806536644697,281.518708631396,12.6214163303375,59.7723885923624,0,0.676607310771942,0,0,0,0,1.54772787541151,0,0,0,0,0,0,0,0,1.98424024879932,0,0,0,3.73804044723511,971.91529250145,2935.91007912159,3.8644337952137,3.42852364480495,0,179.289166018367,518.027320250869,3.08947429060936,32.5732709616423,82.5682209432125,269.06166023016,7586.23949593306,1125.54886305332,1483.33775557578,0,8.46933609247208,3323.40584406257,67.659692004323,8.11484310030937,1997.69214089215,0,0,0,0,0,0,0,0,0,37.1135270595551,0,0,0,0,0,0,0,0,0,0,6881.6525170356,471.707436427474,0,0.238403737545013,0,28.5673862546682,73.0314547419548,9.89104497432709,3.87323428690434,2237.0740955025,4344.52572380006,1125.54886305332,9065.32547517121,1587.80147315562,0,0.806162536144257,653.643931210041,9.86908103525639,1.09568300843239,26.2460530251265,0.992738723754883,7.74516554176807,0,0,0,1.7023714184761,10.6947504281998,8.64083750545979,7.72276759147644,0,0,0,0,4.73129081726074,0,1.67145569622517,0,1.81310081481934,5.04210472106934,0.426390379667282,2454.34461195767,203.803502947092,0.320197343826294,1.59363448619843,0,1944.24952715635,1912.646352157,64.3038298636675,101.428558498621,591.962049856782,237.215595334768,1483.33775557578,1587.80147315562,7376.82928989828,0,2.91355315595865,4475.20164221525,24.1361434161663,1.01513659954071,134.32129752636,0,0,5.83632679283619,7.07469153404236,44.040771022439,1.20340096950531,0.799028694629669,0,34.7724822312593,0,0,0,0,0,3.77569980919361,30.0533686131239,0,12.6393591612577,0.572309374809265,0,0,61.4552327543497,10700.8437241837,1070.41431184113,1250.3147771582,1.23038309812546,87.4688959270716,0.925891011953354,1139.07789751887,0,0,0,0,0,8222.96886113286,5408.17574629933,0,1411.71329202503,10.2956282198429,1.50531961023808,0,15.5919136479497,38.6451398357749,91.5599552616477,280.45675213635,214.504664301872,191.850600712001,2.80107188224792,177.109587825835,0,0,0.567376434803009,0,0.156403541564941,19.303750410676,766.382776200771,0.368500500917435,27.9923112690449,20.4103709459305,3.81839509308338,5.2167686522007,107.098741725087,1107.47388520837,1874.02425660938,3069.48055846989,1120.71080987155,1143.25722203404,159.145106695592,2467.75768766552,0,1.11580453068018,8.46933609247208,0.806162536144257,2.91355315595865,5408.17574629933,12580.050826028,9.57660981267691,992.543137170374,294.945408634841,139.266648694873,0,2.40945562720299,0,0.94435441493988,0,1.93337833881378,16.3576475977898,5.33740425109863,16.6750917732716,0,2.45855107903481,1.64686214923859,0,0,0,3.86298008263111,0,2.99317765235901,8.16551202535629,0,449.029527187347,368.266773715615,1.00753289461136,4.8969934284687,0,164.122653618455,3414.1266463995,17.5133496075869,42.4848684668541,1426.87178610265,89.3806536644697,3323.40584406257,653.643931210041,4475.20164221525,0,9.57660981267691,9517.73713770509,72.4990753680468,30.6404944807291,1291.74953653663,0,7.37156729400158,13.7151731550694,14.0250253975391,92.5543785095215,14.8522793501616,18.3840139955282,1.57482862472534,95.9727917760611,0,0,1.62745368480682,0,0,10.9233599305153,95.8797907605767,0,21.3927011787891,6.91684648394585,2.30993074178696,193.560669541359,3124.08109565079,2744.79601433128,956.646511912346,748.907502517104,96.8332520127296,2055.58578243107,2244.21470214427,5039.31673214585,0,281.518708631396,67.659692004323,9.86908103525639,24.1361434161663,1411.71329202503,992.543137170374,72.4990753680468,2795.53664821386,894.633090898395,487.971049338579,0,8.80053240060806,0.275664806365967,32.0704230964184,1.22915267944336,48.8221330344677,146.924951799214,118.303451582789,473.23677650094,0,0,2.27878922224045,0,1.07046213746071,0.315469652414322,101.170112371445,0,34.5126987099648,2731.16507917643,1.03856875002384,10.6091366410255,328.311798498034,31.8620159476995,39.7653296738863,26.6023028194904,202.792866706848,1043.06251568347,1344.6854877919,5458.91083364189,0,12.6214163303375,8.11484310030937,1.09568300843239,1.01513659954071,10.2956282198429,294.945408634841,30.6404944807291,894.633090898395,3472.76110234857,116.522063568234,1.57717132568359,3.13647191226482,0,10.4381894022226,0.292794018983841,1.32852441072464,23.2454786300659,0,9.03670038282871,0,0.301165580749512,0,0,0,0,14.911119312048,0,1.88946378231049,2.67089807987213,0.919631540775299,156.647167354822,2438.19342125952,35.9800137728453,134.096440397203,0.371029928326607,185.380754902959,5653.56118154526,123.720207601786,385.407963789999,0,59.7723885923624,1997.69214089215,26.2460530251265,134.32129752636,1.50531961023808,139.266648694873,1291.74953653663,487.971049338579,116.522063568234,4723.0349728018
