7832.963294819,525.517758607864,0.208770111203194,10.4382684379816,0.172305569052696,408.463685303926,233.108969062567,724.433453440666,57.7563899755478,1775.04237571359,1607.76064164937,728.536437273026,3883.79890355468,2269.84636496007,0,14.6889876276255,1006.08873784542,371.380543708801,175.433267384768,84.9978112280369,2128.04089640081,0,0,0,0,20.6893751323223,5.27003657817841,0,0,1232.3777282238,3.87025512754917,0,4.27564933896065,7.85580226778984,0,0,0,0.818676650524139,0,0,525.517758607864,26637.1889443994,728.708397418261,51.9873198717833,0.277242690324783,57.2601224780083,2332.94894872606,2564.8154360503,1191.66187267005,2.03777259588242,2473.90172860026,3074.11294912547,1322.96645447612,374.375736162066,0,19.1966909915209,625.360041551292,4235.55490799248,250.934566736221,2376.55674419552,0,0,0,0,0,16.5935054570436,3.22540712356567,0,0,0,0,0,0,5.67838338017464,0,0,0,0,1.44654732942581,0,0.208770111203194,728.708397418261,12945.4507167041,1708.51579105854,2726.9501606822,3.69253614544868,1944.91195566952,728.028353184462,2817.10871295631,0,31.9679854810238,0,0,1.66032767295837,8732.43950796127,1248.52420921624,0.620745629072189,2890.57765811682,7.13478223979473,9.46543881297112,0,0,76.7446931302547,0,61.7885219305754,0.97093965113163,0,0,0.421599715948105,0,0,0,0,0,0,30.6572956591845,0,0,0.227141976356506,0,10.4382684379816,51.9873198717833,1708.51579105854,5258.22413385659,1412.91059856117,319.763787515461,3545.00373809785,75.3557964339852,1631.17630920559,0,6.27826431393623,13.5747072994709,0,33.1190384477377,1940.59886856377,4248.95831331611,39.2929755151272,839.802423149347,295.058906659484,78.9944387748837,0,0,0,0,20.4478297382593,55.1695448458195,2.01711195707321,0,1.30248773097992,0,0,0,0,0.469660639762878,0,57.9077103734016,0,0,10.578991420567,0,0.172305569052696,0.277242690324783,2726.9501606822,1412.91059856117,3892.58279924095,349.16417311132,196.061234131455,6.1738450974226,5983.55396005511,0,0,0,0,1.76332706212997,1271.2645778954,4118.37862791121,3.54822270572186,592.460161790252,225.251154609025,3.6692456305027,0,0,18.8997474014759,0,2616.98757325113,72.791815251112,1.63920319080353,0,137.93148675561,0,0,0,0,0.238476157188416,11.0446834266186,429.463263139129,0,2.8158745765686,18.4800828546286,0,408.463685303926,57.2601224780083,3.69253614544868,319.763787515461,349.16417311132,3667.29187940061,3524.10918899626,410.307664439082,737.72462002933,24.1217857897282,12.5809924900532,154.47889688611,4.23187473416328,2388.93961679935,2.76216587424278,2830.61312238872,248.068160191178,183.608276188374,687.992223486304,77.8853890150785,0,0.184113681316376,0,0.807802587747574,350.474368095398,4167.61465393007,739.908743843436,5.80780345201492,132.510054245591,2.69798827171326,0,4.79477602243423,0,133.368220999837,1.27132965624332,611.000125616789,2.31293427944183,5.45366132259369,108.332142844796,8.77872748672962,233.108969062567,2332.94894872606,1944.91195566952,3545.00373809785,196.061234131455,3524.10918899626,21980.7312983274,263.004202947021,2408.2956058234,5.32409326732159,45.2743880003691,603.580151736736,17.5364227741957,1838.71627874672,86.2280694246292,2790.82337158918,1641.12887985259,1866.55205918103,1622.24358999729,4236.27657321841,0,2.70647737383842,0.341549560427666,1.59238922595978,2.0842103511095,948.019073203206,1279.34215120971,3.66799885034561,35.824617266655,1.76430514454842,0,2.21714963018894,0,52.9349504709244,0,108.119031473994,3.00424674153328,2.01658038794994,37.6868104115129,5.18179704248905,724.433453440666,2564.8154360503,728.028353184462,75.3557964339852,6.1738450974226,410.307664439082,263.004202947021,5803.46205833554,2633.95821206272,0,3421.35193416476,11.9540738165379,4.8580946624279,20.2158358693123,0,46.8836287781596,5.59481340646744,1934.97357219458,1367.6198336184,18.5009365230799,2.6792729049921,1.51438009738922,0,1.56546878814697,0,25.5520688295364,8.09061598777771,37.1083442270756,4.72365182638168,0,0,0,0,0,0,0,0,0,168.974521681666,0,57.7563899755478,1191.66187267005,2817.10871295631,1631.17630920559,5983.55396005511,737.72462002933,2408.2956058234,2633.95821206272,9079.96794033051,0,382.700531452894,61.8997299522161,6.84770402312279,139.444769114256,609.713895723224,1120.55758275837,69.4426348507404,6000.90877191722,3188.00360785425,112.772869199514,0,0,4.02491801977158,1.07812109589577,1252.94962947071,172.29129152,184.764967739582,21.7480060756207,735.689895927906,0,0,5.955437541008,0,14.0108329355717,4.61602714657784,28.1669410020113,4.40933579206467,14.0957654714584,401.186963498592,13.3826719522476,1775.04237571359,2.03777259588242,0,0,0,24.1217857897282,5.32409326732159,0,0,812.213763207197,1.14267909526825,177.67688202858,1065.46742033958,735.026577278972,0,0,2040.56851297617,0,1.45177066326141,1.26115661859512,473.15005838871,0,0,0,0,3.71875303983688,0.261297196149826,0,0,1775.78893388808,0,0,89.1897251307964,113.451082438231,0,0,15.7347650527954,0,0,0,1607.76064164937,2473.90172860026,31.9679854810238,6.27826431393623,0,12.5809924900532,45.2743880003691,3421.35193416476,382.700531452894,1.14267909526825,4533.96910011768,275.073479309678,505.729489773512,85.783993512392,0,2.01894976198673,70.3220888823271,602.580963954329,53.029461234808,26.1650725603104,41.6432678699493,0,0,0,0,0,0,0,0.279540479183197,0,6.22270259261131,0,0,0,0,0,0,0,19.6954109966755,0,728.536437273026,3074.11294912547,0,13.5747072994709,0,154.47889688611,603.580151736736,11.9540738165379,61.8997299522161,177.67688202858,275.073479309678,11490.4446729571,3472.54793438315,1118.35772918165,0,18.8079954236746,4917.35956764966,167.212854161859,29.0535727143288,2017.8391585499,8.62733492255211,0,0,0,0,30.3101250082254,7.71846210956573,0,0,6.12832182645798,0,0,0,10.5166830569506,0,0,0,0,0,1.99038088321686,3883.79890355468,1322.96645447612,0,0,0,4.23187473416328,17.5364227741957,4.8580946624279,6.84770402312279,1065.46742033958,505.729489773512,3472.54793438315,9087.85590980947,229.112959116697,0,0.740532606840134,2443.01302653551,7.30835148692131,0.756919264793396,39.1647373139858,58.6122955679893,0,0,0,0,0,0.421571314334869,0,0,123.549892678857,0,0,0,0.582236647605896,0,0,0,0,0,0,2269.84636496007,374.375736162066,1.66032767295837,33.1190384477377,1.76332706212997,2388.93961679935,1838.71627874672,20.2158358693123,139.444769114256,735.026577278972,85.783993512392,1118.35772918165,229.112959116697,7229.77261640131,0,65.7860490232706,5500.40488083661,240.009668812156,181.101239189506,342.733268454671,94.1771213114262,0,0,0,0,353.833925962448,141.19977581501,1.52792298793793,9.54854990541935,300.87856566906,0,0,0,1072.69009912014,0,0.344914853572845,0.334122031927109,0,0.158943578600883,0,0,0,8732.43950796127,1940.59886856377,1271.2645778954,2.76216587424278,86.2280694246292,0,609.713895723224,0,0,0,0,0,7214.80121280253,4467.25406986475,0,245.489228323102,1.00057083368301,1.03000864386559,0,0,31.7489919364452,0,66.601996704936,1.22018444538116,0,0,1.68313306570053,0,0,0,0,0,0.308934897184372,113.922028556466,0,0,0,0,14.6889876276255,19.1966909915209,1248.52420921624,4248.95831331611,4118.37862791121,2830.61312238872,2790.82337158918,46.8836287781596,1120.55758275837,0,2.01894976198673,18.8079954236746,0.740532606840134,65.7860490232706,4467.25406986475,17193.204799369,29.6232123672962,318.477564796805,351.594264812768,58.95385658741,0,0,3.40136510133743,0,1519.75031760335,794.560516148806,177.524342499673,0.491806998848915,12.1471022516489,0,0,0,0,3.13601745665073,2.00748209655285,1703.87088535726,0.331450909376144,0.944409310817719,11.8439823687077,0,1006.08873784542,625.360041551292,0.620745629072189,39.2929755151272,3.54822270572186,248.068160191178,1641.12887985259,5.59481340646744,69.4426348507404,2040.56851297617,70.3220888823271,4917.35956764966,2443.01302653551,5500.40488083661,0,29.6232123672962,10631.0919672772,233.01048694551,44.7557248175144,920.033226057887,19.020879149437,0,0,0,0,19.5530832856894,20.9066351056099,0,0,556.841769725084,0,0,0,235.386989697814,0,0.160628765821457,0,0,0,0,371.380543708801,4235.55490799248,2890.57765811682,839.802423149347,592.460161790252,183.608276188374,1866.55205918103,1934.97357219458,6000.90877191722,0,602.580963954329,167.212854161859,7.30835148692131,240.009668812156,245.489228323102,318.477564796805,233.01048694551,3930.65591977537,853.069577008486,433.080401495099,0,0,0,0,32.1940903067589,45.6608545780182,4.33166816830635,0,2.35804319381714,0,0,0,0,2.18482379615307,0,2.48449742794037,0,0,17.7812884449959,0,175.433267384768,250.934566736221,7.13478223979473,295.058906659484,225.251154609025,687.992223486304,1622.24358999729,1367.6198336184,3188.00360785425,1.45177066326141,53.029461234808,29.0535727143288,0.756919264793396,181.101239189506,1.00057083368301,351.594264812768,44.7557248175144,853.069577008486,1962.5039627254,93.7842403948307,0.654315054416656,3.30335080623627,0,2.45276733487844,1.58698153495789,687.363260775805,106.247383952141,55.1380373984575,576.11556018889,0,0.872077703475952,2.95198839902878,0,4.36210834980011,1.25844860076904,4.85062520205975,7.14966017007828,14.8693103939295,4471.70166563988,7.18561995029449,84.9978112280369,2376.55674419552,9.46543881297112,78.9944387748837,3.6692456305027,77.8853890150785,4236.27657321841,18.5009365230799,112.772869199514,1.26115661859512,26.1650725603104,2017.8391585499,39.1647373139858,342.733268454671,1.03000864386559,58.95385658741,920.033226057887,433.080401495099,93.7842403948307,5624.6085139364,0,0,0,0,0,14.0583491027355,3.13820298016071,0,0.373195260763168,0,0,0,0,3.73701609671116,0,0.310533225536346,0,0,0.518152117729187,0,2128.04089640081,0,0,0,0,0,0,2.6792729049921,0,473.15005838871,41.6432678699493,8.62733492255211,58.6122955679893,94.1771213114262,0,0,19.020879149437,0,0.654315054416656,0,14146.3546599597,610.300587758422,0.411411583423615,2.4665089994669,0,286.557195007801,68.5534991621971,997.87796792388,18.3909211829305,3591.12417386472,1550.05906295776,1091.4315944016,7902.75005605817,2242.0917930007,0.586581707000732,3.49070005118847,478.025647312403,30.8512139618397,49.4562281668186,64.4826312512159,0,0,0,0,0,0.184113681316376,2.70647737383842,1.51438009738922,0,0,0,0,0,0,0,0,0,0,3.30335080623627,0,610.300587758422,23312.6561192721,1037.6262960881,37.8372534364462,0.763194620609283,48.0381167829037,2575.5173458457,4743.22624760866,1191.34682033956,0,2954.72024476528,4334.20342090726,775.151342362165,74.2305455058813,2.44262929260731,17.8241835981607,156.593706920743,3071.56918290257,250.605777159333,2567.70596899092,0,0,76.7446931302547,0,18.8997474014759,0,0.341549560427666,0,4.02491801977158,0,0,0,0,0,31.7489919364452,3.40136510133743,0,0,0,0,0.411411583423615,1037.6262960881,15824.9150228798,815.244060710073,2601.95560781658,9.25581084191799,2848.37530383468,950.918539226055,3221.93413807452,0,28.8059960007668,5.44943706691265,0,0.633924126625061,8226.57738824189,1620.35025476664,4.23560726642609,1901.48685218394,32.5208797305822,54.9845263361931,0,0,0,0,0,0.807802587747574,1.59238922595978,1.56546878814697,1.07812109589577,0,0,0,0,0,0,0,0,0,2.45276733487844,0,2.4665089994669,37.8372534364462,815.244060710073,3387.26106058061,700.910191655159,118.974385842681,2969.68897756934,101.193906083703,1476.04942835122,0,0,33.2723016291857,0,5.1023483723402,1546.21007455885,2906.91565740108,17.8488017618656,1431.02072992921,204.646024025977,120.824832744896,0,0,61.7885219305754,20.4478297382593,2616.98757325113,350.474368095398,2.0842103511095,0,1252.94962947071,0,0,0,0,0,66.601996704936,1519.75031760335,0,32.1940903067589,1.58698153495789,0,0,0.763194620609283,2601.95560781658,700.910191655159,6906.9817468226,672.663484171033,115.774450272322,4.08207629621029,6207.96162386239,0,0,1.13749392330647,0,2.05847188830376,1595.39308255911,4187.85394048691,1.07338088750839,646.810167565942,115.104446962476,2.71006828546524,20.6893751323223,16.5935054570436,0.97093965113163,55.1695448458195,72.791815251112,4167.61465393007,948.019073203206,25.5520688295364,172.29129152,3.71875303983688,0,30.3101250082254,0,353.833925962448,1.22018444538116,794.560516148806,19.5530832856894,45.6608545780182,687.363260775805,14.0583491027355,286.557195007801,48.0381167829037,9.25581084191799,118.974385842681,672.663484171033,5477.7842746377,3065.67731509358,1710.57582259178,548.603913500905,28.5644452273846,0.2386734187603,220.73866084218,4.48498202860355,3810.00840570033,3.81123027205467,2537.92105223984,207.263028994203,83.766631513834,950.168884307146,172.679482966661,5.27003657817841,3.22540712356567,0,2.01711195707321,1.63920319080353,739.908743843436,1279.34215120971,8.09061598777771,184.764967739582,0.261297196149826,0,7.71846210956573,0.421571314334869,141.19977581501,0,177.524342499673,20.9066351056099,4.33166816830635,106.247383952141,3.13820298016071,68.5534991621971,2575.5173458457,2848.37530383468,2969.68897756934,115.774450272322,3065.67731509358,21161.1589293107,761.354492895305,2191.20625894517,0.169058948755264,1.89293804764748,1681.44346699119,4.35506191849709,1639.27019284666,314.811636894941,2684.5664787367,3762.17462031543,2447.79341728985,1674.37459644675,5078.30993574858,0,0,0,0,0,5.80780345201492,3.66799885034561,37.1083442270756,21.7480060756207,0,0,0,0,1.52792298793793,0,0.491806998848915,0,0,55.1380373984575,0,997.87796792388,4743.22624760866,950.918539226055,101.193906083703,4.08207629621029,1710.57582259178,761.354492895305,7159.62436887622,2756.43602266908,0,2727.85788136721,99.5593551248312,1.44031059741974,82.3903029859066,5.59283109009266,98.7594477832317,27.8036900311708,2360.82253289223,1917.28459228575,208.829795464873,0,0,0.421599715948105,1.30248773097992,137.93148675561,132.510054245591,35.824617266655,4.72365182638168,735.689895927906,0,0.279540479183197,0,0,9.54854990541935,1.68313306570053,12.1471022516489,0,2.35804319381714,576.11556018889,0.373195260763168,18.3909211829305,1191.34682033956,3221.93413807452,1476.04942835122,6207.96162386239,548.603913500905,2191.20625894517,2756.43602266908,10383.2922620028,0,171.619573190808,110.727458313107,0,58.6847139596939,763.875701263547,1155.74984575808,77.2982448637486,5516.34548386931,3079.24143445492,262.868728503585,1232.3777282238,0,0,0,0,2.69798827171326,1.76430514454842,0,0,1775.78893388808,0,6.12832182645798,123.549892678857,300.87856566906,0,0,556.841769725084,0,0,0,3591.12417386472,0,0,0,0,28.5644452273846,0.169058948755264,0,0,2637.02650171518,3.00916305184364,59.3556773364544,1836.42012552917,1323.36792451143,0,0,2173.7813346833,0,0,0.926811158657074,3.87025512754917,0,0,0,0,0,0,0,0,0,6.22270259261131,0,0,0,0,0,0,0,0.872077703475952,0,1550.05906295776,2954.72024476528,28.8059960007668,0,0,0.2386734187603,1.89293804764748,2727.85788136721,171.619573190808,3.00916305184364,3023.18683822453,13.9496431946754,949.57471293211,9.18437561392784,0.586946338415146,0,6.02940791845322,378.929570645094,9.36817082762718,2.49581158161163,0,0,0,0,0,4.79477602243423,2.21714963018894,0,5.955437541008,0,0,0,0,0,0,0,0,0,2.95198839902878,0,1091.4315944016,4334.20342090726,5.44943706691265,33.2723016291857,1.13749392330647,220.73866084218,1681.44346699119,99.5593551248312,110.727458313107,59.3556773364544,13.9496431946754,10170.3862549067,3311.02128717303,1453.26653634012,2.49304887652397,33.4297505915165,4717.08090738952,194.499200724065,43.2228472530842,3816.47616487741,4.27564933896065,0,0,0,0,0,0,0,0,89.1897251307964,0,0,0,0,0,0,0,0,0,0,7902.75005605817,775.151342362165,0,0,0,4.48498202860355,4.35506191849709,1.44031059741974,0,1836.42012552917,949.57471293211,3311.02128717303,10417.9148388207,1272.9444950521,0,0,1867.70441661775,0.372726768255234,0,8.98881433904171,7.85580226778984,5.67838338017464,0,0.469660639762878,0.238476157188416,133.368220999837,52.9349504709244,0,14.0108329355717,113.451082438231,0,10.5166830569506,0.582236647605896,1072.69009912014,0,3.13601745665073,235.386989697814,2.18482379615307,4.36210834980011,3.73701609671116,2242.0917930007,74.2305455058813,0.633924126625061,5.1023483723402,2.05847188830376,3810.00840570033,1639.27019284666,82.3903029859066,58.6847139596939,1323.36792451143,9.18437561392784,1453.26653634012,1272.9444950521,8860.18626876175,0,17.9995680898428,4747.8788408339,9.30844138562679,32.7022746503353,102.97297398746,0,0,0,0,11.0446834266186,1.27132965624332,0,0,4.61602714657784,0,0,0,0,0,0.308934897184372,2.00748209655285,0,0,1.25844860076904,0,0.586581707000732,2.44262929260731,8226.57738824189,1546.21007455885,1595.39308255911,3.81123027205467,314.811636894941,5.59283109009266,763.875701263547,0,0.586946338415146,2.49304887652397,0,0,8949.88321608305,7771.5867831856,0.315461486577988,788.652544811368,8.51823419332504,9.8666011095047,0,0,30.6572956591845,57.9077103734016,429.463263139129,611.000125616789,108.119031473994,0,28.1669410020113,0,0,0,0,0.344914853572845,113.922028556466,1703.87088535726,0.160628765821457,2.48449742794037,4.85062520205975,0.310533225536346,3.49070005118847,17.8241835981607,1620.35025476664,2906.91565740108,4187.85394048691,2537.92105223984,2684.5664787367,98.7594477832317,1155.74984575808,0,0,33.4297505915165,0,17.9995680898428,7771.5867831856,18553.0974604264,31.3264432996511,642.34342944622,366.64132796973,78.8691425323486,0,0,0,0,0,2.31293427944183,3.00424674153328,0,4.40933579206467,15.7347650527954,0,0,0,0.334122031927109,0,0.331450909376144,0,0,7.14966017007828,0,478.025647312403,156.593706920743,4.23560726642609,17.8488017618656,1.07338088750839,207.263028994203,3762.17462031543,27.8036900311708,77.2982448637486,2173.7813346833,6.02940791845322,4717.08090738952,1867.70441661775,4747.8788408339,0.315461486577988,31.3264432996511,10097.6406617016,65.0674309283495,39.4202064424753,668.753059893847,0.818676650524139,0,0,0,2.8158745765686,5.45366132259369,2.01658038794994,0,14.0957654714584,0,0,0,0,0,0,0.944409310817719,0,0,14.8693103939295,0,30.8512139618397,3071.56918290257,1901.48685218394,1431.02072992921,646.810167565942,83.766631513834,2447.79341728985,2360.82253289223,5516.34548386931,0,378.929570645094,194.499200724065,0.372726768255234,9.30844138562679,788.652544811368,642.34342944622,65.0674309283495,4188.08152016997,688.269221201539,391.0495865345,0,1.44654732942581,0.227141976356506,10.578991420567,18.4800828546286,108.332142844796,37.6868104115129,168.974521681666,401.186963498592,0,19.6954109966755,0,0,0.158943578600883,0,11.8439823687077,0,17.7812884449959,4471.70166563988,0.518152117729187,49.4562281668186,250.605777159333,32.5208797305822,204.646024025977,115.104446962476,950.168884307146,1674.37459644675,1917.28459228575,3079.24143445492,0,9.36817082762718,43.2228472530842,0,32.7022746503353,8.51823419332504,366.64132796973,39.4202064424753,688.269221201539,2486.42062942684,211.242050081491,0,0,0,0,0,8.77872748672962,5.18179704248905,0,13.3826719522476,0,0,1.99038088321686,0,0,0,0,0,0,7.18561995029449,0,64.4826312512159,2567.70596899092,54.9845263361931,120.824832744896,2.71006828546524,172.679482966661,5078.30993574858,208.829795464873,262.868728503585,0.926811158657074,2.49581158161163,3816.47616487741,8.98881433904171,102.97297398746,9.8666011095047,78.8691425323486,668.753059893847,391.0495865345,211.242050081491,6092.71808408946
