11152.2231087685,532.650581561029,1.3062117099762,1.05868157744408,0,675.56404966116,41.041060179472,669.506298393011,17.0021356344223,2224.21722510457,4467.82731293142,957.771028399467,5261.96492949128,1783.88907873631,0,43.836878657341,836.430266156793,39.0288137942553,152.915670216084,42.5480296015739,1524.37921117246,0,0,0,0,0,0,7.44112157821655,0,350.349590808153,0,0,9.71865463256836,140.645853981376,0,0,0,0,0,0,532.650581561029,34810.6128362417,830.871961399913,38.2140250653028,0.86153769493103,556.935334630311,941.464927695692,1788.50987634063,1378.39802771807,2.99238350987434,5614.35535030067,2379.38297845423,875.712142452598,341.268291220069,1.45321236550808,191.719608977437,392.707703970373,4448.77756252885,94.5003016740084,2828.11216361821,0.933200776576996,0,0,0.700098603963852,0.692600548267365,1.09368586540222,3.08412313461304,0,6.31193625926971,0,0,0,0,2.88438284397125,0,2.3992268294096,0,2.79288220405579,0,0,1.3062117099762,830.871961399913,14853.8337850124,527.017268486321,2733.31334391236,20.6323585510254,3794.23941352963,441.011378437281,3990.5548607558,0,108.703546464443,4.17068248987198,0.106499016284943,1.55984281003475,11419.2326141596,2047.86343529075,16.5752882957458,2012.59996883571,113.66022413969,48.3410506546497,0,1.67038011550903,137.197827383876,9.1913897395134,304.744764894247,0.677141934633255,2.58349995315075,0,23.6879252493382,0.795728921890259,0,0,0,0,143.333174839616,263.411915563047,0,13.7039823532104,3.2878001332283,0,1.05868157744408,38.2140250653028,527.017268486321,3005.7303904146,177.411586120725,210.318377181888,3675.10358940065,0,946.024407163262,0,6.28074267506599,5.22357080131769,0.978371500968933,8.40091782808304,2136.81714373827,1586.2238247171,20.6481135487556,155.455585882068,353.714800700545,139.395525090396,0,2.88290949165821,31.7043489515781,86.7267463058233,73.7835731357336,9.02050589025021,24.9735735654831,0,177.880861274898,0,0,0.464386835694313,0,0,41.6304666101933,419.03924510628,0,19.2256269156933,47.8407484441996,1.66634146869183,0,0.86153769493103,2733.31334391236,177.411586120725,1954.68255545199,344.393748611212,99.8674954921007,0,761.281724736094,0,0.374701172113419,0.531615361571312,0,0.313693702220917,935.683985963464,3795.3462568745,2.09499782323837,111.424468696117,16.6428073048592,3.6343122497201,0,1.76006042957306,144.269059419632,55.4353222101927,388.250566318631,4.86505538225174,23.1420372128487,0,95.1104980260134,0,0,0.782154113054276,0,0,211.183617576957,367.989179670811,0,28.2135602533817,11.4659285992384,2.2852521687746,675.56404966116,556.935334630311,20.6323585510254,210.318377181888,344.393748611212,4050.64393173158,1768.04218281806,271.673898547888,444.435424938798,3.89858368039131,74.2314823120832,252.303229004145,28.7138449922204,2619.9682712853,6.95110619068146,3605.27548270673,767.286260433495,127.243629142642,882.241089910269,489.387192748487,0.153225943446159,4.26254364848137,2.14027571678162,69.8949916809797,13.2122081816196,9.2071261703968,36.3597741276026,0,35.6292485743761,0.275314271450043,0,1.61531949043274,0,3.45496618747711,0.239235371351242,67.2854855656624,0,5.06391078233719,21.0536090731621,2.60971182584763,41.041060179472,941.464927695692,3794.23941352963,3675.10358940065,99.8674954921007,1768.04218281806,37574.5564599559,2.63130465149879,1377.13508172333,3.32068538665771,101.122802093625,337.712916150689,19.3644513785839,1474.69089656323,356.843861289322,5557.9843981117,4742.03447700292,2044.87531743199,392.422589302063,3492.31479779631,0,2.3438243418932,14.9425646662712,125.011189982295,34.4403538405895,10.6248546540737,271.759826362133,0,82.2439297884703,0,0,1.21321381628513,0,1.31410384178162,23.0269558951259,232.242516770959,1.32120621204376,7.6661157310009,39.1378368586302,0.300255239009857,669.506298393011,1788.50987634063,441.011378437281,0,0,271.673898547888,2.63130465149879,4000.21687534451,887.132235467434,0,2347.55362176895,15.1550796329975,8.33419895172119,15.7686992585659,0,0.276981174945831,2.3299845457077,598.254724919796,590.484169691801,1.55663043260574,14.5940060019493,0,0,0,0,0,0,2.9596916437149,27.8120992481709,0,0.368411213159561,0,0,0,0,0,0,0.325858354568481,48.2935647070408,0,17.0021356344223,1378.39802771807,3990.5548607558,946.024407163262,761.281724736094,444.435424938798,1377.13508172333,887.132235467434,7576.00391794741,0,309.733747079968,28.0631879121065,4.01766780018806,48.1931867897511,484.781397588551,1978.85418757051,42.8081174045801,4895.14609077573,2891.34507073462,115.628494799137,0,2.77472566068172,110.782608643174,107.899811968207,608.516748189926,6.85618507862091,37.7005656436086,0.857439398765564,660.821753256023,0,0,0.444278746843338,0,0.220028981566429,57.809633359313,423.769700728357,0,19.7509736269712,175.928639933467,7.73644062876701,2224.21722510457,2.99238350987434,0,0,0,3.89858368039131,3.32068538665771,0,0,1159.65337356925,37.4869173169136,80.0410276651382,569.362912833691,2491.94391027093,0,1.14820957183838,1046.34389573336,0,0,0.324086785316467,294.898789018393,0,0,0,0,0,0,0,0,286.7722184062,0,0,7.48083364963531,158.860275387764,0,0,0,0,0,0,4467.82731293142,5614.35535030067,108.703546464443,6.28074267506599,0.374701172113419,74.2314823120832,101.122802093625,2347.55362176895,309.733747079968,37.4869173169136,7903.03581790626,395.658247165382,1686.66279107332,404.09312877059,0,41.0149447992444,123.55745588243,1307.06534412503,21.1328932344913,75.1187003999949,32.8339767158031,0,0,0,0,0,0,0.39620116353035,0,6.6313209682703,0.43683922290802,0,0,6.70157185196877,0,0,0,0,0.990951791405678,0,957.771028399467,2379.38297845423,4.17068248987198,5.22357080131769,0.531615361571312,252.303229004145,337.712916150689,15.1550796329975,28.0631879121065,80.0410276651382,395.658247165382,8316.92796126008,743.119268894196,1208.55548802763,0.346673145890236,113.155308738351,2153.11066305637,155.803535610437,5.68146347999573,3484.23644305021,4.34016931056976,0,0,0,0,0,0.762824520468712,0,1.69991433620453,4.40478810667992,0,0,0,14.3034994900227,0,4.27442626655102,0,0,0,0,5261.96492949128,875.712142452598,0.106499016284943,0.978371500968933,0,28.7138449922204,19.3644513785839,8.33419895172119,4.01766780018806,569.362912833691,1686.66279107332,743.119268894196,4085.61247314513,455.114606037736,0.157736986875534,19.2179754525423,510.128682471812,25.5280448049307,0.954982459545135,18.1415282785892,12.637242525816,0,0,0,0,0,0,0,0,30.3349012583494,0,0,0,13.9262047484517,0,0,0,0,0,0,1783.88907873631,341.268291220069,1.55984281003475,8.40091782808304,0.313693702220917,2619.9682712853,1474.69089656323,15.7686992585659,48.1931867897511,2491.94391027093,404.09312877059,1208.55548802763,455.114606037736,8676.94678199291,0,228.945314191282,4982.90983845294,44.0917595177889,20.5806205570698,179.809805162251,101.384403824806,0,0,0,0,0,1.32976192235947,0,0,148.737059354782,0,0,0,614.246423453093,0.27987265586853,0.133212685585022,0,0,0,0,0,1.45321236550808,11419.2326141596,2136.81714373827,935.683985963464,6.95110619068146,356.843861289322,0,484.781397588551,0,0,0.346673145890236,0.157736986875534,0,15437.3385594636,5304.91066500545,1.34373117983341,298.916981786489,64.8429278731346,9.67232467979193,0,0.231973841786385,72.6221839040518,14.2353247106075,138.912977069616,0.132842466235161,5.49728745222092,0,22.124850615859,0,0,0,0,0,73.5497467815876,186.425136327744,0,1.52501653134823,3.858901694417,0,43.836878657341,191.719608977437,2047.86343529075,1586.2238247171,3795.3462568745,3605.27548270673,5557.9843981117,0.276981174945831,1978.85418757051,1.14820957183838,41.0149447992444,113.155308738351,19.2179754525423,228.945314191282,5304.91066500545,16395.8321262971,446.997569076717,363.910564698279,522.77287684381,419.41983152926,0,5.61894804239273,68.3520218208432,75.9136801362038,446.98499339819,15.9115019440651,39.3897389024496,0,153.365554995835,0,0,1.07451555132866,0,0.817344918847084,97.4488428682089,760.381362751126,0.608532905578613,38.5324468016624,40.7249160632491,0.346244215965271,836.430266156793,392.707703970373,16.5752882957458,20.6481135487556,2.09499782323837,767.286260433495,4742.03447700292,2.3299845457077,42.8081174045801,1046.34389573336,123.55745588243,2153.11066305637,510.128682471812,4982.90983845294,1.34373117983341,446.997569076717,6764.59075148404,138.950245991349,11.8693084567785,1055.85455619544,3.88349476456642,0,0,1.55491173267365,0,0,2.04439803957939,0,1.2975689470768,41.1692725121975,0,0,0,47.9194782674313,0,4.44515410065651,0,0,0,0,39.0288137942553,4448.77756252885,2012.59996883571,155.455585882068,111.424468696117,127.243629142642,2044.87531743199,598.254724919796,4895.14609077573,0,1307.06534412503,155.803535610437,25.5280448049307,44.0917595177889,298.916981786489,363.910564698279,138.950245991349,5075.60760729015,400.026365637779,457.66688490659,0,0,12.932312130928,4.74855756759644,35.7020691931248,0.316089302301407,3.2516907453537,0,10.7649432569742,0,0,0,0,0,26.1373939961195,61.9358965158463,0,1.22848111391068,0.278602659702301,0,152.915670216084,94.5003016740084,113.66022413969,353.714800700545,16.6428073048592,882.241089910269,392.422589302063,590.484169691801,2891.34507073462,0,21.1328932344913,5.68146347999573,0.954982459545135,20.5806205570698,64.8429278731346,522.77287684381,11.8693084567785,400.026365637779,2483.09670579433,26.9653621613979,1.44160884618759,3.39382350444794,32.4068263024092,19.540407449007,13.7613941431046,44.8537594377995,0,12.2088096141815,468.176737800241,0,0,0,0,4.79506784677505,8.72181718051434,59.6326097548008,0,14.148476973176,2500.80935658514,0,42.5480296015739,2828.11216361821,48.3410506546497,139.395525090396,3.6343122497201,489.387192748487,3492.31479779631,1.55663043260574,115.628494799137,0.324086785316467,75.1187003999949,3484.23644305021,18.1415282785892,179.809805162251,9.67232467979193,419.41983152926,1055.85455619544,457.66688490659,26.9653621613979,5497.96972889453,0,0,0.206049561500549,6.10831800103188,0.961057096719742,1.31838957965374,2.89416217803955,0,6.57200327515602,0,0,0,0,0.753218114376068,0.245238915085793,22.3810883611441,0,2.49216437339783,4.49459220468998,0,1524.37921117246,0.933200776576996,0,0,0,0.153225943446159,0,14.5940060019493,0,294.898789018393,32.8339767158031,4.34016931056976,12.637242525816,101.384403824806,0,0,3.88349476456642,0,1.44160884618759,0,19170.7845189422,921.247590504587,0.172282353043556,2.11087872087955,0,890.926515266299,69.2801168933511,906.943137958646,50.8800420612097,2841.70310840011,3658.44133868814,1495.09218284488,6827.78261882067,4310.38036685437,0,19.7466664761305,465.639135435224,27.3048741817474,105.159082129598,102.529090806842,0,0,1.67038011550903,2.88290949165821,1.76006042957306,4.26254364848137,2.3438243418932,0,2.77472566068172,0,0,0,0,0,0.231973841786385,5.61894804239273,0,0,3.39382350444794,0,921.247590504587,24943.2376202941,665.265852272511,100.731221057475,5.22296637296677,131.873658031225,669.58007941395,4447.11673805118,1252.87120794505,0,4065.6901447922,1093.32433275878,215.609370961785,51.8504787683487,14.844944819808,244.329396560788,82.1564548462629,4524.47379332781,321.97986535728,2750.63945513219,0,0,137.197827383876,31.7043489515781,144.269059419632,2.14027571678162,14.9425646662712,0,110.782608643174,0,0,0,0,0,72.6221839040518,68.3520218208432,0,12.932312130928,32.4068263024092,0.206049561500549,0.172282353043556,665.265852272511,16587.8542023003,579.339123517275,1978.24299526215,5.73447129130363,2781.26392485201,408.683150261641,4926.99290982634,0,42.6108892560005,4.5709495395422,0,1.35854145884514,10039.9448973089,2600.41649346799,0.362658798694611,2143.11392246187,294.641742751002,67.5467014610767,0,0.700098603963852,9.1913897395134,86.7267463058233,55.4353222101927,69.8949916809797,125.011189982295,0,107.899811968207,0,0,0,0,0,14.2353247106075,75.9136801362038,1.55491173267365,4.74855756759644,19.540407449007,6.10831800103188,2.11087872087955,100.731221057475,579.339123517275,4285.67716418207,142.000932857394,250.618737146258,5312.77853349596,3.03391301631927,714.54790686816,0,0.680519074201584,58.3257862180471,0,3.36470545828342,1551.7705052793,2728.62436167151,16.2420322149992,308.809317357838,168.387744158506,237.399309925735,0,0.692600548267365,304.744764894247,73.7835731357336,388.250566318631,13.2122081816196,34.4403538405895,0,608.516748189926,0,0,0,0,0,138.912977069616,446.98499339819,0,35.7020691931248,13.7613941431046,0.961057096719742,0,5.22296637296677,1978.24299526215,142.000932857394,1219.10163410008,986.811756655574,88.22544939816,0,657.030174851418,0,0,2.24955625087023,0,0.0855619311332703,829.303273975849,2759.72794575989,1.78979086875916,63.1736206263304,58.3712838068604,10.6728681176901,0,1.09368586540222,0.677141934633255,9.02050589025021,4.86505538225174,9.2071261703968,10.6248546540737,0,6.85618507862091,0,0,0,0,0,0.132842466235161,15.9115019440651,0,0.316089302301407,44.8537594377995,1.31838957965374,890.926515266299,131.873658031225,5.73447129130363,250.618737146258,986.811756655574,5538.20709187537,2521.80867448449,558.993552662432,156.956443995237,1.82311993837357,12.8007321208715,691.673543468118,31.8013645559549,2870.09241714329,2.90924069285393,2380.05319844931,1532.59474208951,150.214688681066,1428.11815674603,650.670651376247,0,3.08412313461304,2.58349995315075,24.9735735654831,23.1420372128487,36.3597741276026,271.759826362133,0,37.7005656436086,0,0,0.762824520468712,0,1.32976192235947,5.49728745222092,39.3897389024496,2.04439803957939,3.2516907453537,0,2.89416217803955,69.2801168933511,669.58007941395,2781.26392485201,5312.77853349596,88.22544939816,2521.80867448449,27878.5093050003,2.7262250483036,950.832809366286,0,3.82469870150089,477.85905906558,12.0003637671471,2064.56689264625,261.45257461071,5254.49107433856,4448.27476805449,1534.73276870698,222.050747893751,4286.46388868988,7.44112157821655,0,0,0,0,0,0,2.9596916437149,0.857439398765564,0,0.39620116353035,0,0,0,0,0,0,0,12.2088096141815,0,906.943137958646,4447.11673805118,408.683150261641,3.03391301631927,0,558.993552662432,2.7262250483036,4965.62485957146,634.974117338657,0,2373.71955651045,38.5878930389881,14.7639371007681,244.44831585139,0,14.0864815190434,15.4429883509874,511.972779393196,2011.45882561803,16.3015486896038,0,6.31193625926971,23.6879252493382,177.880861274898,95.1104980260134,35.6292485743761,82.2439297884703,27.8120992481709,660.821753256023,0,0,1.69991433620453,0,0,22.124850615859,153.365554995835,1.2975689470768,10.7649432569742,468.176737800241,6.57200327515602,50.8800420612097,1252.87120794505,4926.99290982634,714.54790686816,657.030174851418,156.956443995237,950.832809366286,634.974117338657,6449.0931244269,0,21.8956017941236,266.774490356445,3.03170824050903,23.6333211362362,418.20013319701,1556.02118255198,88.4098653048277,4255.13859944791,2924.7526601702,435.516513168812,350.349590808153,0,0.795728921890259,0,0,0.275314271450043,0,0,0,286.7722184062,6.6313209682703,4.40478810667992,30.3349012583494,148.737059354782,0,0,41.1692725121975,0,0,0,2841.70310840011,0,0,0,0,1.82311993837357,0,0,0,1639.76577375829,45.9195414185524,16.2240913212299,844.931668922305,1858.03597625345,0,0,349.297174200416,0,0,0.153431639075279,0,0,0,0,0,0,0,0.368411213159561,0,0,0.43683922290802,0,0,0,0,0,0,0,0,0,3658.44133868814,4065.6901447922,42.6108892560005,0.680519074201584,0,12.8007321208715,3.82469870150089,2373.71955651045,21.8956017941236,45.9195414185524,5899.40363684297,126.884257689118,2468.78997442126,210.533644661307,0,3.58716183900833,22.5809990763664,43.4885913580656,7.44380784034729,13.4269420355558,0,0,0,0.464386835694313,0.782154113054276,1.61531949043274,1.21321381628513,0,0.444278746843338,0,0,0,0,0,0,1.07451555132866,0,0,0,0,1495.09218284488,1093.32433275878,4.5709495395422,58.3257862180471,2.24955625087023,691.673543468118,477.85905906558,38.5878930389881,266.774490356445,16.2240913212299,126.884257689118,8056.02334102988,659.964505501091,951.278175592422,1.57212992012501,151.591381497681,1726.08023112267,207.457902662456,7.48709338903427,3403.41659538448,9.71865463256836,0,0,0,0,0,0,0,0,7.48083364963531,0,0,0,0,0,0,0,0,0,0,6827.78261882067,215.609370961785,0,0,0,31.8013645559549,12.0003637671471,14.7639371007681,3.03170824050903,844.931668922305,2468.78997442126,659.964505501091,2504.27293001115,935.679348669946,0,1.67054080963135,84.520733229816,0.286633521318436,0.291693657636642,18.6631578877568,140.645853981376,2.88438284397125,0,0,0,3.45496618747711,1.31410384178162,0,0.220028981566429,158.860275387764,6.70157185196877,14.3034994900227,13.9262047484517,614.246423453093,0,0.817344918847084,47.9194782674313,0,4.79506784677505,0.753218114376068,4310.38036685437,51.8504787683487,1.35854145884514,3.36470545828342,0.0855619311332703,2870.09241714329,2064.56689264625,244.44831585139,23.6333211362362,1858.03597625345,210.533644661307,951.278175592422,935.679348669946,12831.0403795019,0,57.4751308709383,5402.82013238966,16.2278759330511,552.621017351747,119.093473263085,0,0,143.333174839616,41.6304666101933,211.183617576957,0.239235371351242,23.0269558951259,0,57.809633359313,0,0,0,0,0.27987265586853,73.5497467815876,97.4488428682089,0,26.1373939961195,8.72181718051434,0.245238915085793,0,14.844944819808,10039.9448973089,1551.7705052793,829.303273975849,2.90924069285393,261.45257461071,0,418.20013319701,0,0,1.57212992012501,0,0,17541.7961056978,7080.40609870106,0,291.470188997686,25.3484895974398,8.07958793640137,0,2.3992268294096,263.411915563047,419.03924510628,367.989179670811,67.2854855656624,232.242516770959,0,423.769700728357,0,0,4.27442626655102,0,0.133212685585022,186.425136327744,760.381362751126,4.44515410065651,61.9358965158463,59.6326097548008,22.3810883611441,19.7466664761305,244.329396560788,2600.41649346799,2728.62436167151,2759.72794575989,2380.05319844931,5254.49107433856,14.0864815190434,1556.02118255198,0,3.58716183900833,151.591381497681,1.67054080963135,57.4751308709383,7080.40609870106,16532.7647225261,385.163276292384,658.855491623282,586.837551176548,502.276319757104,0,0,0,0,0,0,1.32120621204376,0,0,0,0,0,0,0,0,0.608532905578613,0,0,0,0,465.639135435224,82.1564548462629,0.362658798694611,16.2420322149992,1.78979086875916,1532.59474208951,4448.27476805449,15.4429883509874,88.4098653048277,349.297174200416,22.5809990763664,1726.08023112267,84.520733229816,5402.82013238966,0,385.163276292384,4438.41177935898,74.895746588707,13.9993423596025,614.688076660037,0,2.79288220405579,13.7039823532104,19.2256269156933,28.2135602533817,5.06391078233719,7.6661157310009,0.325858354568481,19.7509736269712,0,0,0,0,0,1.52501653134823,38.5324468016624,0,1.22848111391068,14.148476973176,2.49216437339783,27.3048741817474,4524.47379332781,2143.11392246187,308.809317357838,63.1736206263304,150.214688681066,1534.73276870698,511.972779393196,4255.13859944791,0,43.4885913580656,207.457902662456,0.286633521318436,16.2278759330511,291.470188997686,658.855491623282,74.895746588707,2557.72011972964,480.274964146316,1115.57758703828,0,0,3.2878001332283,47.8407484441996,11.4659285992384,21.0536090731621,39.1378368586302,48.2935647070408,175.928639933467,0,0.990951791405678,0,0,0,3.858901694417,40.7249160632491,0,0.278602659702301,2500.80935658514,4.49459220468998,105.159082129598,321.97986535728,294.641742751002,168.387744158506,58.3712838068604,1428.11815674603,222.050747893751,2011.45882561803,2924.7526601702,0,7.44380784034729,7.48709338903427,0.291693657636642,552.621017351747,25.3484895974398,586.837551176548,13.9993423596025,480.274964146316,2299.15174788237,43.862826988101,0,0,0,1.66634146869183,2.2852521687746,2.60971182584763,0.300255239009857,0,7.73644062876701,0,0,0,0,0,0,0.346244215965271,0,0,0,0,102.529090806842,2750.63945513219,67.5467014610767,237.399309925735,10.6728681176901,650.670651376247,4286.46388868988,16.3015486896038,435.516513168812,0.153431639075279,13.4269420355558,3403.41659538448,18.6631578877568,119.093473263085,8.07958793640137,502.276319757104,614.688076660037,1115.57758703828,43.862826988101,7052.92840037495
