11431.112034753,939.872428171337,0,2.33786129951477,2.139419272542,1206.4345991984,307.229070693254,1207.07934755087,21.3513848111033,2031.10611179471,4190.24877642095,966.286627694964,8187.53063078225,2480.70659941435,0,25.2890957966447,742.85365127027,233.765816837549,25.6047194302082,75.2911968454719,3640.82517337799,0,0,0,0.214954346418381,11.7693687677383,1.04440818727016,2.84540295600891,0.769464015960693,761.099382013083,0,0,1.63308802247047,82.5697211921215,0,0.648160547018051,0,0,0,0,939.872428171337,33264.8213799298,884.982179254293,402.941483080387,60.9390195906162,240.098418474197,4430.24795609713,3621.99273872375,1646.29378710687,0.618706315755844,6612.72440908849,2973.07459402829,830.604651167989,472.987108714879,100.617692753673,342.516898699105,364.414108470082,5091.51105400175,203.776660181582,3947.19086511433,0,0,4.08584550768137,2.93154150247574,8.59618484973907,11.2450165897608,5.66991025209427,0,7.40822421014309,0,0,0,0,9.67408771812916,2.69532186537981,36.2037214040756,0,3.12815897166729,2.58047929406166,0,0,884.982179254293,12225.6684088334,897.30705010891,2109.27012390643,0.454329460859299,670.148446552455,16.3726573362947,3570.19716080278,0,1.44890972971916,0,0,0,5969.45384410024,1224.04387803376,0,2492.15657833219,1.59792628884315,2.37745475769043,0,2.48079996556044,67.6259946525097,11.9110921025276,87.7767937406898,1.33857876062393,2.52203138172626,0,99.8213865235448,0,0,0,0,0,60.6180862337351,110.058918967843,0,18.1432523056865,1.38342022895813,0,2.33786129951477,402.941483080387,897.30705010891,4002.51739477366,270.534694850445,16.9127873629332,2808.06514575332,60.7587817385793,1631.21508827806,0,0,0.359124228358269,0,0.204300254583359,893.234026297927,2035.46674948931,7.96390390396118,429.341971382499,93.5298053920269,36.0359801650047,0,0.52229642868042,16.9703796580434,51.7336590737104,118.184108071029,34.7852233350277,11.4195127785206,7.74523608386517,87.7052286863327,0,0,0,0,0,12.4346200227737,253.092282533646,0,8.1127505004406,25.1886178553104,0.916807740926743,2.139419272542,60.9390195906162,2109.27012390643,270.534694850445,2035.76520020515,600.955718964338,100.516264982522,6.57752819359303,3001.40071000904,0,0.353087186813354,0.153838649392128,0,0.546483337879181,832.855888918042,4142.81439646333,1.69958400726318,389.457209989429,70.3965444564819,6.96022965013981,0,2.60360077023506,68.996871009469,38.8905213475227,612.746104195714,85.2821035832167,14.367187872529,6.09394365549088,599.461081013083,0,0,0,0,0,55.9629189968109,349.998136378825,0,26.6059091091156,14.2381853461266,1.83582374453545,1206.4345991984,240.098418474197,0.454329460859299,16.9127873629332,600.955718964338,6036.86403770745,2874.56268908083,309.947341769934,768.095318138599,2.21762356162071,10.8775979876518,259.755182430148,29.509551897645,2488.30221800506,0.21776171028614,1313.7062099725,553.274333432317,57.0474216789007,362.828959330916,88.482314452529,4.84800851345062,0.414151906967163,0,11.6072268486023,26.9004330635071,480.683038026094,123.888819471002,7.26025569438934,35.120131790638,1.98943829536438,0,0,0,40.8558362573385,0,233.741016060114,0.495695322751999,0.837538838386536,21.4714462161064,0.207988098263741,307.229070693254,4430.24795609713,670.148446552455,2808.06514575332,100.516264982522,2874.56268908083,19474.3494475782,292.725778728724,2511.62738230824,1.6921668946743,18.4490454643965,444.231959834695,38.2792951241136,1589.09858755767,107.435918807983,2332.48177523166,2781.25756005943,1798.42031601071,1471.13343378156,3682.99857237935,2.88704954087734,0.350804358720779,1.83073794096708,16.3867519795895,22.0888056531549,122.918648660183,387.156283006072,5.24955004453659,39.0613502860069,0.621627971529961,0,0,0,15.4805281162262,2.78664463013411,281.837424591184,0,1.12710264325142,56.2323235273361,1.26989340782166,1207.07934755087,3621.99273872375,16.3726573362947,60.7587817385793,6.57752819359303,309.947341769934,292.725778728724,5136.81627947837,3252.63292657584,0,2295.13633014262,15.3658521175385,12.9692626595497,41.7319608926773,3.07154081761837,217.31600792706,8.48052161931992,1164.5077893436,840.630430743098,51.4520285725594,19.8413569927216,0,0,0,0,337.332023799419,4.68402171134949,605.557535231113,1.56125062704086,0,0,0,0,4.19395792484283,0,14.6474285572767,0,0,35.2191193401814,0,21.3513848111033,1646.29378710687,3570.19716080278,1631.21508827806,3001.40071000904,768.095318138599,2511.62738230824,3252.63292657584,11339.5431250185,0,162.99810577929,11.8026128411293,5.18327768146992,22.6524915993214,531.405878402293,2153.94782168418,99.4556435346603,6545.57360090315,3926.92626467347,220.060393407941,0,3.16190782934427,111.973148703575,67.7158152014017,566.840299598873,100.066247627139,56.5190666913986,11.1390392184258,1232.20989835262,0,0.339130997657776,0,0,0.212857902050018,80.3828530013561,461.249110497534,0.231123551726341,34.1930112913251,133.859750926495,0.596306890249252,2031.10611179471,0.618706315755844,0,0,0,2.21762356162071,1.6921668946743,0,0,802.806915670633,3.37203052639961,42.2561478763819,2445.816583395,684.505884483457,0,0,1278.69902233779,0,0,0.68580824136734,228.042006403208,0,0,0,0,0,0,0,0,464.662504673004,0,0,69.4584822952747,46.1060891151428,0,0,0,0,0,0,4190.24877642095,6612.72440908849,1.44890972971916,0,0.353087186813354,10.8775979876518,18.4490454643965,2295.13633014262,162.99810577929,3.37203052639961,9904.55711792409,282.156847581267,2669.74210377038,86.6628302782774,0,5.37542840838432,22.6044628620148,586.734818503261,31.1420921683311,21.6685106307268,54.7159959971905,0,0,0,0,0.379659116268158,0,0,0,0.956313461065292,0,0,0,0.499939680099487,0,0,0,0,0,0,966.286627694964,2973.07459402829,0,0.359124228358269,0.153838649392128,259.755182430148,444.231959834695,15.3658521175385,11.8026128411293,42.2561478763819,282.156847581267,9464.27483184636,1527.67257145047,2016.72108085454,0,9.60600803047419,2298.95242960751,86.2005160450935,10.6427223980427,1850.29501315951,1.32514640688896,0,0,0,0,3.46261508762836,6.91371832787991,0,0,0.505924344062805,0,0,0,20.3158637285233,0,0.742977172136307,0,0,0,0,8187.53063078225,830.604651167989,0,0,0,29.509551897645,38.2792951241136,12.9692626595497,5.18327768146992,2445.816583395,2669.74210377038,1527.67257145047,8986.58345156908,530.892633602023,0,1.32758589088917,2374.51489624381,18.4600794166327,1.20708522200584,31.8178088068962,287.677498564124,0,0,0,0,2.72356057167053,0.527133420109749,0,0.577501535415649,503.977015003562,0,0,0,4.1371798813343,0,0,0,0,0,0,2480.70659941435,472.987108714879,0,0.204300254583359,0.546483337879181,2488.30221800506,1589.09858755767,41.7319608926773,22.6524915993214,684.505884483457,86.6628302782774,2016.72108085454,530.892633602023,8454.28015783429,0,13.9976757317781,4223.81948623061,28.7789458781481,14.6139258593321,185.950554579496,44.0543559640646,0,0,0,0,11.828417211771,68.4669122844934,0,0,100.057512283325,0,0,0,632.755038812757,0,0,0,0,0,0,0,100.617692753673,5969.45384410024,893.234026297927,832.855888918042,0.21776171028614,107.435918807983,3.07154081761837,531.405878402293,0,0,0,0,0,7785.8317476064,3455.22672463953,0,487.553684003651,0.885178416967392,0.36573052406311,0,0.220940992236137,23.3927189558744,12.2558128982782,101.403257638216,0.577262058854103,2.21636027097702,0.283479869365692,28.0099129527807,0,0,0,0,0,21.1612785309553,101.211365699768,0,7.48398965597153,0,0.171868488192558,25.2890957966447,342.516898699105,1224.04387803376,2035.46674948931,4142.81439646333,1313.7062099725,2332.48177523166,217.31600792706,2153.94782168418,0,5.37542840838432,9.60600803047419,1.32758589088917,13.9976757317781,3455.22672463953,16386.6014221013,60.4288610517979,484.929309301078,865.762824930251,142.070251315832,0.346366301178932,3.69735953211784,36.8109307736158,90.4094938784838,588.620289668441,340.170601196587,100.110165402293,16.5203030407429,399.374912649393,0,0,0,0.815018951892853,0.18605549633503,49.7642356157303,1086.25717839599,1.54236695170403,22.2082738876343,59.2842215150595,5.41315516829491,742.85365127027,364.414108470082,0,7.96390390396118,1.69958400726318,553.274333432317,2781.25756005943,8.48052161931992,99.4556435346603,1278.69902233779,22.6044628620148,2298.95242960751,2374.51489624381,4223.81948623061,0,60.4288610517979,6591.50668382645,102.584931790829,67.8466866090894,543.547215819359,7.40338769555092,0,0,0.327093154191971,0,2.17649772763252,3.07163359224796,0,0,103.760959535837,0,0,0,26.677928507328,0,3.6460175216198,0,0,0.856356382369995,0,233.765816837549,5091.51105400175,2492.15657833219,429.341971382499,389.457209989429,57.0474216789007,1798.42031601071,1164.5077893436,6545.57360090315,0,586.734818503261,86.2005160450935,18.4600794166327,28.7789458781481,487.553684003651,484.929309301078,102.584931790829,3107.70852506161,314.271009609103,301.491036906838,0,0.286839105188847,5.76462838798761,2.86985285580158,21.5823616683483,4.35691080987453,4.96152059733868,0.77895575761795,15.7839103266597,0,0,0,0,0,6.20169946551323,31.0168124213815,0,5.3523692637682,2.28502821922302,0,25.6047194302082,203.776660181582,1.59792628884315,93.5298053920269,70.3965444564819,362.828959330916,1471.13343378156,840.630430743098,3926.92626467347,0,31.1420921683311,10.6427223980427,1.20708522200584,14.6139258593321,0.885178416967392,865.762824930251,67.8466866090894,314.271009609103,3216.96944977343,173.552239522338,0,0,4.49646419286728,4.01998287439346,12.7745347619057,844.625789925456,27.1494657546282,326.997708126903,366.316222622991,0,0,0.187218934297562,0,0,0,83.0712292566895,2.58904337882996,4.79943215847015,1546.37825870514,0,75.2911968454719,3947.19086511433,2.37745475769043,36.0359801650047,6.96022965013981,88.482314452529,3682.99857237935,51.4520285725594,220.060393407941,0.68580824136734,21.6685106307268,1850.29501315951,31.8178088068962,185.950554579496,0.36573052406311,142.070251315832,543.547215819359,301.491036906838,173.552239522338,3401.79942162335,0.43146938085556,0,0,0.317868858575821,0.177148684859276,5.07197214663029,3.45854294300079,0,0.652214929461479,0,0,0,0,0.897783920168877,0,9.44415730237961,0,0,1.0805444419384,0,3640.82517337799,0,0,0,0,4.84800851345062,2.88704954087734,19.8413569927216,0,228.042006403208,54.7159959971905,1.32514640688896,287.677498564124,44.0543559640646,0,0.346366301178932,7.40338769555092,0,0,0.43146938085556,17134.8445027098,571.54482755065,0.171089336276054,6.15048071742058,0,845.993589609861,211.764084756374,1229.26763159037,10.8799203932285,3058.06421414018,2773.49021938443,498.288066327572,10021.8362037838,4145.52349957824,0.318445652723312,8.85451909899712,456.577603563666,272.245283022523,65.6456061303616,227.594129398465,0,0,2.48079996556044,0.52229642868042,2.60360077023506,0.414151906967163,0.350804358720779,0,3.16190782934427,0,0,0,0,0,0.220940992236137,3.69735953211784,0,0.286839105188847,0,0,571.54482755065,27125.7332939804,1288.98588319123,135.899803653359,8.66602477431297,57.35338370502,2070.47736401856,5623.54947888851,806.229998901486,3.91693156957626,7267.60342778265,2799.9657459408,767.224853143096,466.142227485776,81.8550222665071,94.8427812159061,231.314452111721,3492.05790412426,347.645482197404,3554.69634480774,0,4.08584550768137,67.6259946525097,16.9703796580434,68.996871009469,0,1.83073794096708,0,111.973148703575,0,0,0,0,0,23.3927189558744,36.8109307736158,0,5.76462838798761,4.49646419286728,0,0.171089336276054,1288.98588319123,13547.8709165156,289.827238030732,1084.6416143775,0.608501225709915,1216.90553282201,225.136388272047,4480.93920439482,0,12.8785187005997,0.344377040863037,0,0.4732646048069,7341.09852914512,1258.31090982258,1.6972618997097,1739.33949829638,49.1851569265127,97.2993961274624,0,2.93154150247574,11.9110921025276,51.7336590737104,38.8905213475227,11.6072268486023,16.3867519795895,0,67.7158152014017,0,0,0,0,0,12.2558128982782,90.4094938784838,0.327093154191971,2.86985285580158,4.01998287439346,0.317868858575821,6.15048071742058,135.899803653359,289.827238030732,3256.29375131428,83.9158850759268,49.5973954200745,2001.8096723035,304.651375159621,1993.46672131121,0.303606033325195,3.89837241172791,9.3167072981596,0.661588132381439,11.3186035305262,759.349664330482,1192.44383895397,32.6974650025368,519.753149434924,403.85469673574,270.91509911418,0.214954346418381,8.59618484973907,87.7767937406898,118.184108071029,612.746104195714,26.9004330635071,22.0888056531549,0,566.840299598873,0,0,0,0,0,101.403257638216,588.620289668441,0,21.5823616683483,12.7745347619057,0.177148684859276,0,8.66602477431297,1084.6416143775,83.9158850759268,2410.79924225807,789.115318119526,41.8550722897053,9.61360886693001,2857.0005953908,0,0,0.271486580371857,0,0.69013786315918,989.313115596771,3017.07969591022,0.547241732478142,105.080050319433,29.1936384290457,4.06404349207878,11.7693687677383,11.2450165897608,1.33857876062393,34.7852233350277,85.2821035832167,480.683038026094,122.918648660183,337.332023799419,100.066247627139,0,0.379659116268158,3.46261508762836,2.72356057167053,11.828417211771,0.577262058854103,340.170601196587,2.17649772763252,4.35691080987453,844.625789925456,5.07197214663029,845.993589609861,57.35338370502,0.608501225709915,49.5973954200745,789.115318119526,5010.95417171717,3164.67664515972,1489.26483680308,1161.57781499624,48.8217760771513,18.4547996073961,62.9925892800093,9.96438419818878,2051.02693746984,0.982439994812012,1833.83467517793,204.52216938138,18.0257103443146,478.046934470534,143.210789725184,1.04440818727016,5.66991025209427,2.52203138172626,11.4195127785206,14.367187872529,123.888819471002,387.156283006072,4.68402171134949,56.5190666913986,0,0,6.91371832787991,0.527133420109749,68.4669122844934,2.21636027097702,100.110165402293,3.07163359224796,4.96152059733868,27.1494657546282,3.45854294300079,211.764084756374,2070.47736401856,1216.90553282201,2001.8096723035,41.8550722897053,3164.67664515972,14036.9669072628,905.507760927081,2207.97994080931,36.2413649857044,51.1236956417561,690.423509761691,74.0342496484518,2493.3650700897,307.613951340318,1402.74777922034,2781.94718198478,1664.39331747591,2163.99586202204,6548.62421191484,2.84540295600891,0,0,7.74523608386517,6.09394365549088,7.26025569438934,5.24955004453659,605.557535231113,11.1390392184258,0,0,0,0,0,0.283479869365692,16.5203030407429,0,0.77895575761795,326.997708126903,0,1229.26763159037,5623.54947888851,225.136388272047,304.651375159621,9.61360886693001,1489.26483680308,905.507760927081,8584.46047176421,3094.00164784491,0,3473.43464577198,55.0724047422409,88.844838783145,87.9761952906847,18.8598066866398,348.355017468333,53.2764702886343,2535.47760617733,2682.87856295705,449.290966153145,0.769464015960693,7.40822421014309,99.8213865235448,87.7052286863327,599.461081013083,35.120131790638,39.0613502860069,1.56125062704086,1232.20989835262,0,0,0,0.577501535415649,0,28.0099129527807,399.374912649393,0,15.7839103266597,366.316222622991,0.652214929461479,10.8799203932285,806.229998901486,4480.93920439482,1993.46672131121,2857.0005953908,1161.57781499624,2207.97994080931,3094.00164784491,6935.81948352605,0,23.8381867855787,14.6922851502895,3.18104533851147,94.2692860513926,1445.75275212526,3193.50857998431,43.7927557975054,4913.17207109928,4574.23240959644,265.151633188128,761.099382013083,0,0,0,0,1.98943829536438,0.621627971529961,0,0,464.662504673004,0.956313461065292,0.505924344062805,503.977015003562,100.057512283325,0,0,103.760959535837,0,0,0,3058.06421414018,3.91693156957626,0,0.303606033325195,0,48.8217760771513,36.2413649857044,0,0,1719.54755821824,2.26794147491455,44.3540380597115,2300.92260080576,1201.12697836757,0,0.758123576641083,730.296393558383,1.17795252799988,1.68324601650238,11.2839544117451,0,0,0,0,0,0,0,0,0.339130997657776,0,0,0,0,0,0,0,0,0,0,0,2773.49021938443,7267.60342778265,12.8785187005997,3.89837241172791,0,18.4547996073961,51.1236956417561,3473.43464577198,23.8381867855787,2.26794147491455,9816.89491084218,126.963593989611,2968.9605602324,89.2847259491682,0,1.6925712376833,30.2631146460772,207.996904984117,33.5376464128494,68.0998191386461,0,0,0,0,0,0,0,0,0,0,0,0,0,0,0,0,0,0,0.187218934297562,0,498.288066327572,2799.9657459408,0.344377040863037,9.3167072981596,0.271486580371857,62.9925892800093,690.423509761691,55.0724047422409,14.6922851502895,44.3540380597115,126.963593989611,10085.4732867777,1887.82664482296,1383.90305630863,0.367287456989288,7.79107755422592,1918.57159642875,65.9653137028217,34.4082425236702,2095.5742791146,1.63308802247047,0,0,0,0,0,0,0,0,69.4584822952747,0,0,0,0,0,0.815018951892853,0,0,0,0,10021.8362037838,767.224853143096,0,0.661588132381439,0,9.96438419818878,74.0342496484518,88.844838783145,3.18104533851147,2300.92260080576,2968.9605602324,1887.82664482296,7897.49141980708,1258.05272684991,0,0.448391914367676,1162.50065474212,52.8068748116493,8.98739647865295,116.172642573714,82.5697211921215,9.67408771812916,0,0,0,40.8558362573385,15.4805281162262,4.19395792484283,0.212857902050018,46.1060891151428,0.499939680099487,20.3158637285233,4.1371798813343,632.755038812757,0,0.18605549633503,26.677928507328,0,0,0.897783920168877,4145.52349957824,466.142227485776,0.4732646048069,11.3186035305262,0.69013786315918,2051.02693746984,2493.3650700897,87.9761952906847,94.2692860513926,1201.12697836757,89.2847259491682,1383.90305630863,1258.05272684991,7480.66755329072,0,25.0361030548811,4340.93762114644,49.9552537798882,64.9777106940746,591.21177265048,0,2.69532186537981,60.6180862337351,12.4346200227737,55.9629189968109,0,2.78664463013411,0,80.3828530013561,0,0,0,0,0,21.1612785309553,49.7642356157303,0,6.20169946551323,0,0,0.318445652723312,81.8550222665071,7341.09852914512,759.349664330482,989.313115596771,0.982439994812012,307.613951340318,18.8598066866398,1445.75275212526,0,0,0.367287456989288,0,0,6067.29238708317,4833.53766929358,0,687.608867973089,18.5575494766235,21.5352812260389,0.648160547018051,36.2037214040756,110.058918967843,253.092282533646,349.998136378825,233.741016060114,281.837424591184,14.6474285572767,461.249110497534,0,0,0.742977172136307,0,0,101.211365699768,1086.25717839599,3.6460175216198,31.0168124213815,83.0712292566895,9.44415730237961,8.85451909899712,94.8427812159061,1258.31090982258,1192.44383895397,3017.07969591022,1833.83467517793,1402.74777922034,348.355017468333,3193.50857998431,0.758123576641083,1.6925712376833,7.79107755422592,0.448391914367676,25.0361030548811,4833.53766929358,13243.6801744252,23.9118763804436,472.714536771178,889.842518791556,132.331242769957,0,0,0,0,0,0.495695322751999,0,0,0.231123551726341,0,0,0,0,0,0,1.54236695170403,0,0,2.58904337882996,0,456.577603563666,231.314452111721,1.6972618997097,32.6974650025368,0.547241732478142,204.52216938138,2781.94718198478,53.2764702886343,43.7927557975054,730.296393558383,30.2631146460772,1918.57159642875,1162.50065474212,4340.93762114644,0,23.9118763804436,5169.25041782856,42.5049266070127,82.6176298558712,459.959186851978,0,3.12815897166729,18.1432523056865,8.1127505004406,26.6059091091156,0.837538838386536,1.12710264325142,0,34.1930112913251,0,0,0,0,0,7.48398965597153,22.2082738876343,0,5.3523692637682,4.79943215847015,0,272.245283022523,3492.05790412426,1739.33949829638,519.753149434924,105.080050319433,18.0257103443146,1664.39331747591,2535.47760617733,4913.17207109928,1.17795252799988,207.996904984117,65.9653137028217,52.8068748116493,49.9552537798882,687.608867973089,472.714536771178,42.5049266070127,1552.17279180884,589.74290561676,360.865746587515,0,2.58047929406166,1.38342022895813,25.1886178553104,14.2381853461266,21.4714462161064,56.2323235273361,35.2191193401814,133.859750926495,0,0,0,0,0,0,59.2842215150595,0.856356382369995,2.28502821922302,1546.37825870514,1.0805444419384,65.6456061303616,347.645482197404,49.1851569265127,403.85469673574,29.1936384290457,478.046934470534,2163.99586202204,2682.87856295705,4574.23240959644,1.68324601650238,33.5376464128494,34.4082425236702,8.98739647865295,64.9777106940746,18.5575494766235,889.842518791556,82.6176298558712,589.74290561676,2629.88439147174,581.534387543797,0,0,0,0.916807740926743,1.83582374453545,0.207988098263741,1.26989340782166,0,0.596306890249252,0,0,0,0,0,0.171868488192558,5.41315516829491,0,0,0,0,227.594129398465,3554.69634480774,97.2993961274624,270.91509911418,4.06404349207878,143.210789725184,6548.62421191484,449.290966153145,265.151633188128,11.2839544117451,68.0998191386461,2095.5742791146,116.172642573714,591.21177265048,21.5352812260389,132.331242769957,459.959186851978,360.865746587515,581.534387543797,4857.69767989218
