10035.7022702098,359.139938443899,0,2.53780624270439,0,241.312431901693,8.41138902306557,811.181690603495,6.18230605125427,2933.80850858986,3095.80112540722,923.247366964817,10628.3362659961,1696.3614756763,0,2.26657086610794,450.482997536659,9.73630931973457,141.807109892368,3.78267024457455,1803.1354688406,0,0,0,0,0,0,11.3547264039516,0,869.324622184038,0.384676337242126,0,0,4.54149794578552,0,0.0792936235666275,0,0,0,0,359.139938443899,33245.202556558,1458.43673706055,75.1133604198694,3.11183300614357,753.349056527019,1240.08909309655,2510.94649450481,1046.3052495718,0,4624.62926064432,1997.75841014832,565.717666655779,234.983042098582,4.00496872514486,336.838517457247,1023.19790881872,4699.06546026468,113.490466952324,2684.07511864603,0,0,0,1.74943900108337,0.223258420825005,6.50821040570736,2.88477726280689,0,0.345046550035477,0,0,0,0,0,0,11.1260996311903,0,0.337212219834328,9.58327096700668,0.16399297118187,0,1458.43673706055,16344.6607294306,1132.93170597404,2267.96342734247,11.631572663784,2727.68277526647,47.9595404118299,4675.78126811981,0,33.3135740160942,1.59125186502934,0.559019863605499,0.896263837814331,10671.7892989293,2628.9232372418,19.4715590178967,2782.37937781215,4.77249027788639,169.770656168461,0,0.130464419722557,63.3950352594256,28.8073334246874,443.461813122034,3.37996765971184,8.11174416542053,0.379488676786423,153.963615268469,0,0,0,0,0,50.5840247273445,100.135653421283,0.440323799848557,23.7738534808159,1.22830431163311,1.47220568358898,2.53780624270439,75.1133604198694,1132.93170597404,2391.63393200934,203.218619033694,26.1880116164684,4307.14852977544,80.9741315990686,947.361943475902,0,0.616158485412598,11.2766921073198,0.454388350248337,0.201480194926262,1678.2846775353,2247.16073375195,30.3794048428535,289.475641727448,94.0006077885628,180.123007930815,0,1.46629174053669,29.6401596516371,31.2883362919092,82.5250279903412,14.0467211604118,35.4759196564555,3.07971838116646,63.0852428376675,0,0.147861957550049,0.134101167321205,0,0,20.1219920814037,157.32785166055,1.0989862382412,16.6216388270259,17.6966073587537,3.29908674955368,0,3.11183300614357,2267.96342734247,203.218619033694,1779.46636515856,1115.82269670069,109.887024022639,6.38633324205875,1095.29455969483,0,0,0.322971984744072,0,0,965.25220118463,4625.8359169811,2.70771363377571,155.936042428017,9.72094461321831,13.0949210897088,0,1.94740142673254,207.505675390363,108.973482787609,952.654469698668,24.1993616521358,91.6192546188831,18.1903340369463,196.354582943022,0,0,6.10967537760735,0,0.308080404996872,96.1368204504251,512.24252717942,1.55227851867676,71.5607325434685,29.7366341426969,15.4205028712749,241.312431901693,753.349056527019,11.631572663784,26.1880116164684,1115.82269670069,3436.78877866268,3190.6176065132,639.858590722084,633.843956716359,3.69002142548561,42.1499084830284,505.403450220823,51.5208097398281,2892.47975307703,2.97940640151501,1355.27872283012,1796.85786575824,226.365425139666,1179.58479811251,522.288141153753,1.55501300096512,6.53632995486259,0,4.76166054606438,34.1353140175343,61.2135817408562,122.099108025432,0,31.1542645394802,0,0,4.40760716795921,0,5.30485209822655,0,61.0676461458206,2.70144891738892,13.2770755589008,35.9550833851099,5.95020520687103,8.41138902306557,1240.08909309655,2727.68277526647,4307.14852977544,109.887024022639,3190.6176065132,16351.1793314591,234.555686831474,1821.62087348849,0,22.1322630941868,349.822231203318,22.476937353611,811.795378223062,337.901251532137,4145.9785906747,3283.52868184447,2299.90439400077,705.391761444509,4660.29176887125,0,1.47725017368793,10.159331843257,15.8257823213935,66.2529334425926,102.093841738999,69.5130649209023,13.2748438790441,54.5681077614427,0,0.268788509070873,0.515293069183826,0,3.63670448958874,7.14561727643013,235.43692523241,5.91791889071465,17.698182657361,86.1501197442412,12.0957555174828,811.181690603495,2510.94649450481,47.9595404118299,80.9741315990686,6.38633324205875,639.858590722084,234.555686831474,4123.19513253868,2024.08404573798,0.479523003101349,3171.03752699494,24.2227894961834,159.029729485512,277.773590013385,0.392645761370659,157.244544297457,17.8024209737778,705.641085848212,951.655559495091,41.6699319332838,9.06606328487396,1.21735286712646,0.810754790902138,5.85492104291916,6.85531409084797,10.7914736717939,11.4360040277243,15.793452873826,49.7823651656508,0,0,0.243073031306267,0,0,0,16.5575022213161,0,1.35108277201653,251.95789667964,1.01649653911591,6.18230605125427,1046.3052495718,4675.78126811981,947.361943475902,1095.29455969483,633.843956716359,1821.62087348849,2024.08404573798,10805.8556402847,0,155.409949615598,36.2531985342503,0.286841779947281,7.72589077055454,704.050546750426,2579.7165030539,166.357100769877,6018.96064810455,2946.69708420336,207.946196556091,0,12.0936717540026,124.017504632473,114.619537457824,524.958481281996,104.573688112199,160.326820142567,57.3006603866816,555.36763933301,0,0,3.42687630653381,0.0876524224877357,4.72270481288433,45.4888708591461,490.19807292521,4.19759392738342,47.2831969037652,482.809935756028,19.1135839000344,2933.80850858986,0,0,0,0,3.69002142548561,0,0.479523003101349,0,1081.43310286105,9.23049937188625,146.766229584813,1515.14955628663,1417.91811197996,0,0,2076.72310332954,0,0,0,161.099518567324,0,0,0,0,0,0,0,0,397.340360045433,0,0,0,8.13420253992081,0,0,0,0,0,0,3095.80112540722,4624.62926064432,33.3135740160942,0.616158485412598,0,42.1499084830284,22.1322630941868,3171.03752699494,155.409949615598,9.23049937188625,6299.64659062028,258.513166345656,3424.25304912031,129.606804415584,0,12.519495293498,78.3905199766159,254.524036303163,59.3583538681269,31.5806161761284,4.24716779589653,0,0,0,0,0,0,0,0,0.646446466445923,0,0,0,0,0,1.08432906866074,0,0,1.21095672249794,0,923.247366964817,1997.75841014832,1.59125186502934,11.2766921073198,0.322971984744072,505.403450220823,349.822231203318,24.2227894961834,36.2531985342503,146.766229584813,258.513166345656,5747.38929709792,1304.90281844139,2114.51083996892,0.364216431975365,48.3014958426356,1948.16056463122,114.180365547538,5.20418971776962,1484.16511899978,2.51222717761993,0,0,0.442348808050156,0,0.502224668860435,0.141241490840912,0,0.169947519898415,3.12806797027588,0,0,0,0,0,1.57277458161116,0,0,0,0,10628.3362659961,565.717666655779,0.559019863605499,0.454388350248337,0,51.5208097398281,22.476937353611,159.029729485512,0.286841779947281,1515.14955628663,3424.25304912031,1304.90281844139,3599.51335541904,1069.26019322872,0,4.27212373167276,687.156701460481,9.299978941679,3.88730698823929,13.7493976056576,247.144782707095,0,0,0,0,0,0,0,0,196.880797684193,0,0,0,4.92465952038765,0,0.389391034841537,0,0,0,0,1696.3614756763,234.983042098582,0.896263837814331,0.201480194926262,0,2892.47975307703,811.795378223062,277.773590013385,7.72589077055454,1417.91811197996,129.606804415584,2114.51083996892,1069.26019322872,9127.33603125811,0,17.5919089615345,5240.22834928334,3.69716186821461,56.5972673296928,71.6236661970615,117.828995198011,0,0,0,0,0,0,0,0,277.669841885567,0,0,0,271.476490318775,0,1.02324402332306,0,0,0,0,0,4.00496872514486,10671.7892989293,1678.2846775353,965.25220118463,2.97940640151501,337.901251532137,0.392645761370659,704.050546750426,0,0,0.364216431975365,0,0,9328.09944231808,5051.10427159816,4.10661119222641,239.999383628368,4.01229318976402,51.650827690959,0,0.214851319789886,25.7920031100512,14.8896791934967,96.0464625507593,0.291947692632675,1.96222001314163,0.579190075397491,14.5441304594278,0,0,0.516037061810493,0,0,18.5792908072472,60.4083168655634,1.38808977603912,6.79418098926544,0.701874658465385,0.759104087948799,2.26657086610794,336.838517457247,2628.9232372418,2247.16073375195,4625.8359169811,1355.27872283012,4145.9785906747,157.244544297457,2579.7165030539,0,12.519495293498,48.3014958426356,4.27212373167276,17.5919089615345,5051.10427159816,14782.5525379181,180.815517619252,909.9239294976,604.474915809929,358.195736385882,0,2.19784823805094,61.0288502275944,94.7412597090006,446.714205212891,83.9930296987295,73.5202736407518,18.6656912341714,181.387268066406,0,0.108821205794811,0.854303129017353,0,0.680195242166519,52.6454861164093,616.413064278662,6.19526548683643,41.3977214172482,79.5380091890693,8.52351526916027,450.482997536659,1023.19790881872,19.4715590178967,30.3794048428535,2.70771363377571,1796.85786575824,3283.52868184447,17.8024209737778,166.357100769877,2076.72310332954,78.3905199766159,1948.16056463122,687.156701460481,5240.22834928334,4.10661119222641,180.815517619252,4664.39532481879,247.803963243961,81.5631887465715,1370.21297130734,7.68289789557457,0,0.244951143860817,0,2.22077159583569,8.34989449381828,7.71784916520119,0,1.97372807562351,42.4040398597717,0,0,0,0,0,9.8209590613842,0,0,1.08245594799519,0,9.73630931973457,4699.06546026468,2782.37937781215,289.475641727448,155.936042428017,226.365425139666,2299.90439400077,705.641085848212,6018.96064810455,0,254.524036303163,114.180365547538,9.299978941679,3.69716186821461,239.999383628368,909.9239294976,247.803963243961,5896.97460850328,275.038839414716,461.023255243897,0,2.39698280394077,23.4708780348301,29.0842801034451,24.848602488637,23.8153146058321,21.637668967247,0.538674771785736,29.2565148472786,0,0,0.537582099437714,0,0.384776473045349,11.8291026353836,104.173756875098,0.313982129096985,5.33240729570389,9.17727379500866,0.870156645774841,141.807109892368,113.490466952324,4.77249027788639,94.0006077885628,9.72094461321831,1179.58479811251,705.391761444509,951.655559495091,2946.69708420336,0,59.3583538681269,5.20418971776962,3.88730698823929,56.5972673296928,4.01229318976402,604.474915809929,81.5631887465715,275.038839414716,2375.65468411148,108.525351494551,0,1.56869681179523,30.8344181478024,20.7104239016771,8.28707015514374,677.303401753306,40.7896496504545,97.2406347692013,525.890185058117,0,0,0,0,0.212976604700089,0,58.2515664994717,1.3999508023262,4.22213868796825,3621.78492020816,5.19032169878483,3.78267024457455,2684.07511864603,169.770656168461,180.123007930815,13.0949210897088,522.288141153753,4660.29176887125,41.6699319332838,207.946196556091,0,31.5806161761284,1484.16511899978,13.7493976056576,71.6236661970615,51.650827690959,358.195736385882,1370.21297130734,461.023255243897,108.525351494551,5323.37662364542,0,0,1.619040325284,3.69049479067326,10.0162857323885,10.9965231716633,7.82652193307877,4.97100342810154,3.57800604403019,0,0,0.194728910923004,0,0,4.80148419737816,30.2635903805494,1.79949033260345,1.03437505662441,5.96281732618809,0,1803.1354688406,0,0,0,0,1.55501300096512,0,9.06606328487396,0,161.099518567324,4.24716779589653,2.51222717761993,247.144782707095,117.828995198011,0,0,7.68289789557457,0,0,0,15382.5908745229,173.886480033398,0.207380428910255,0,0,718.099647685885,28.1911611258984,1238.03293260932,12.0629552006721,3321.38074408472,4200.89090298116,1586.72432745993,6179.53490465879,4737.26080563664,1.06344947218895,6.66901724040508,523.790558516979,26.239402487874,132.334763407707,27.5442685484886,0,0,0.130464419722557,1.46629174053669,1.94740142673254,6.53632995486259,1.47725017368793,1.21735286712646,12.0936717540026,0,0,0,0,0,0.214851319789886,2.19784823805094,0,2.39698280394077,1.56869681179523,0,173.886480033398,32972.5698846057,1163.65958178043,60.421609826386,7.98845408856869,308.000190734863,1120.08167177439,3709.895625934,1362.3404931426,0.27281129360199,4459.36615714431,1844.49738134444,298.989847250283,420.614941194654,5.98773241788149,279.639238752425,286.441006019711,4522.04377831519,355.19277215749,2057.11941281706,0,0,63.3950352594256,29.6401596516371,207.505675390363,0,10.159331843257,0.810754790902138,124.017504632473,0,0,0,0,0,25.7920031100512,61.0288502275944,0.244951143860817,23.4708780348301,30.8344181478024,1.619040325284,0.207380428910255,1163.65958178043,16554.7300592214,868.536866940558,2730.59911836684,14.444633513689,2861.40622100234,239.062165424228,7194.50904771686,0,33.9240577071905,26.5118753612041,0.431592687964439,10.0416087955236,9867.24905528873,2836.7155380547,21.3951100856066,2546.15630936623,175.175037197769,107.473332211375,0,1.74943900108337,28.8073334246874,31.2883362919092,108.973482787609,4.76166054606438,15.8257823213935,5.85492104291916,114.619537457824,0,0,0.442348808050156,0,0,14.8896791934967,94.7412597090006,0,29.0842801034451,20.7104239016771,3.69049479067326,0,60.421609826386,868.536866940558,3273.18159115314,249.789607837796,43.0400067195296,3706.13266147673,179.135851621628,1307.26303470135,0,5.63618792593479,63.190106742084,2.42123208940029,26.9338848292828,1137.50099401176,2415.16236831248,54.3793904259801,358.43883664161,278.572474397719,460.001942463219,0,0.223258420825005,443.461813122034,82.5250279903412,952.654469698668,34.1353140175343,66.2529334425926,6.85531409084797,524.958481281996,0,0,0,0,0,96.0464625507593,446.714205212891,2.22077159583569,24.848602488637,8.28707015514374,10.0162857323885,0,7.98845408856869,2730.59911836684,249.789607837796,2769.32167667896,1491.57848478854,164.918765686452,9.38784089684486,1010.44142614305,0,0,6.56570250540972,0.467427775263786,4.29016627371311,882.769882768393,4678.10457193851,10.1333629488945,245.104283764958,66.6129047125578,16.4432157874107,0,6.50821040570736,3.37996765971184,14.0467211604118,24.1993616521358,61.2135817408562,102.093841738999,10.7914736717939,104.573688112199,0,0,0.502224668860435,0,0,0.291947692632675,83.9930296987295,8.34989449381828,23.8153146058321,677.303401753306,10.9965231716633,718.099647685885,308.000190734863,14.444633513689,43.0400067195296,1491.57848478854,4368.8674171567,2279.00411942601,401.481734856963,667.688751444221,30.4717856198549,165.214381597936,243.555722996593,66.229449018836,3307.21565450728,6.60575884580612,1115.03685820103,365.024355523288,328.061317324638,1370.96262662113,495.36550360918,0,2.88477726280689,8.11174416542053,35.4759196564555,91.6192546188831,122.099108025432,69.5130649209023,11.4360040277243,160.326820142567,0,0,0.141241490840912,0,0,1.96222001314163,73.5202736407518,7.71784916520119,21.637668967247,40.7896496504545,7.82652193307877,28.1911611258984,1120.08167177439,2861.40622100234,3706.13266147673,164.918765686452,2279.00411942601,12229.249140501,227.938872538507,1580.87319934368,0.197545677423477,69.1110628172755,643.803372144699,26.5373516157269,1846.48078215867,144.390025615692,3635.21241017431,2515.8335506022,1950.71779886633,927.375255271792,4003.20030089468,11.3547264039516,0,0.379488676786423,3.07971838116646,18.1903340369463,0,13.2748438790441,15.793452873826,57.3006603866816,0,0,0,0,0,0.579190075397491,18.6656912341714,0,0.538674771785736,97.2406347692013,4.97100342810154,1238.03293260932,3709.895625934,239.062165424228,179.135851621628,9.38784089684486,401.481734856963,227.938872538507,6604.34088660777,2811.33747282624,0.85822856426239,3651.19012777507,49.4224808812141,133.113493934274,75.4820033013821,3.02086114883423,168.406466826797,29.3296634554863,1338.15194998682,1411.39724504948,148.900943279266,0,0.345046550035477,153.963615268469,63.0852428376675,196.354582943022,31.1542645394802,54.5681077614427,49.7823651656508,555.36763933301,0,0,0.169947519898415,0,0,14.5441304594278,181.387268066406,1.97372807562351,29.2565148472786,525.890185058117,3.57800604403019,12.0629552006721,1362.3404931426,7194.50904771686,1307.26303470135,1010.44142614305,667.688751444221,1580.87319934368,2811.33747282624,10034.520108968,0,259.93107162416,97.913341999054,15.2943000346422,140.268390566111,879.99787466228,2070.64998134226,119.85721269995,6393.77206221223,3620.80589029938,463.063036173582,869.324622184038,0,0,0,0,0,0,0,0,397.340360045433,0.646446466445923,3.12806797027588,196.880797684193,277.669841885567,0,0,42.4040398597717,0,0,0,3321.38074408472,0.27281129360199,0,0,0,30.4717856198549,0.197545677423477,0.85822856426239,0,922.569739669561,14.7168821692467,50.5488898903131,1090.42310352623,1011.35920973122,0,0,258.388590246439,0,0,0,0.384676337242126,0,0,0.147861957550049,0,0,0.268788509070873,0,0,0,0,0,0,0,0,0.108821205794811,0,0,0,0,4200.89090298116,4459.36615714431,33.9240577071905,5.63618792593479,0,165.214381597936,69.1110628172755,3651.19012777507,259.93107162416,14.7168821692467,5717.54204333574,210.580208711326,2972.17809537053,259.043768920004,1.52757336199284,22.6652387008071,47.7521588355303,368.48197029531,36.580767378211,53.4727309644222,0,0,0,0.134101167321205,6.10967537760735,4.40760716795921,0.515293069183826,0.243073031306267,3.42687630653381,0,0,0,0,0,0.516037061810493,0.854303129017353,0,0.537582099437714,0,0.194728910923004,1586.72432745993,1844.49738134444,26.5118753612041,63.190106742084,6.56570250540972,243.555722996593,643.803372144699,49.4224808812141,97.913341999054,50.5488898903131,210.580208711326,8386.51552835107,1221.83504457772,1286.6927048862,12.9610929712653,130.926713585854,2330.96418996155,232.881180264056,45.1055984646082,1653.9550877437,0,0,0,0,0,0,0,0,0.0876524224877357,0,0,0,0,0,0,0,0,0,0,0,6179.53490465879,298.989847250283,0.431592687964439,2.42123208940029,0.467427775263786,66.229449018836,26.5373516157269,133.113493934274,15.2943000346422,1090.42310352623,2972.17809537053,1221.83504457772,3572.0799562633,866.322060376406,0.195744201540947,7.35562840849161,742.602091595531,44.3079839795828,7.47464597225189,18.5143090859056,4.54149794578552,0,0,0,0.308080404996872,5.30485209822655,3.63670448958874,0,4.72270481288433,8.13420253992081,0,0,4.92465952038765,271.476490318775,0,0.680195242166519,0,0.384776473045349,0.212976604700089,0,4737.26080563664,420.614941194654,10.0416087955236,26.9338848292828,4.29016627371311,3307.21565450728,1846.48078215867,75.4820033013821,140.268390566111,1011.35920973122,259.043768920004,1286.6927048862,866.322060376406,12657.9748822749,5.80030283331871,109.447393417358,3993.44496814907,123.811346814036,37.5076418668032,351.920947492123,0,0,50.5840247273445,20.1219920814037,96.1368204504251,0,7.14561727643013,0,45.4888708591461,0,0,0,0,0,18.5792908072472,52.6454861164093,0,11.8291026353836,0,4.80148419737816,1.06344947218895,5.98773241788149,9867.24905528873,1137.50099401176,882.769882768393,6.60575884580612,144.390025615692,3.02086114883423,879.99787466228,0,1.52757336199284,12.9610929712653,0.195744201540947,5.80030283331871,10180.7710974962,7137.7511991486,8.60426332056522,426.341866537929,13.8282966688275,31.2143075913191,0.0792936235666275,11.1260996311903,100.135653421283,157.32785166055,512.24252717942,61.0676461458206,235.43692523241,16.5575022213161,490.19807292521,0,1.08432906866074,1.57277458161116,0.389391034841537,1.02324402332306,60.4083168655634,616.413064278662,9.8209590613842,104.173756875098,58.2515664994717,30.2635903805494,6.66901724040508,279.639238752425,2836.7155380547,2415.16236831248,4678.10457193851,1115.03685820103,3635.21241017431,168.406466826797,2070.64998134226,0,22.6652387008071,130.926713585854,7.35562840849161,109.447393417358,7137.7511991486,14510.1445836872,152.314628586173,771.904161185026,862.489054001868,419.620760910213,0,0,0.440323799848557,1.0989862382412,1.55227851867676,2.70144891738892,5.91791889071465,0,4.19759392738342,0,0,0,0,0,1.38808977603912,6.19526548683643,0,0.313982129096985,1.3999508023262,1.79949033260345,523.790558516979,286.441006019711,21.3951100856066,54.3793904259801,10.1333629488945,365.024355523288,2515.8335506022,29.3296634554863,119.85721269995,258.388590246439,47.7521588355303,2330.96418996155,742.602091595531,3993.44496814907,8.60426332056522,152.314628586173,3188.65659819543,165.208784848452,78.8219720199704,615.006962954998,0,0.337212219834328,23.7738534808159,16.6216388270259,71.5607325434685,13.2770755589008,17.698182657361,1.35108277201653,47.2831969037652,0,0,0,0,0,6.79418098926544,41.3977214172482,0,5.33240729570389,4.22213868796825,1.03437505662441,26.239402487874,4522.04377831519,2546.15630936623,358.43883664161,245.104283764958,328.061317324638,1950.71779886633,1338.15194998682,6393.77206221223,0,368.48197029531,232.881180264056,44.3079839795828,123.811346814036,426.341866537929,771.904161185026,165.208784848452,3709.29824803025,551.017027378082,881.420751065016,0,9.58327096700668,1.22830431163311,17.6966073587537,29.7366341426969,35.9550833851099,86.1501197442412,251.95789667964,482.809935756028,0,1.21095672249794,0,0,0,0.701874658465385,79.5380091890693,1.08245594799519,9.17727379500866,3621.78492020816,5.96281732618809,132.334763407707,355.19277215749,175.175037197769,278.572474397719,66.6129047125578,1370.96262662113,927.375255271792,1411.39724504948,3620.80589029938,0,36.580767378211,45.1055984646082,7.47464597225189,37.5076418668032,13.8282966688275,862.489054001868,78.8219720199704,551.017027378082,2272.47700666636,430.161190703511,0,0.16399297118187,1.47220568358898,3.29908674955368,15.4205028712749,5.95020520687103,12.0957555174828,1.01649653911591,19.1135839000344,0,0,0,0,0,0.759104087948799,8.52351526916027,0,0.870156645774841,5.19032169878483,0,27.5442685484886,2057.11941281706,107.473332211375,460.001942463219,16.4432157874107,495.36550360918,4003.20030089468,148.900943279266,463.063036173582,0,53.4727309644222,1653.9550877437,18.5143090859056,351.920947492123,31.2143075913191,419.620760910213,615.006962954998,881.420751065016,430.161190703511,4791.6131439656
