11985.8932411373,948.28109934926,0,0,0,417.35249710083,31.6446659862995,957.099123775959,7.25717586278915,2666.63066707551,4815.39538647234,899.039246961474,7279.03778672218,1975.76552844048,0,2.59686475992203,658.038926050067,47.3536263406277,17.0773510485888,18.2997344732285,1641.9750880301,0,0,0,0,0,0,0,0,590.029973715544,0,0,0,0,0,0,0,0,0,0,948.28109934926,34353.4419105053,111.423365518451,15.0973186641932,1.91894219815731,1187.90589088947,1254.86981772631,2311.04076203704,636.016490526497,8.21856582164764,5239.87694945931,3047.9124859497,1241.40290462971,1430.71558377892,0,63.4631802141666,571.082654222846,3934.49784418941,123.848186731339,2401.55698788166,0,0,0,0,0,12.7176563665271,1.22566196322441,0,0.145275503396988,0,0,0,0,0,0,1.8773178011179,0,0,1.3154610991478,0,0,111.423365518451,11982.5239061266,789.142125464976,3154.35556977242,3.44763263314962,2690.16732228547,33.0419257879257,4060.07541140914,0,17.4569746851921,1.26050283014774,0,0,6079.59461141378,1952.25207878649,0.900631584227085,1188.0173401311,0.768281638622284,12.8000572025776,0,0,72.4813816994429,18.0586696565151,221.67361330241,7.16478432714939,4.15290646255016,0.150125354528427,162.252080060542,0,0,0,0,0,13.7801854163408,52.9292278513312,0,9.31898526847363,0.138344705104828,0,0,15.0973186641932,789.142125464976,2178.50605542958,278.339092612267,14.0680781006813,2723.88726617396,31.2522117197514,549.230718657374,0,0,3.45452581346035,0,1.50179320573807,1471.05888655037,3052.75398308039,11.4941057860851,406.018396750093,21.6189431250095,166.467842660844,0,0,17.4360470473766,13.9583379477262,144.281467691064,15.3489753901958,3.71525993943214,0,70.4898006394506,0,0,0,0,0,6.4642433822155,35.1338212937117,0,11.5413937270641,1.18758369982243,0,0,1.91894219815731,3154.35556977242,278.339092612267,3000.21607202291,641.835586279631,137.913967654109,0.273697912693024,1968.94546858966,0,0,0.610783204436302,0,2.61513657867908,2165.98184011877,3738.91031402349,7.16120000183582,229.759639635682,0,0.231592744588852,0,0,128.740569591522,54.2509626746178,1605.41158473492,30.521014124155,17.0947834700346,0,587.938465118408,0,0,0,0,0.560106039047241,58.3353762477636,349.588522724807,0,49.6619304716587,6.61974695324898,0,417.35249710083,1187.90589088947,3.44763263314962,14.0680781006813,641.835586279631,3352.07975588739,2110.85155870765,426.198868095875,1569.97506783903,1.72910541296005,11.1769357323647,192.391868501902,2.40740260481834,2129.52513426542,2.86365984380245,925.382137253881,311.257913008332,260.849784933031,344.670993879437,332.510385751724,1.21833491325378,1.1424765586853,0.813008189201355,4.39942805469036,23.178358361125,74.092826500535,93.4468524381518,1.18035697937012,246.787988096476,0,0.258376687765121,2.65428280830383,0,0.271427780389786,0,102.090063810349,1.81284067034721,17.9155010133982,57.1174506247044,18.0889363735914,31.6446659862995,1254.86981772631,2690.16732228547,2723.88726617396,137.913967654109,2110.85155870765,16929.3280769065,441.189307712018,2398.91969095916,1.16338610649109,34.5797839611769,297.970433704555,3.85300001502037,1063.84905720502,138.731347039342,3187.08879542723,3049.21769104153,2003.86960744858,1033.67874220014,4832.87567219883,0,0,14.5400164574385,8.24853849411011,69.6850935965776,126.769259132445,59.7148726657033,1.36228811740875,105.961552686989,0,0,0.840242266654968,0,0,4.69592490792274,89.7980640605092,2.42403922975063,12.7509641498327,36.4162217229605,9.51496026664972,957.099123775959,2311.04076203704,33.0419257879257,31.2522117197514,0.273697912693024,426.198868095875,441.189307712018,2928.72591227293,3836.47126843035,0,2246.0007301718,9.47014293074608,2.43534648418427,40.0434028357267,0,130.433324657381,18.8269497901201,1626.90528238565,1006.95342205465,42.7080024704337,0,0,0,0,0.291821002960205,15.0660218298435,16.1641353815794,15.2156419157982,2.06735777854919,0,0,0,0,0,0,13.4033094644547,0,0,71.8179270327091,1.80984282493591,7.25717586278915,636.016490526497,4060.07541140914,549.230718657374,1968.94546858966,1569.97506783903,2398.91969095916,3836.47126843035,7557.76722319424,0,254.993872344494,22.914060652256,0,64.4033167660236,896.877354420722,1931.00170399994,273.35249107331,4017.27719898522,3715.87735489756,179.094086863101,1.368312895298,4.43920302391052,134.823087930679,44.225063726306,948.697773970664,335.468384504318,216.177393250167,9.52408307790756,1029.73733783513,0,0.412398487329483,0.173514738678932,0,4.06462432444096,27.6476405188441,325.157331213355,10.7073845267296,37.753051429987,171.371383532882,26.0203656554222,2666.63066707551,8.21856582164764,0,0,0,1.72910541296005,1.16338610649109,0,0,1326.99376893044,7.1117003262043,148.300079226494,1087.63068060577,998.050779998302,0,0,915.243994951248,0,0,0,323.623183578253,0,0,0,0,0,0,0,0,330.310370922089,0,0,9.79164007306099,1.18051451444626,0,0,0,0,0,0,4815.39538647234,5239.87694945931,17.4569746851921,0,0,11.1769357323647,34.5797839611769,2246.0007301718,254.993872344494,7.1117003262043,6646.28304350376,233.990012794733,1789.67692811787,152.498892679811,0,5.50266626477242,44.7552618607879,1451.56798164546,89.5315080285072,16.4318007826805,13.0903939157724,0,0,0,0,0,0,0,0,0.296341568231583,0,0,0,0,0,0,0,0,0.161126613616943,0,899.039246961474,3047.9124859497,1.26050283014774,3.45452581346035,0.610783204436302,192.391868501902,297.970433704555,9.47014293074608,22.914060652256,148.300079226494,233.990012794733,8711.13469576836,1651.02923284471,2706.36385694891,0,4.12099979072809,1738.0142171979,33.0090584307909,2.25202326476574,2202.41727384925,15.055085003376,0,0,0,0,0.398644387722015,0.186361327767372,0,0,3.12249460816383,0,0,0,0,0,0.357815891504288,0,0,0.205199480056763,0,7279.03778672218,1241.40290462971,0,0,0,2.40740260481834,3.85300001502037,2.43534648418427,0,1087.63068060577,1789.67692811787,1651.02923284471,7440.3378354758,480.056206837296,0,0,2084.45264464617,5.16749465465546,0,8.33300557732582,168.808162257075,0,0,0,0,0,0,0,0,40.1134024560452,0,0,0,0,0,0,0,0,0,0,1975.76552844048,1430.71558377892,0,1.50179320573807,2.61513657867908,2129.52513426542,1063.84905720502,40.0434028357267,64.4033167660236,998.050779998302,152.498892679811,2706.36385694891,480.056206837296,9185.27941463888,0,14.9295447617769,4280.24665786326,63.7271050810814,9.49381645023823,481.729643300176,129.20167979598,0,0,0,0,0.841893941164017,0.310446262359619,0,0.231777966022491,35.8013226687908,0,0,0,1.56487762928009,0,0.266533702611923,0,0,0,0,0,0,6079.59461141378,1471.05888655037,2165.98184011877,2.86365984380245,138.731347039342,0,896.877354420722,0,0,0,0,0,5404.30771285295,4377.11462732404,0,333.039971724153,2.38075071573257,0.266944646835327,0,0.121179200708866,19.2182159721851,16.9884743690491,161.903927445412,2.09481751918793,2.69308173656464,0,43.5912850946188,0,0,0,0,0,16.1123916357756,34.4081364125013,0,4.41788737475872,0,0,2.59686475992203,63.4631802141666,1952.25207878649,3052.75398308039,3738.91031402349,925.382137253881,3187.08879542723,130.433324657381,1931.00170399994,0,5.50266626477242,4.12099979072809,0,14.9295447617769,4377.11462732404,14226.8734315448,52.7550491094589,534.295597814023,213.743169099092,142.20098797977,0,0,48.9693438112736,41.5650947391987,416.254726096988,117.067874908447,55.1798699125648,0.544340148568153,235.024529188871,0,0,0,0,0,22.5659635365009,383.005965001881,2.61454683542252,31.1532471626997,29.4844966679811,5.61268814653158,658.038926050067,571.082654222846,0.900631584227085,11.4941057860851,7.16120000183582,311.257913008332,3049.21769104153,18.8269497901201,273.35249107331,915.243994951248,44.7552618607879,1738.0142171979,2084.45264464617,4280.24665786326,0,52.7550491094589,5373.82816329598,279.199964106083,45.5653709918261,760.492603197694,21.9643562436104,0,0,0,0,8.50325173139572,1.38908453285694,0,0,40.6401410400867,0,0,0,0,0,0,0,0,3.44018758833408,0,47.3536263406277,3934.49784418941,1188.0173401311,406.018396750093,229.759639635682,260.849784933031,2003.86960744858,1626.90528238565,4017.27719898522,0,1451.56798164546,33.0090584307909,5.16749465465546,63.7271050810814,333.039971724153,534.295597814023,279.199964106083,2571.81436657906,232.808316990733,205.512280523777,0,0,3.46559949219227,3.7993016242981,29.6842112988234,12.6648015677929,15.3191654533148,0.64436274766922,22.4278076589108,0,0.640804350376129,0,0,0,1.67456206679344,31.3441840484738,0,8.37777863442898,7.35956007242203,0.286112889647484,17.0773510485888,123.848186731339,0.768281638622284,21.6189431250095,0,344.670993879437,1033.67874220014,1006.95342205465,3715.87735489756,0,89.5315080285072,2.25202326476574,0,9.49381645023823,2.38075071573257,213.743169099092,45.5653709918261,232.808316990733,3913.72234810889,33.4952900111675,0,6.05244493484497,0,0,0,177.025512233377,73.8222645893693,56.0297289192677,531.618687257171,0,0.629060328006744,7.12145993113518,0,6.7932830452919,0,15.0512645691633,4.24210405349731,8.25821161270142,3619.83560273051,33.5485435575247,18.2997344732285,2401.55698788166,12.8000572025776,166.467842660844,0.231592744588852,332.510385751724,4832.87567219883,42.7080024704337,179.094086863101,0,16.4318007826805,2202.41727384925,8.33300557732582,481.729643300176,0.266944646835327,142.20098797977,760.492603197694,205.512280523777,33.4952900111675,4627.60044046491,0,0,0,0,1.59881973266602,6.07049978524446,3.53651335835457,0,4.05088177323341,0,0,0,0,0,0,2.07675419747829,1.49211513996124,0,2.38719272613525,0,1641.9750880301,0,0,0,0,1.21833491325378,0,0,1.368312895298,323.623183578253,13.0903939157724,15.055085003376,168.808162257075,129.20167979598,0,0,21.9643562436104,0,0,0,18610.3100774288,483.184427753091,0,0.710363805294037,0,645.104574367404,96.8994318842888,1086.41928511858,9.27009174227715,3515.98993131518,4179.92574301362,771.801277503371,5961.52852353454,2854.52367393672,0,1.47350685298443,666.943332731724,45.8936233818531,3.48609158396721,93.5714810788631,0,0,0,0,0,1.1424765586853,0,0,4.43920302391052,0,0,0,0,0,0.121179200708866,0,0,0,6.05244493484497,0,483.184427753091,23490.9482116401,116.654356196523,7.97823908925056,0,460.636299490929,328.182356439531,5043.42089723051,313.060020878911,2.00866430997849,6956.65328302979,3389.49419096112,378.078301310539,297.191299408674,0.169976681470871,26.6916528195143,129.037371501327,2142.1476842761,224.244778648019,1780.74690298736,0,0,72.4813816994429,17.4360470473766,128.740569591522,0.813008189201355,14.5400164574385,0,134.823087930679,0,0,0,0,0,19.2182159721851,48.9693438112736,0,3.46559949219227,0,0,0,116.654356196523,11779.5728141889,624.380555585027,2167.46544645727,9.34538032114506,2581.4355160594,26.652266278863,6420.55493932962,0,1.74621731042862,2.67289488017559,0,0,4844.81280222535,1151.08993415534,0.86100971698761,1156.79408188909,14.9234976172447,19.4460579305887,0,0,18.0586696565151,13.9583379477262,54.2509626746178,4.39942805469036,8.24853849411011,0,44.225063726306,0,0,0,0,0,16.9884743690491,41.5650947391987,0,3.7993016242981,0,0,0.710363805294037,7.97823908925056,624.380555585027,1911.95169922709,241.310215771198,28.8626457378268,2374.44570005685,67.7184383571148,958.537255272269,0,6.17182143032551,5.49041916429996,0,3.94393791258335,1485.31763249636,2135.03598608077,15.1738668084145,539.129720374942,90.429101973772,138.527365103364,0,0,221.67361330241,144.281467691064,1605.41158473492,23.178358361125,69.6850935965776,0.291821002960205,948.697773970664,0,0,0,0,0,161.903927445412,416.254726096988,0,29.6842112988234,0,1.59881973266602,0,0,2167.46544645727,241.310215771198,4227.55150082707,639.846321195364,69.3291743695736,3.29117955267429,3648.09252347052,0,0,0.385677844285965,0,0.658792555332184,1251.026463449,3696.55709524453,2.28854441642761,266.305300801992,7.55964711308479,0.853694975376129,0,12.7176563665271,7.16478432714939,15.3489753901958,30.521014124155,74.092826500535,126.769259132445,15.0660218298435,335.468384504318,0,0,0.398644387722015,0,0.841893941164017,2.09481751918793,117.067874908447,8.50325173139572,12.6648015677929,177.025512233377,6.07049978524446,645.104574367404,460.636299490929,9.34538032114506,28.8626457378268,639.846321195364,5265.20875886083,2429.7596052438,622.677659362555,1281.42597655952,35.9254887402058,104.233617454767,383.538293927908,34.2469132095575,2629.02770704031,5.51783913373947,1664.20226022601,332.569348782301,244.995469920337,845.749086044729,704.128138765693,0,1.22566196322441,4.15290646255016,3.71525993943214,17.0947834700346,93.4468524381518,59.7148726657033,16.1641353815794,216.177393250167,0,0,0.186361327767372,0,0.310446262359619,2.69308173656464,55.1798699125648,1.38908453285694,15.3191654533148,73.8222645893693,3.53651335835457,96.8994318842888,328.182356439531,2581.4355160594,2374.44570005685,69.3291743695736,2429.7596052438,13577.3997406289,372.155341923237,2740.28175201267,9.770015001297,89.6990557163954,608.748787522316,31.47767213732,1688.19409672171,87.0474740117788,2083.46483355761,1669.36502560973,2142.85548396409,2424.23303163052,4260.68901540339,0,0,0.150125354528427,0,0,1.18035697937012,1.36228811740875,15.2156419157982,9.52408307790756,0,0,0,0,0,0,0.544340148568153,0,0.64436274766922,56.0297289192677,0,1086.41928511858,5043.42089723051,26.652266278863,67.7184383571148,3.29117955267429,622.677659362555,372.155341923237,4922.44427671283,2460.17917792499,0,3257.34541162848,19.8980817496777,0,35.9186051636934,1.98666596412659,189.342672348022,15.3227173238993,2391.15177926421,1927.79668669403,57.9096952229738,0,0.145275503396988,162.252080060542,70.4898006394506,587.938465118408,246.787988096476,105.961552686989,2.06735777854919,1029.73733783513,0,0,0,0,0.231777966022491,43.5912850946188,235.024529188871,0,22.4278076589108,531.618687257171,4.05088177323341,9.27009174227715,313.060020878911,6420.55493932962,958.537255272269,3648.09252347052,1281.42597655952,2740.28175201267,2460.17917792499,7823.02922973037,0,138.044978410006,70.6467335373163,7.27285598218441,128.537358701229,1135.97073732316,2653.06047856063,243.679312705994,4650.45752377063,3653.2465299964,399.447672575712,590.029973715544,0,0,0,0,0,0,0,0,330.310370922089,0.296341568231583,3.12249460816383,40.1134024560452,35.8013226687908,0,0,40.6401410400867,0,0,0,3515.98993131518,2.00866430997849,0,0,0,35.9254887402058,9.770015001297,0,0,1781.09327702224,23.6903256475925,44.3633795678616,1682.95891943574,989.80611205101,0,0,1035.70388408005,1.769506752491,0,5.45382997393608,0,0,0,0,0,0.258376687765121,0,0,0.412398487329483,0,0,0,0,0,0,0,0,0.640804350376129,0.629060328006744,0,4179.92574301362,6956.65328302979,1.74621731042862,6.17182143032551,0,104.233617454767,89.6990557163954,3257.34541162848,138.044978410006,23.6903256475925,6502.39531865716,420.480548575521,2003.07253982127,433.998605906963,0,8.77077800035477,99.3061751276255,606.050181850791,71.6708420217037,113.980604186654,0,0,0,0,0,2.65428280830383,0.840242266654968,0,0.173514738678932,0,0,0,0,0,0,0,0,0,7.12145993113518,0,771.801277503371,3389.49419096112,2.67289488017559,5.49041916429996,0.385677844285965,383.538293927908,608.748787522316,19.8980817496777,70.6467335373163,44.3633795678616,420.480548575521,9377.2993170619,1290.15706677735,1489.78476431966,0,10.302886903286,3332.60020468384,110.101185530424,14.1176400631666,1811.00183361769,0,0,0,0,0,0,0,0,0,9.79164007306099,0,0,0,0,0,0,0,0,0,0,5961.52852353454,378.078301310539,0,0,0,34.2469132095575,31.47767213732,0,7.27285598218441,1682.95891943574,2003.07253982127,1290.15706677735,7910.55474382639,1663.1683691144,0,0.930627733469009,659.149947479367,19.2080214172602,0,33.4080234467983,0,0,0,0,0.560106039047241,0.271427780389786,0,0,4.06462432444096,1.18051451444626,0,0,0,1.56487762928009,0,0,0,0,6.7932830452919,0,2854.52367393672,297.191299408674,0,3.94393791258335,0.658792555332184,2629.02770704031,1688.19409672171,35.9186051636934,128.537358701229,989.80611205101,433.998605906963,1489.78476431966,1663.1683691144,10767.798927173,0,17.8864915296435,3647.79580783844,76.112965747714,30.1450066119432,528.33244523406,0,0,13.7801854163408,6.4642433822155,58.3353762477636,0,4.69592490792274,0,27.6476405188441,0,0,0,0,0,16.1123916357756,22.5659635365009,0,1.67456206679344,0,0,0,0.169976681470871,4844.81280222535,1485.31763249636,1251.026463449,5.51783913373947,87.0474740117788,1.98666596412659,1135.97073732316,0,0,0,0,0,4137.10835582018,4566.44998002797,0,262.754651769996,2.72277797758579,0.385481834411621,0,1.8773178011179,52.9292278513312,35.1338212937117,349.588522724807,102.090063810349,89.7980640605092,13.4033094644547,325.157331213355,0,0,0.357815891504288,0,0.266533702611923,34.4081364125013,383.005965001881,0,31.3441840484738,15.0512645691633,2.07675419747829,1.47350685298443,26.6916528195143,1151.08993415534,2135.03598608077,3696.55709524453,1664.20226022601,2083.46483355761,189.342672348022,2653.06047856063,0,8.77077800035477,10.302886903286,0.930627733469009,17.8864915296435,4566.44998002797,9195.26446910203,30.8941114023328,611.522046886384,615.688695155084,131.725462004542,0,0,0,0,0,1.81284067034721,2.42403922975063,0,10.7073845267296,0,0,0,0,0,0,2.61454683542252,0,0,4.24210405349731,1.49211513996124,666.943332731724,129.037371501327,0.86100971698761,15.1738668084145,2.28854441642761,332.569348782301,1669.36502560973,15.3227173238993,243.679312705994,1035.70388408005,99.3061751276255,3332.60020468384,659.149947479367,3647.79580783844,0,30.8941114023328,4402.40647155046,84.1096118837595,93.2444482594728,727.262430354953,0,0,9.31898526847363,11.5413937270641,49.6619304716587,17.9155010133982,12.7509641498327,0,37.753051429987,0,0,0,0,0,4.41788737475872,31.1532471626997,0,8.37777863442898,8.25821161270142,0,45.8936233818531,2142.1476842761,1156.79408188909,539.129720374942,266.305300801992,244.995469920337,2142.85548396409,2391.15177926421,4650.45752377063,1.769506752491,606.050181850791,110.101185530424,19.2080214172602,76.112965747714,262.754651769996,611.522046886384,84.1096118837595,2097.27505837381,1448.51219458878,547.588092654943,0,1.3154610991478,0.138344705104828,1.18758369982243,6.61974695324898,57.1174506247044,36.4162217229605,71.8179270327091,171.371383532882,0,0.161126613616943,0.205199480056763,0,0,0,29.4844966679811,3.44018758833408,7.35956007242203,3619.83560273051,2.38719272613525,3.48609158396721,224.244778648019,14.9234976172447,90.429101973772,7.55964711308479,845.749086044729,2424.23303163052,1927.79668669403,3653.2465299964,0,71.6708420217037,14.1176400631666,0,30.1450066119432,2.72277797758579,615.688695155084,93.2444482594728,1448.51219458878,4031.41720426083,270.31223076582,0,0,0,0,0,18.0889363735914,9.51496026664972,1.80984282493591,26.0203656554222,0,0,0,0,0,0,5.61268814653158,0,0.286112889647484,33.5485435575247,0,93.5714810788631,1780.74690298736,19.4460579305887,138.527365103364,0.853694975376129,704.128138765693,4260.68901540339,57.9096952229738,399.447672575712,5.45382997393608,113.980604186654,1811.00183361769,33.4080234467983,528.33244523406,0.385481834411621,131.725462004542,727.262430354953,547.588092654943,270.31223076582,3437.81360344589
