10633.6337878555,1985.34176813066,0.665720045566559,4.31178957223892,0.363527998328209,998.102999642491,273.051498904824,873.636136099696,82.2578613758087,1086.9694417119,2497.08455888927,2285.64954313636,10142.8278001249,2241.19191426039,0,10.0698227882385,860.581558138132,120.205714166164,224.85263414681,169.133713513613,1477.43118335307,0,0,0,0,0,0.374105602502823,0,0,81.3880904912949,0.370098263025284,0,0,11.7574074119329,0,0,0,0,0,0,1985.34176813066,42780.5524664,789.623358041048,52.8997390046716,18.9670524001122,129.423861972988,1632.48630886525,4127.49315109849,935.324712246656,2.67135387659073,5443.47111482918,4112.66826292872,1022.36882351339,567.494698837399,3.93416520953178,54.5275893881917,119.710232317448,5593.5055578649,286.137966215611,3140.16109931469,0.217606499791145,0,0,0.504009708762169,2.25951100885868,1.68747112154961,2.4177420437336,0,1.92784254252911,0,0,0,0,2.63364616036415,0,4.6122459769249,0,0,11.5603877007961,0,0.665720045566559,789.623358041048,12310.0885617957,1350.05838744342,2639.08266969025,15.896036028862,1767.71426764876,233.559967324138,3426.96298205853,0,62.8161247223616,0.745084285736084,0,0,7428.14214467257,1663.37670104206,0.445478484034538,1888.87046188116,32.3196667134762,52.0101680904627,0,0.145860195159912,219.927610076964,63.6653803810477,225.921469286084,5.49598120898008,13.6332426294684,0,200.379244618118,0,0,0.718395806849003,0,0.165685713291168,18.6503743752837,85.9102230295539,0.237323768436909,11.2106286734343,5.79341468214989,1.12167852371931,4.31178957223892,52.8997390046716,1350.05838744342,3169.16349838674,389.602615453303,152.312158077955,2266.3213570416,5.98505839705467,636.445761829615,0,0,1.33199456334114,0,0.294582843780518,1073.34130132198,2467.55521266162,4.29385687410831,111.340377300978,44.8289965093136,57.1237781196833,0,0,6.84664884209633,40.6586835980415,126.060581862926,31.0141267478466,18.1237735748291,0,51.0044713020325,0,0,0,0,0,6.34008495509624,127.313020594418,0.492951154708862,4.83601272106171,5.33765625953674,1.31221042573452,0.363527998328209,18.9670524001122,2639.08266969025,389.602615453303,3185.65106355399,344.408076487482,228.847168877721,2.32026621699333,2120.37657177448,0,0,0,0,0.17707833647728,530.794152826071,3167.41466810554,1.34807299077511,451.751534566283,25.1035595983267,19.4310508966446,0,0.137513607740402,194.180062331259,139.055846586823,780.245426222682,124.182645991445,114.5608317554,0.287982076406479,515.827264197171,0,0,0.799679577350616,0,0.194957569241524,29.6207797601819,374.609771735966,0.230131909251213,15.7873000949621,22.3119221329689,10.7698654830456,998.102999642491,129.423861972988,15.896036028862,152.312158077955,344.408076487482,6616.9766998291,2110.60278754681,499.4463198632,1405.34665505588,0,18.9409467130899,212.428017020226,2.25390385091305,3551.29053665698,4.37999753654003,1777.24204752594,269.806785017252,110.307222291827,1285.7299399823,296.958870500326,13.7130595445633,2.22416988015175,7.38333824276924,7.90849655866623,10.6342930644751,1029.00634846091,218.295856133103,3.4148378521204,140.538084730506,0,0.463693544268608,10.3823426961899,0,90.9195491075516,1.4404526501894,295.346876114607,5.63233694434166,12.6412828862667,143.904996663332,15.4454196244478,273.051498904824,1632.48630886525,1767.71426764876,2266.3213570416,228.847168877721,2110.60278754681,19976.4301172644,265.476827912033,2397.53905534744,0,26.5321359336376,393.986825928092,1.22303193807602,974.210961714387,118.632357925177,2298.36389434338,2885.57292470336,1512.05952477455,1233.12167568505,6823.607793428,0,0,1.08714738488197,17.0222730711102,51.0510478243232,57.6380948126316,317.347137726843,0,30.0406007021666,0,0,0,0,50.3655043840408,0.576182544231415,88.3908920288086,0,1.93484182655811,42.261930257082,0.151885598897934,873.636136099696,4127.49315109849,233.559967324138,5.98505839705467,2.32026621699333,499.4463198632,265.476827912033,4301.42324319482,3184.18440660834,0,1313.51318199933,6.77599024772644,0.484840273857117,42.1913833618164,1.62583231925964,51.1478357538581,16.3637183457613,1743.44855128229,956.109855338931,73.8032497763634,0.601447343826294,0,0,0,0,2.87353578209877,0.294176548719406,0,0.296396970748901,0,0,0,0,0,0,0.790798842906952,0,0,204.199465632439,0,82.2578613758087,935.324712246656,3426.96298205853,636.445761829615,2120.37657177448,1405.34665505588,2397.53905534744,3184.18440660834,11686.4898809046,0,513.699524611235,34.6806186288595,0.178289905190468,105.398427724838,152.123827308416,1234.64281126857,72.0544500648975,5998.12322683632,3503.87722352147,445.993827991188,0.208069682121277,0.376650512218475,33.3079487606883,100.85831849277,702.940281011164,349.650026589632,159.782146930695,1.65474125742912,1709.68967819214,0,0,1.77094516158104,0,0.264789074659348,22.875697158277,295.277623683214,1.93165534734726,16.3213060870767,293.048105627298,2.95337663590908,1086.9694417119,2.67135387659073,0,0,0,0,0,0,0,690.760782331228,5.27096346020699,315.79514439404,2017.51521788538,264.556010454893,0,0,1587.04044663906,0,0,0,150.013969600201,0,0,0,0,0,0,0,0,541.688432127237,0,0,58.786847114563,3.55971649289131,0,0,5.76297557353973,0,0,0,2497.08455888927,5443.47111482918,62.8161247223616,0,0,18.9409467130899,26.5321359336376,1313.51318199933,513.699524611235,5.27096346020699,5626.36068157852,129.600581109524,1892.68132798374,71.8524390012026,0,0.754862233996391,16.2416290789843,1039.12244901061,39.4809819459915,44.099216401577,3.33309864997864,0,0,0,0,0,0,0,0,0,0,0,0,0.594999700784683,0,0,0,0,0,0,2285.64954313636,4112.66826292872,0.745084285736084,1.33199456334114,0,212.428017020226,393.986825928092,6.77599024772644,34.6806186288595,315.79514439404,129.600581109524,11558.6317629218,2551.53701616824,3020.15155957639,0.239025548100471,7.610735476017,2440.46215827763,24.0943275243044,23.0710873454809,3518.56110620499,1.23039579391479,0,0,0,0,0.853377819061279,1.90390783548355,0,0,0,0,0,0,21.5854492932558,0,0,0,0,0,0,10142.8278001249,1022.36882351339,0,0,0,2.25390385091305,1.22303193807602,0.484840273857117,0.178289905190468,2017.51521788538,1892.68132798374,2551.53701616824,8524.9406632483,334.210894286633,0,0,1666.32049295306,1.38789308071136,0,8.24198767542839,201.623505473137,0,0,0,0,0,0,0,0,245.953160881996,0,0,0,0.419577941298485,0,0,0,0,0,0,2241.19191426039,567.494698837399,0,0.294582843780518,0.17707833647728,3551.29053665698,974.210961714387,42.1913833618164,105.398427724838,264.556010454893,71.8524390012026,3020.15155957639,334.210894286633,10936.4568035752,0,15.8081928938627,6457.61526381969,12.1229983270168,98.8197304010391,430.650287032127,35.0565671026707,0,0,0,0,10.5577072203159,13.6795810461044,0,0,6.72389364242554,0,0,0,969.260172724724,0,1.09270495176315,0,0,0,0,0,3.93416520953178,7428.14214467257,1073.34130132198,530.794152826071,4.37999753654003,118.632357925177,1.62583231925964,152.123827308416,0,0,0.239025548100471,0,0,5459.92587348819,3052.64605221897,0,132.970283642411,3.3679184615612,2.71629813313484,0,0,25.4277593046427,9.17615820467472,62.4800487309694,1.60256096720695,0.267785176634789,0,52.7628932446241,0,0,0,0,0,4.46167840063572,23.473241597414,0,2.32633580267429,1.89649820327759,0,10.0698227882385,54.5275893881917,1663.37670104206,2467.55521266162,3167.41466810554,1777.24204752594,2298.36389434338,51.1478357538581,1234.64281126857,0,0.754862233996391,7.610735476017,0,15.8081928938627,3052.64605221897,10098.1778058261,29.6478103920817,291.269693307579,392.759239174426,128.859866201878,0,0,12.97057864815,38.4890482351184,279.133968621492,90.4977175593376,43.3082122579217,0.444025754928589,60.5347627550364,0,0,0.429331541061401,0,0,4.22751201689243,373.201186038554,0,6.24557866156101,22.6436631083488,2.29861576855183,860.581558138132,119.710232317448,0.445478484034538,4.29385687410831,1.34807299077511,269.806785017252,2885.57292470336,16.3637183457613,72.0544500648975,1587.04044663906,16.2416290789843,2440.46215827763,1666.32049295306,6457.61526381969,0,29.6478103920817,3959.20873209834,11.3558669090271,26.2782814055681,905.703483358026,2.33073696494102,0,0,0,0.201903983950615,2.91189396381378,0.489985972642899,0,0,141.354928612709,0,0,0,155.333243191242,0,0,0,0,0,0,120.205714166164,5593.5055578649,1888.87046188116,111.340377300978,451.751534566283,110.307222291827,1512.05952477455,1743.44855128229,5998.12322683632,0,1039.12244901061,24.0943275243044,1.38789308071136,12.1229983270168,132.970283642411,291.269693307579,11.3558669090271,1748.68057347834,346.62401497364,396.176230996847,0,0,2.20632376521826,15.2567133307457,57.0756047070026,15.1397035568953,8.40665470063686,0,63.671641394496,0,0,0,0,0,6.0592524856329,25.9296262860298,0,3.05919687449932,11.1304616630077,0.415922999382019,224.85263414681,286.137966215611,32.3196667134762,44.8289965093136,25.1035595983267,1285.7299399823,1233.12167568505,956.109855338931,3503.87722352147,0,39.4809819459915,23.0710873454809,0,98.8197304010391,3.3679184615612,392.759239174426,26.2782814055681,346.62401497364,4616.22121725976,370.755463078618,0.980067908763885,0,0,0,1.77945226430893,289.298592284322,19.8860008716583,5.86369946599007,24.2786653339863,0,0,5.11933308839798,0,2.94980788230896,0,17.8549012988806,0.442569375038147,0.519872352480888,5331.9280860424,1.39521141350269,169.133713513613,3140.16109931469,52.0101680904627,57.1237781196833,19.4310508966446,296.958870500326,6823.607793428,73.8032497763634,445.993827991188,0,44.099216401577,3518.56110620499,8.24198767542839,430.650287032127,2.71629813313484,128.859866201878,905.703483358026,396.176230996847,370.755463078618,6212.2803786248,0,0,0,0.864828959107399,5.37914150953293,7.87466081976891,18.2204130887985,0,2.04550895094872,0,0,0,0,4.6082059442997,0,2.16122943162918,0,0.182642608880997,6.73116701841354,0,1477.43118335307,0.217606499791145,0,0,0,13.7130595445633,0,0.601447343826294,0.208069682121277,150.013969600201,3.33309864997864,1.23039579391479,201.623505473137,35.0565671026707,0,0,2.33073696494102,0,0.980067908763885,0,13223.4402083755,891.771304219961,1.2047598361969,1.99244149029255,0.236651539802551,366.038273125887,188.231503896415,692.552485719323,67.315278686583,2791.13263754547,2336.43951806426,1727.18994343281,9031.55274519324,2034.24448217452,0.183113008737564,4.51170594990253,731.441124767065,163.428127422929,37.4161378145218,308.496631294489,0,0,0.145860195159912,0,0.137513607740402,2.22416988015175,0,0,0.376650512218475,0,0,0,0,0,0,0,0,0,0,0,891.771304219961,35658.0943950489,1018.63958345354,7.8025379627943,1.30495794117451,44.0013438761234,497.75829590857,6290.46652968228,635.729469880462,0,4174.2180179581,2555.91175335646,671.353988438845,232.579628385603,0,15.0521709769964,162.068591974676,3519.4223498553,754.60088969022,2413.00240396708,0,0,219.927610076964,6.84664884209633,194.180062331259,7.38333824276924,1.08714738488197,0,33.3079487606883,0,0,0,0,0,25.4277593046427,12.97057864815,0,2.20632376521826,0,0,1.2047598361969,1018.63958345354,11342.7432855144,450.074322119355,2436.63617680222,35.2769378870726,1057.67572138458,125.641786754131,4049.23053085059,0,8.88142488896847,7.80673295259476,0.817443072795868,1.11200512945652,7708.85940339416,1255.22979295254,3.85226289927959,1492.12730969489,153.402936443686,89.8459039777517,0,0.504009708762169,63.6653803810477,40.6586835980415,139.055846586823,7.90849655866623,17.0222730711102,0,100.85831849277,0,0,0,0,0,9.17615820467472,38.4890482351184,0,15.2567133307457,0,0.864828959107399,1.99244149029255,7.8025379627943,450.074322119355,1456.73704848439,319.970797762275,102.37884683907,1595.38101304322,8.19119070470333,800.227034397423,0,0.501183956861496,23.685559540987,0.541029870510101,3.48161938786507,1594.97501524538,1994.37392491847,16.0676186084747,157.928918376565,193.838567018509,155.842963546515,0,2.25951100885868,225.921469286084,126.060581862926,780.245426222682,10.6342930644751,51.0510478243232,0,702.940281011164,0,0,0,0,0,62.4800487309694,279.133968621492,0.201903983950615,57.0756047070026,1.77945226430893,5.37914150953293,0.236651539802551,1.30495794117451,2436.63617680222,319.970797762275,4208.78680831194,1258.02378664911,151.34659473598,0.481401845812798,3414.74282881618,0,0,0.8065055757761,0,0.982606291770935,1563.96644497663,1758.64578777552,0.811133220791817,224.26004588604,65.7484126910567,12.856547228992,0,1.68747112154961,5.49598120898008,31.0141267478466,124.182645991445,1029.00634846091,57.6380948126316,2.87353578209877,349.650026589632,0,0,0.853377819061279,0,10.5577072203159,1.60256096720695,90.4977175593376,2.91189396381378,15.1397035568953,289.298592284322,7.87466081976891,366.038273125887,44.0013438761234,35.2769378870726,102.37884683907,1258.02378664911,3130.20018054545,2251.11924808472,329.535784244537,966.856780171394,1.8760449886322,15.3845404833555,181.008913621306,11.9332905262709,2947.19754730165,42.3812592029572,1704.1863079071,234.02564881742,67.2197349667549,842.755049720407,111.969623193145,0.374105602502823,2.4177420437336,13.6332426294684,18.1237735748291,114.5608317554,218.295856133103,317.347137726843,0.294176548719406,159.782146930695,0,0,1.90390783548355,0,13.6795810461044,0.267785176634789,43.3082122579217,0.489985972642899,8.40665470063686,19.8860008716583,18.2204130887985,188.231503896415,497.75829590857,1057.67572138458,1595.38101304322,151.34659473598,2251.11924808472,16615.2468609363,140.404648825526,3060.72656430304,1.32808673381805,24.6794331893325,913.290558554232,19.0685388594866,1160.25133278221,240.369871586561,2447.8391046077,2601.15309143066,2139.25424543023,1477.57410430908,5112.6627567634,0,0,0,0,0.287982076406479,3.4148378521204,0,0,1.65474125742912,0,0,0,0,0,0,0.444025754928589,0,0,5.86369946599007,0,692.552485719323,6290.46652968228,125.641786754131,8.19119070470333,0.481401845812798,329.535784244537,140.404648825526,8217.51863126457,4457.28036227822,0,2257.57063408196,81.8568099066615,35.6794310808182,26.6091864854097,0,31.156978726387,12.4247080981731,1940.47960600257,1228.73445312679,171.055832453072,0,1.92784254252911,200.379244618118,51.0044713020325,515.827264197171,140.538084730506,30.0406007021666,0.296396970748901,1709.68967819214,0,0,0,0,0,52.7628932446241,60.5347627550364,0,63.671641394496,24.2786653339863,2.04550895094872,67.315278686583,635.729469880462,4049.23053085059,800.227034397423,3414.74282881618,966.856780171394,3060.72656430304,4457.28036227822,10829.9105464295,0,171.677236318588,120.665338307619,18.1654570698738,86.8282013386488,749.79146271944,1659.99287782609,79.8000426739454,6284.27445104718,5087.92509928346,685.461451455951,81.3880904912949,0,0,0,0,0,0,0,0,541.688432127237,0,0,245.953160881996,6.72389364242554,0,0,141.354928612709,0,0,0,2791.13263754547,0,0,0,0,1.8760449886322,1.32808673381805,0,0,1609.1985693574,7.36535000801086,23.3306828141212,1322.77200576663,523.600673496723,0,0,1071.20685178041,0,0,0,0.370098263025284,0,0,0,0,0.463693544268608,0,0,0,0,0,0,0,0,0,0,0,0,0,0,2336.43951806426,4174.2180179581,8.88142488896847,0.501183956861496,0,15.3845404833555,24.6794331893325,2257.57063408196,171.677236318588,7.36535000801086,4566.6371293962,99.9828882813454,2751.70434121788,23.3199776262045,0,0,19.3063722774386,156.883590251207,26.569856107235,40.97897464782,0,0,0.718395806849003,0,0.799679577350616,10.3823426961899,0,0,1.77094516158104,0,0,0,0,0,0,0.429331541061401,0,0,5.11933308839798,0,1727.18994343281,2555.91175335646,7.80673295259476,23.685559540987,0.8065055757761,181.008913621306,913.290558554232,81.8568099066615,120.665338307619,23.3306828141212,99.9828882813454,12950.1096122786,2727.01063659787,2201.12479096651,1.98872783780098,34.8938379362226,3844.04747287184,192.988214299083,84.8093713521957,2290.30512764305,0,0,0,0,0,0,0,0,0,58.786847114563,0,0,0,0,0,0,0,0,0,0,9031.55274519324,671.353988438845,0.817443072795868,0.541029870510101,0,11.9332905262709,19.0685388594866,35.6794310808182,18.1654570698738,1322.77200576663,2751.70434121788,2727.01063659787,8005.42675976455,1115.25847771764,0,1.41978035867214,842.61408482492,22.6095413118601,5.48451082408428,42.1369299441576,11.7574074119329,2.63364616036415,0.165685713291168,0,0.194957569241524,90.9195491075516,50.3655043840408,0,0.264789074659348,3.55971649289131,0.594999700784683,21.5854492932558,0.419577941298485,969.260172724724,0,0,155.333243191242,0,2.94980788230896,4.6082059442997,2034.24448217452,232.579628385603,1.11200512945652,3.48161938786507,0.982606291770935,2947.19754730165,1160.25133278221,26.6091864854097,86.8282013386488,523.600673496723,23.3199776262045,2201.12479096651,1115.25847771764,12130.3831298351,0.240724727511406,12.7768595516682,6542.06275439262,59.4789023548365,25.2790371626616,138.34732657671,0,0,18.6503743752837,6.34008495509624,29.6207797601819,1.4404526501894,0.576182544231415,0,22.875697158277,0,0,0,0,0,4.46167840063572,4.22751201689243,0,6.0592524856329,0,0,0.183113008737564,0,7708.85940339416,1594.97501524538,1563.96644497663,42.3812592029572,240.369871586561,0,749.79146271944,0,0,1.98872783780098,0,0.240724727511406,8149.39189291745,5058.0238885358,0.268970370292664,659.322736293077,87.0715567171574,13.2122299075127,0,4.6122459769249,85.9102230295539,127.313020594418,374.609771735966,295.346876114607,88.3908920288086,0.790798842906952,295.277623683214,0,0,0,0,1.09270495176315,23.473241597414,373.201186038554,0,25.9296262860298,17.8549012988806,2.16122943162918,4.51170594990253,15.0521709769964,1255.22979295254,1994.37392491847,1758.64578777552,1704.1863079071,2447.8391046077,31.156978726387,1659.99287782609,0,0,34.8938379362226,1.41978035867214,12.7768595516682,5058.0238885358,7154.95961128175,21.5390881896019,442.621162235737,564.732683219016,137.996865563095,0,0,0.237323768436909,0.492951154708862,0.230131909251213,5.63233694434166,0,0,1.93165534734726,5.76297557353973,0,0,0,0,0,0,0,0,0.442569375038147,0,731.441124767065,162.068591974676,3.85226289927959,16.0676186084747,0.811133220791817,234.02564881742,2601.15309143066,12.4247080981731,79.8000426739454,1071.20685178041,19.3063722774386,3844.04747287184,842.61408482492,6542.06275439262,0.268970370292664,21.5390881896019,9160.07419031858,60.2850189656019,28.5115252882242,432.915729932487,0,0,11.2106286734343,4.83601272106171,15.7873000949621,12.6412828862667,1.93484182655811,0,16.3213060870767,0,0,0,0,0,2.32633580267429,6.24557866156101,0,3.05919687449932,0.519872352480888,0.182642608880997,163.428127422929,3519.4223498553,1492.12730969489,157.928918376565,224.26004588604,67.2197349667549,2139.25424543023,1940.47960600257,6284.27445104718,0,156.883590251207,192.988214299083,22.6095413118601,59.4789023548365,659.322736293077,442.621162235737,60.2850189656019,1280.14034840465,1104.86162646115,714.313415817916,0,11.5603877007961,5.79341468214989,5.33765625953674,22.3119221329689,143.904996663332,42.261930257082,204.199465632439,293.048105627298,0,0,0,0,0,1.89649820327759,22.6436631083488,0,11.1304616630077,5331.9280860424,6.73116701841354,37.4161378145218,754.60088969022,153.402936443686,193.838567018509,65.7484126910567,842.755049720407,1477.57410430908,1228.73445312679,5087.92509928346,0,26.569856107235,84.8093713521957,5.48451082408428,25.2790371626616,87.0715567171574,564.732683219016,28.5115252882242,1104.86162646115,5844.95477387309,578.935494676232,0,0,1.12167852371931,1.31221042573452,10.7698654830456,15.4454196244478,0.151885598897934,0,2.95337663590908,0,0,0,0,0,0,2.29861576855183,0,0.415922999382019,1.39521141350269,0,308.496631294489,2413.00240396708,89.8459039777517,155.842963546515,12.856547228992,111.969623193145,5112.6627567634,171.055832453072,685.461451455951,0,40.97897464782,2290.30512764305,42.1369299441576,138.34732657671,13.2122299075127,137.996865563095,432.915729932487,714.313415817916,578.935494676232,6907.61622764915
