13234.9315555394,1584.14106099308,0,0.544238731265068,0,371.423844009638,19.8734283000231,363.558972477913,6.51547080278397,2010.55392459035,3713.12147131562,1060.18068003654,6681.66483576596,3178.49540561438,0,7.01362089812756,1063.91043247283,45.0230103433132,208.324156269431,13.6176273077726,1371.11155390739,0,0,0,0,0,0,0,0,619.745423346758,0,0,0.535471498966217,2.66779696941376,0,0,0,0,0,0,1584.14106099308,38851.9217871428,990.411018297076,66.4002971425653,19.6587893888354,645.351381018758,1369.32982064784,3456.58196268976,801.506714463234,3.24097435176373,5935.66623897851,2020.31213234365,845.094356462359,698.61736355722,27.1278606951237,411.918896079063,752.67770665139,3382.37790629268,34.362272799015,2373.75934660435,0,0,0,0.903015449643135,2.41832058876753,0,0,0,0.964078307151794,0,0,0,0,0,0,3.25167573988438,0,0,0,0,0,990.411018297076,12049.6161311716,634.429507359862,2007.63946775347,12.278562143445,2236.96708126366,221.928466573358,4918.74787329137,0,105.087929546833,0,0,1.4197399020195,7540.9304555878,1510.13387316465,8.84358361363411,1956.41719212383,157.442170098424,54.9228835850954,0,0,6.06115701794624,14.128352612257,255.220621414483,1.5874195098877,2.39308623969555,0,77.8769748359919,0,0,0,0,0,7.75737752020359,82.8640001192689,0,1.43262623995543,0.246430024504662,0.151785016059875,0.544238731265068,66.4002971425653,634.429507359862,3155.94089862704,266.950634479523,165.58460123837,2970.2359931916,62.7809763848782,500.690108932555,0,4.62284526228905,2.74701341986656,0,2.50829964876175,2166.67436961085,3186.3270874843,23.830142557621,269.500172771513,101.017606034875,114.078788436949,0,0,1.10078155994415,15.0284875333309,61.8241527229548,7.7437027990818,11.8358329236507,1.67583227157593,57.9566423594952,0,0,0,0,0,3.42915637791157,66.0438250154257,0,0,7.57544893026352,1.84526619315147,0,19.6587893888354,2007.63946775347,266.950634479523,3275.22838703543,1310.96763044596,208.930087760091,41.1222946047783,1581.95662520826,0,0,2.8546952009201,0,1.91505801677704,1260.37203771621,4006.0426813066,8.81577262282372,188.289098374546,50.1907653808594,5.81913840025663,1.12990094721317,2.8293941617012,5.56866417825222,63.312682390213,800.24178943038,27.7934055328369,30.1459338366985,2.87108531594276,433.277535095811,0,0,0,0,0,4.78389598429203,428.344967678189,0.679848194122314,3.57228149473667,19.3969991952181,7.09101259708405,371.423844009638,645.351381018758,12.278562143445,165.58460123837,1310.96763044596,4515.92899991572,1421.98823376745,268.563761651516,1422.66295957565,0.798313081264496,31.6360735595226,187.186213031411,2.40898236632347,2400.0346147269,5.19963419437408,1956.75995124131,573.905364081264,382.149742022157,978.695412606001,420.784296929836,1.27237750589848,0,0.562463283538818,10.9677731245756,21.6909288614988,138.74966532737,40.4422026872635,6.15982939302921,119.773762509227,0,0,0,0,1.38136184215546,0,136.401161178946,0,0,41.3434541225433,3.48891369998455,19.8734283000231,1369.32982064784,2236.96708126366,2970.2359931916,208.930087760091,1421.98823376745,22837.0894692391,121.382887065411,1353.6267850548,0.439333826303482,33.8955771252513,246.960651174188,2.06636661291122,1113.84713988006,224.934886716306,3541.9850938879,4186.73069292307,2122.64546596259,399.652299441397,4846.27110032737,0,0,0.984369099140167,5.27868542075157,23.8326063379645,9.79387366771698,228.458864077926,0,23.9901294857264,0,0,0,0,0,0.894901216030121,21.6229086965322,0,3.1762090921402,2.751060962677,1.33028256893158,363.558972477913,3456.58196268976,221.928466573358,62.7809763848782,41.1222946047783,268.563761651516,121.382887065411,3750.66870562732,2617.60501740873,0,3089.00828105211,7.04923793673515,19.1259623765945,9.31597518920898,3.22551816701889,255.527561068535,7.75309151411057,1616.73977148533,1198.40613818169,21.851025223732,1.59946596622467,0,1.00684726238251,0,0,4.73982122540474,2.11489742994308,6.38530698418617,6.65749235451221,0,0,0,0,0.446889251470566,0,8.72465172410011,0,0,67.4978178143501,0,6.51547080278397,801.506714463234,4918.74787329137,500.690108932555,1581.95662520826,1422.66295957565,1353.6267850548,2617.60501740873,9436.08421625197,0,150.31089130044,14.7895030379295,1.62897941470146,73.6064662635326,162.818976134062,1651.98580917716,152.887423038483,3638.74513469636,4297.4959821105,153.671309396625,0.286353051662445,0,11.0915151238441,28.5804230347276,376.177825644612,62.0417071580887,19.7210169136524,40.9360352754593,437.973555266857,0,0,0,0,0,3.42763686180115,114.737922646105,0.809162378311157,1.16651156544685,127.848581761122,0.914897203445435,2010.55392459035,3.24097435176373,0,0,0,0.798313081264496,0.439333826303482,0,0,1446.30153137445,4.60457736253738,32.6527767777443,927.457700282335,1929.19620615244,0,0,957.480996072292,0,0,0,136.524627268314,0,0,0,0,0,0,0,0,309.401279687881,0,0.452487677335739,3.81086701154709,1.01244616508484,0,0,0,0,0,0,3713.12147131562,5935.66623897851,105.087929546833,4.62284526228905,0,31.6360735595226,33.8955771252513,3089.00828105211,150.31089130044,4.60457736253738,6560.66094745696,92.3578438833356,2469.67991089821,62.8713527172804,0,27.0287964344025,56.7810189127922,510.4267719239,30.8565677702427,57.3068359568715,7.3646077811718,0,0,0,0,0,0,0,0,0,0,0,0,0,0,0,0,0,0,0,1060.18068003654,2020.31213234365,0,2.74701341986656,2.8546952009201,187.186213031411,246.960651174188,7.04923793673515,14.7895030379295,32.6527767777443,92.3578438833356,8230.45335776359,1361.91157652438,937.972826734185,0,17.7702224105597,1640.51055343449,44.0148786306381,1.503005027771,3313.04522560537,1.95331645011902,0,0,0,0,0,1.34174239635468,0,0,2.7087787091732,0,0,0,0,0,0,0,0,0,0,6681.66483576596,845.094356462359,0,0,0,2.40898236632347,2.06636661291122,19.1259623765945,1.62897941470146,927.457700282335,2469.67991089821,1361.91157652438,6929.60362009704,261.159928560257,0,2.10371546447277,1119.47819602489,6.11416263878345,0,9.03197507560253,150.602649867535,0,0,0,0,0,0,0,0,162.410668298602,0,0,0,0,0,0,0,0,0,0,3178.49540561438,698.61736355722,1.4197399020195,2.50829964876175,1.91505801677704,2400.0346147269,1113.84713988006,9.31597518920898,73.6064662635326,1929.19620615244,62.8713527172804,937.972826734185,261.159928560257,11291.9036987722,0,44.5338303372264,4487.92708025873,29.5482870489359,219.625058695674,207.848597228527,16.8402135968208,0,0,0,0,0,0.313910305500031,0,0,88.1224046647549,0,0,0,0.5746710896492,0,0,0,0,0,0,0,27.1278606951237,7540.9304555878,2166.67436961085,1260.37203771621,5.19963419437408,224.934886716306,3.22551816701889,162.818976134062,0,0,0,0,0,10243.9740393162,5005.62379282713,3.41626672446728,97.450640425086,0.250830590724945,3.70488069951534,0,0,4.3917361497879,19.4718136265874,155.746241390705,0,3.35509185492992,0,46.1997860819101,0,0,0,0,0.318336755037308,5.96148005872965,42.5899013653398,0,3.32610273361206,0,0,7.01362089812756,411.918896079063,1510.13387316465,3186.3270874843,4006.0426813066,1956.75995124131,3541.9850938879,255.527561068535,1651.98580917716,0,27.0287964344025,17.7702224105597,2.10371546447277,44.5338303372264,5005.62379282713,11918.9947012737,158.364322721958,803.319722354412,501.244448959827,308.587209589779,0,1.09117824584246,17.2454127371311,93.1986579373479,293.420116409659,37.8418230861425,34.2872540280223,4.8790116161108,287.992645330727,0,0.176212400197983,0.613348335027695,0,1.4171657115221,11.0614509135485,458.936531856656,0.245682671666145,5.96337109804153,16.9145297110081,4.65828377008438,1063.91043247283,752.67770665139,8.84358361363411,23.830142557621,8.81577262282372,573.905364081264,4186.73069292307,7.75309151411057,152.887423038483,957.480996072292,56.7810189127922,1640.51055343449,1119.47819602489,4487.92708025873,3.41626672446728,158.364322721958,4910.25972391665,112.76023298502,48.7493212074041,1299.97501248121,64.9515242278576,0,0,0,0,0,4.05127269029617,0,0.702977478504181,95.7394123375416,0,0,0,0,0,0.343810975551605,0,0,0,0,45.0230103433132,3382.37790629268,1956.41719212383,269.500172771513,188.289098374546,382.149742022157,2122.64546596259,1616.73977148533,3638.74513469636,0,510.4267719239,44.0148786306381,6.11416263878345,29.5482870489359,97.450640425086,803.319722354412,112.76023298502,2552.02989506721,150.270977050066,374.338844642043,0,0,0.936775475740433,12.5069795995951,39.946296453476,0,2.16704420745373,2.42865514755249,28.7708272486925,0,0,0,0,0,0,44.2477286309004,0,1.60549128055573,5.13507632911205,0.121835321187973,208.324156269431,34.362272799015,157.442170098424,101.017606034875,50.1907653808594,978.695412606001,399.652299441397,1198.40613818169,4297.4959821105,0,30.8565677702427,1.503005027771,0,219.625058695674,0.250830590724945,501.244448959827,48.7493212074041,150.270977050066,2126.11694988608,46.4003358930349,0,0,23.9398230612278,16.2923207432032,0,321.700815349817,8.10477140545845,55.6559190750122,347.095933899283,0,0,0,0.368892312049866,0,1.68983042240143,34.7516275420785,0,2.09763115644455,3642.27948448062,2.8662348985672,13.6176273077726,2373.75934660435,54.9228835850954,114.078788436949,5.81913840025663,420.784296929836,4846.27110032737,21.851025223732,153.671309396625,0,57.3068359568715,3313.04522560537,9.03197507560253,207.848597228527,3.70488069951534,308.587209589779,1299.97501248121,374.338844642043,46.4003358930349,6286.23961880803,0,0,0,0,0,0,0.772965416312218,0,0.206240385770798,0,0,0,0,0,0,0.892850399017334,0,0,0,0,1371.11155390739,0,0,0,1.12990094721317,1.27237750589848,0,1.59946596622467,0.286353051662445,136.524627268314,7.3646077811718,1.95331645011902,150.602649867535,16.8402135968208,0,0,64.9515242278576,0,0,0,15315.4244980216,494.047365270555,0.170225873589516,5.43617451190948,0,644.372625023127,161.358560465276,976.53556714952,16.7712117731571,3720.37274982035,3792.49684746563,1339.6257032156,7395.66716252267,2836.1955307126,0,22.447317071259,522.710274502635,66.0724649876356,26.3903173953295,68.6610917001963,0,0,0,0,2.8293941617012,0,0,0,0,0,0,0,0,0,0,1.09117824584246,0,0,0,0,494.047365270555,25880.7343376502,455.350244350731,60.6566209420562,0.256578043103218,136.816033579409,680.581857860088,4581.93143328279,775.560947477818,1.56786979734898,4490.746379897,1157.83681046963,369.610714562237,138.321612514555,3.35600307583809,107.301177367568,215.476506091654,3043.42882292718,291.578756563365,2836.02803447843,0,0,6.06115701794624,1.10078155994415,5.56866417825222,0.562463283538818,0.984369099140167,1.00684726238251,11.0915151238441,0,0,0,0,0,4.3917361497879,17.2454127371311,0,0.936775475740433,23.9398230612278,0,0.170225873589516,455.350244350731,10539.1948821694,542.265442699194,1930.01245243102,5.05131212621927,3000.72441653907,258.798630252481,5315.95131598413,0,13.6312080100179,4.03978335857391,0.305024743080139,3.59967905282974,6506.99197464436,1553.58704902977,10.5046026557684,1606.68531257659,149.211184278131,114.42628891021,0,0.903015449643135,14.128352612257,15.0284875333309,63.312682390213,10.9677731245756,5.27868542075157,0,28.5804230347276,0,0,0,0,0,19.4718136265874,93.1986579373479,0,12.5069795995951,16.2923207432032,0,5.43617451190948,60.6566209420562,542.265442699194,3036.78920271993,113.483955025673,87.0844702646136,2585.70216286182,152.701731070876,1017.69136370718,0,5.11300003528595,21.6043670475483,1.68021985888481,11.4955865442753,933.155344113708,2106.0090386644,36.5897465571761,290.885014511645,716.348618589342,280.994518131018,0,2.41832058876753,255.220621414483,61.8241527229548,800.24178943038,21.6909288614988,23.8326063379645,0,376.177825644612,0,0,0,0,0,155.746241390705,293.420116409659,0,39.946296453476,0,0,0,0.256578043103218,1930.01245243102,113.483955025673,4351.5162358433,852.37718577683,51.857710018754,0.798996612429619,2784.36327758431,0,0,0.479979306459427,0,1.5468322634697,711.189073964953,4468.78156521916,1.30154611170292,68.7347435504198,15.6413956582546,2.99192732572556,0,0,1.5874195098877,7.7437027990818,27.7934055328369,138.74966532737,9.79387366771698,4.73982122540474,62.0417071580887,0,0,0,0,0,0,37.8418230861425,0,0,321.700815349817,0,644.372625023127,136.816033579409,5.05131212621927,87.0844702646136,852.37718577683,4799.31011993438,1231.15410745144,785.015647694468,2205.18989911675,4.97024102509022,25.6463437303901,108.962814167142,35.427258990705,3768.15791199356,4.28517504036427,1943.30805233121,168.626374199986,121.762720771134,1555.66629306972,212.66263563931,0,0,2.39308623969555,11.8358329236507,30.1459338366985,40.4422026872635,228.458864077926,2.11489742994308,19.7210169136524,0,0,1.34174239635468,0,0.313910305500031,3.35509185492992,34.2872540280223,4.05127269029617,2.16704420745373,8.10477140545845,0.772965416312218,161.358560465276,680.581857860088,3000.72441653907,2585.70216286182,51.857710018754,1231.15410745144,17322.6731843427,234.372594818473,1251.00330616534,8.99303077161312,78.570475153625,570.842257335782,42.9197505712509,2362.41167133301,247.451302170753,2200.41715855896,3975.58424006402,1175.75682219118,1157.69494410604,3936.41797627509,0,0,0,1.67583227157593,2.87108531594276,6.15982939302921,0,6.38530698418617,40.9360352754593,0,0,0,0,0,0,4.8790116161108,0,2.42865514755249,55.6559190750122,0,976.53556714952,4581.93143328279,258.798630252481,152.701731070876,0.798996612429619,785.015647694468,234.372594818473,6287.19739186764,2360.7684815824,1.63751876354218,3815.11007601023,39.7882587313652,92.598667666316,478.155490711331,12.4004820436239,161.95071939379,17.2011652290821,1190.40190318227,1352.14739872515,180.36513364315,0,0.964078307151794,77.8769748359919,57.9566423594952,433.277535095811,119.773762509227,23.9901294857264,6.65749235451221,437.973555266857,0,0,0,0,0,46.1997860819101,287.992645330727,0.702977478504181,28.7708272486925,347.095933899283,0.206240385770798,16.7712117731571,775.560947477818,5315.95131598413,1017.69136370718,2784.36327758431,2205.18989911675,1251.00330616534,2360.7684815824,7626.55180945992,0.326547503471375,141.197626791894,16.891533754766,3.67053636908531,210.97597579658,407.235257513821,2566.6802084744,43.5677033513784,4272.05234417319,3633.68164089322,184.88593095541,619.745423346758,0,0,0,0,0,0,0,0,309.401279687881,0,2.7087787091732,162.410668298602,88.1224046647549,0,0,95.7394123375416,0,0,0,3720.37274982035,1.56786979734898,0,0,0,4.97024102509022,8.99303077161312,1.63751876354218,0.326547503471375,2313.40160529315,23.5903524756432,66.8288735300303,932.203172639012,2134.2916046381,0,0.584867984056473,742.304780930281,0,0,1.00895261764526,0,0,0,0,0,0,0,0,0,0,0,0,0,0,0,0.176212400197983,0,0,0,0,3792.49684746563,4490.746379897,13.6312080100179,5.11300003528595,0,25.6463437303901,78.570475153625,3815.11007601023,141.197626791894,23.5903524756432,5730.62075699866,97.9646589756012,3134.88508397341,101.670767307281,0,19.4531574770808,34.1626854762435,148.829490795732,44.8350860029459,66.1358437985182,0,0,0,0,0,0,0,0,0,0.452487677335739,0,0,0,0,0,0.613348335027695,0,0,0,0,1339.6257032156,1157.83681046963,4.03978335857391,21.6043670475483,0.479979306459427,108.962814167142,570.842257335782,39.7882587313652,16.891533754766,66.8288735300303,97.9646589756012,8027.86424057931,1329.16186490655,938.854036420584,0.480056136846542,68.7391641363502,3055.73984282464,109.530227899551,23.5533059686422,2365.77792870253,0.535471498966217,0,0,0,0,0,0,0,0,3.81086701154709,0,0,0,0,0,0,0,0,0.368892312049866,0,7395.66716252267,369.610714562237,0.305024743080139,1.68021985888481,0,35.427258990705,42.9197505712509,92.598667666316,3.67053636908531,932.203172639012,3134.88508397341,1329.16186490655,4808.72312767804,931.889438182116,0,12.7675564885139,315.85083706677,12.0643651485443,3.62764029204845,27.8372404873371,2.66779696941376,0,0,0,0,1.38136184215546,0,0.446889251470566,0,1.01244616508484,0,0,0,0.5746710896492,0.318336755037308,1.4171657115221,0,0,0,0,2836.1955307126,138.321612514555,3.59967905282974,11.4955865442753,1.5468322634697,3768.15791199356,2362.41167133301,478.155490711331,210.97597579658,2134.2916046381,101.670767307281,938.854036420584,931.889438182116,9380.4416424334,2.5000571757555,231.944567158818,3692.11545437574,43.2637195438147,186.529440194368,197.453082852066,0,0,7.75737752020359,3.42915637791157,4.78389598429203,0,0.894901216030121,0,3.42763686180115,0,0,0,0,0,5.96148005872965,11.0614509135485,0,0,1.68983042240143,0,0,3.35600307583809,6506.99197464436,933.155344113708,711.189073964953,4.28517504036427,247.451302170753,12.4004820436239,407.235257513821,0,0,0.480056136846542,0,2.5000571757555,9558.23633213341,4983.07821589708,1.42845964431763,303.408911824226,52.0532045811415,18.8621715456247,0,3.25167573988438,82.8640001192689,66.0438250154257,428.344967678189,136.401161178946,21.6229086965322,8.72465172410011,114.737922646105,0,0,0,0,0,42.5899013653398,458.936531856656,0.343810975551605,44.2477286309004,34.7516275420785,0.892850399017334,22.447317071259,107.301177367568,1553.58704902977,2106.0090386644,4468.78156521916,1943.30805233121,2200.41715855896,161.95071939379,2566.6802084744,0.584867984056473,19.4531574770808,68.7391641363502,12.7675564885139,231.944567158818,4983.07821589708,13266.0567121133,69.9205941483378,445.888774931431,857.097768254578,262.291674569249,0,0,0,0,0.679848194122314,0,0,0,0.809162378311157,0,0,0,0,0,0,0.245682671666145,0,0,0,0,522.710274502635,215.476506091654,10.5046026557684,36.5897465571761,1.30154611170292,168.626374199986,3975.58424006402,17.2011652290821,43.5677033513784,742.304780930281,34.1626854762435,3055.73984282464,315.85083706677,3692.11545437574,1.42845964431763,69.9205941483378,5157.43713130057,84.3915519937873,69.3944135978818,638.283055506647,0,0,1.43262623995543,0,3.57228149473667,0,3.1762090921402,0,1.16651156544685,0,0,0,0,0,3.32610273361206,5.96337109804153,0,1.60549128055573,2.09763115644455,0,66.0724649876356,3043.42882292718,1606.68531257659,290.885014511645,68.7347435504198,121.762720771134,1175.75682219118,1190.40190318227,4272.05234417319,0,148.829490795732,109.530227899551,12.0643651485443,43.2637195438147,303.408911824226,445.888774931431,84.3915519937873,1959.45709808171,752.732175096869,588.985012724996,0,0,0.246430024504662,7.57544893026352,19.3969991952181,41.3434541225433,2.751060962677,67.4978178143501,127.848581761122,0,0,0,0,0,0,16.9145297110081,0,5.13507632911205,3642.27948448062,0,26.3903173953295,291.578756563365,149.211184278131,716.348618589342,15.6413956582546,1555.66629306972,1157.69494410604,1352.14739872515,3633.68164089322,0,44.8350860029459,23.5533059686422,3.62764029204845,186.529440194368,52.0532045811415,857.097768254578,69.3944135978818,752.732175096869,1934.88356539607,484.070830345154,0,0,0.151785016059875,1.84526619315147,7.09101259708405,3.48891369998455,1.33028256893158,0,0.914897203445435,0,0,0,0,0,0,4.65828377008438,0,0.121835321187973,2.8662348985672,0,68.6610917001963,2836.02803447843,114.42628891021,280.994518131018,2.99192732572556,212.66263563931,3936.41797627509,180.36513364315,184.88593095541,1.00895261764526,66.1358437985182,2365.77792870253,27.8372404873371,197.453082852066,18.8621715456247,262.291674569249,638.283055506647,588.985012724996,484.070830345154,5588.71371555328
