9531.99199146032,277.943716242909,2.63282459974289,5.98732228577137,0.572396814823151,369.469718486071,160.091058209538,639.770587712526,28.9796101003885,2899.26454199851,3173.3978433758,1077.0817797929,7093.79283182323,2200.70036356151,1.84786412119865,9.78216758370399,622.837692387402,93.8757251054049,6.82177224755287,75.278361082077,1137.08213321865,0,0,0,0,2.77194361388683,0,0,0,113.927593663335,0,0,0,0,0,0.548330426216125,0,0,0,0,277.943716242909,40482.9012865573,786.310796841979,102.193530067801,6.95941342413425,225.954588130116,1814.57112312317,1819.65413850546,950.030586250126,7.46186104416847,3414.2144241184,2707.26522547007,1520.15925979614,378.055471614003,41.4955217391253,125.362080290914,636.888061672449,3504.36578264832,165.701050326228,3466.70008341223,0,0,2.5353469401598,1.23844653367996,2.67715579271317,8.91875307261944,8.58241665363312,0,1.7580893933773,0.207880154252052,0,0,0,0,0.738859117031097,28.2727289199829,0,0.639860466122627,3.05268628895283,0,2.63282459974289,786.310796841979,18665.5535128266,874.557251982391,2457.34523452073,7.97329615056515,1386.82844644785,38.0244625806808,4752.03601121902,0,12.5613553673029,7.94988745450974,0.661087095737457,6.22943887114525,11402.7674117312,2165.14111002535,25.572290956974,2085.54068355262,37.0897676348686,37.2692744657397,0,1.28556632250547,142.134937554598,20.9000709056854,460.516083426774,5.60819140076637,23.6850857660174,0,141.088196404278,0,0,0.20407822728157,0,0,58.319392234087,222.202653333545,0,26.4059579521418,1.53578948974609,0.238655596971512,5.98732228577137,102.193530067801,874.557251982391,4445.87983675301,140.755822494626,111.354713581502,3718.26407489926,61.72913017869,1004.2071274966,0,4.54667542874813,16.7753685116768,4.4721318334341,25.4222836941481,1757.16264216602,2854.31777772307,37.0220810547471,391.865879707038,212.704660952091,152.575253941119,0,5.62027056515217,15.1781275495887,30.7590620368719,85.9231494069099,57.7172442525625,97.4320754557848,4.56831160187721,54.3825637772679,0,0,0.932720817625523,0,1.36682403832674,13.565943390131,410.270975112915,0.827983424067497,7.16432303190231,25.101425126195,10.1154409796,0.572396814823151,6.95941342413425,2457.34523452073,140.755822494626,2093.46433998644,1267.60407331586,70.2295202240348,3.81478548049927,1007.7474437803,0,0,1.52455624938011,0,0.480117231607437,1134.50715530664,3247.3231555447,4.14525645971298,246.804390281439,7.03412991762161,7.46133445203304,2.22040200233459,3.69000899046659,38.3196507170796,37.226282119751,437.333149030805,21.6278699487448,38.3202090486884,0.840954780578613,222.550547905266,0,0,0.932913556694984,0,1.2231909185648,16.0174884647131,222.190426073968,0.343056380748749,19.8191103488207,2.2310848236084,4.91227254271507,369.469718486071,225.954588130116,7.97329615056515,111.354713581502,1267.60407331586,3033.9674102664,2731.50634914637,656.508478015661,609.049030452967,1.78014245629311,44.5644538551569,106.325109869242,20.4836539328098,1873.71160590649,14.9742402434349,1954.7077479735,414.129296399653,73.4757654294372,714.341426864266,173.824112124741,0,4.28109630942345,4.13459429144859,5.81486594676971,22.524031534791,95.7973116636276,82.5905771106482,2.77910628914833,69.1641460433602,0,0.198799625039101,1.62759084999561,0,0.781449511647224,1.020991563797,180.031682133675,4.36998769640923,6.23316624760628,24.2625662535429,10.0078450664878,160.091058209538,1814.57112312317,1386.82844644785,3718.26407489926,70.2295202240348,2731.50634914637,31347.9535726532,183.449654877186,1852.83654142916,4.5629540681839,80.5649285316467,538.447514124215,48.1234628856182,1916.36126141995,456.65838240087,2443.71313358098,2693.82567594945,1162.4472366944,1380.67617469281,5034.25171398371,0.737981140613556,6.72443147003651,29.1591739580035,17.6624908074737,48.335668310523,247.615699402988,166.097050473094,12.0811230093241,65.7897910252213,0,0.473635941743851,3.78588169068098,0,2.89873190224171,8.49961077421904,458.357874378562,2.81318474560976,8.82571931928396,45.718643784523,10.9876138567924,639.770587712526,1819.65413850546,38.0244625806808,61.72913017869,3.81478548049927,656.508478015661,183.449654877186,3333.26099573076,2201.97863256931,0,2033.50376456976,9.45606504380703,3.15177077054977,114.42202013731,8.16578978300095,90.1824285835028,6.60038504749537,1423.00660356879,909.848559200764,67.5994238555431,1.18473505973816,0.445380002260208,0,0.166565626859665,0,167.486047849059,2.7489113509655,7.27207961678505,5.7613987326622,0,0,0,0,0,0,20.3297885879874,0,0,248.660627186298,0,28.9796101003885,950.030586250126,4752.03601121902,1004.2071274966,1007.7474437803,609.049030452967,1852.83654142916,2201.97863256931,9921.40981560946,0,134.572410643101,34.3619742542505,13.1908446848392,34.4898496642709,413.75306583941,1165.40104712546,71.7349672466516,6808.75169214606,3514.80442756414,200.252585224807,1.29024350643158,34.3231302797794,26.54411111027,28.8243673741817,416.972445011139,207.422745883465,302.816303402185,14.6452086120844,685.337078042328,0,1.45509552955627,21.0130198448896,4.65396577119827,9.47879683971405,15.2700475156307,363.819457568228,28.7931587398052,9.58575624972582,149.526422649622,35.5089271217585,2899.26454199851,7.46186104416847,0,0,0,1.78014245629311,4.5629540681839,0,0,1880.07618033886,39.2560168206692,381.484923496842,2455.28573955595,392.704763397574,0,0,1609.28074894845,0,0.579550623893738,0,346.342578202486,0,0,0,0,0,0,0,0,266.008615225554,0,0,19.8979890048504,1.98379135131836,0,0,6.51014363765717,0,0,0,3173.3978433758,3414.2144241184,12.5613553673029,4.54667542874813,0,44.5644538551569,80.5649285316467,2033.50376456976,134.572410643101,39.2560168206692,4816.57174634933,333.025832861662,1746.22338644415,162.387433148921,2.23555633425713,4.93448734283447,103.180680692196,444.545419365168,24.0595936924219,56.4336953610182,10.1450231224298,0,0,0,0,1.25711306929588,0,0,0,0.186812177300453,0,0,0,0,0,0.354667901992798,0,0,0,0,1077.0817797929,2707.26522547007,7.94988745450974,16.7753685116768,1.52455624938011,106.325109869242,538.447514124215,9.45606504380703,34.3619742542505,381.484923496842,333.025832861662,13030.4871329218,2815.35319840163,1669.68593722582,2.13664601743221,12.0988673344254,4088.5894985497,76.6116459369659,7.75953791290522,4632.48932103813,0.769098162651062,0,0.773935057222843,0,0.153760030865669,0.185246184468269,0.568004161119461,0,0.329221248626709,0.575288057327271,0,0,0,0,0,3.38265010714531,0,0,0,0,7093.79283182323,1520.15925979614,0.661087095737457,4.4721318334341,0,20.4836539328098,48.1234628856182,3.15177077054977,13.1908446848392,2455.28573955595,1746.22338644415,2815.35319840163,10940.0237353742,603.41815764457,0.36039063334465,1.62176452577114,922.962431266904,23.8810012340546,0.194285184144974,65.6140990927815,54.4254245758057,0,0,0,0,0.547199726104736,0,0,0,47.6004668325186,0,0,0,0,0,0.922446720302105,0,0,0,0.479026556015015,2200.70036356151,378.055471614003,6.22943887114525,25.4222836941481,0.480117231607437,1873.71160590649,1916.36126141995,114.42202013731,34.4898496642709,392.704763397574,162.387433148921,1669.68593722582,603.41815764457,9964.49494173378,3.41557504236698,40.0781444087625,5347.68134526163,74.0956797599792,79.9679521769285,237.157091714442,41.6675643920898,0,0,0,0.21392847597599,4.84996234625578,0.239980712532997,0,1.13970404863358,10.516163110733,0,0,0,4.60174894332886,1.26715818047523,4.28295105695724,0,0.170508593320847,1.78840923309326,0,1.84786412119865,41.4955217391253,11402.7674117312,1757.16264216602,1134.50715530664,14.9742402434349,456.65838240087,8.16578978300095,413.75306583941,0,2.23555633425713,2.13664601743221,0.36039063334465,3.41557504236698,12297.4488602877,6035.62745127827,18.2400031685829,337.492188602686,23.482923656702,43.783591479063,0,0,25.9762538895011,2.03341946005821,88.8467169553041,2.31510208547115,6.44727294147015,0,10.672633767128,0,0,0,0,0,16.7151143401861,87.6113943830132,0,3.70623399317265,0.156774088740349,0,9.78216758370399,125.362080290914,2165.14111002535,2854.31777772307,3247.3231555447,1954.7077479735,2443.71313358098,90.1824285835028,1165.40104712546,0,4.93448734283447,12.0988673344254,1.62176452577114,40.0781444087625,6035.62745127827,13003.4445773214,41.2867288738489,520.137349717319,396.485164299607,119.493203774095,0.20802865922451,4.38738562911749,69.5229784324765,33.3414134681225,469.034216076136,181.485221430659,149.713315211236,2.77820967137814,123.852098874748,0,0.774703681468964,3.0083132982254,0.281381785869598,5.95056967437267,53.6636037454009,1093.77735700458,1.08928871154785,26.5607380792499,20.5053747296333,12.332299515605,622.837692387402,636.888061672449,25.572290956974,37.0220810547471,4.14525645971298,414.129296399653,2693.82567594945,6.60038504749537,71.7349672466516,1609.28074894845,103.180680692196,4088.5894985497,922.962431266904,5347.68134526163,18.2400031685829,41.2867288738489,11989.2087871209,78.5705635249615,31.8278830349445,1047.10491862893,2.85292774438858,0,0.286690771579742,0,1.19943585991859,5.0811383575201,8.00192933529615,0,1.42563951015472,4.89494661986828,0,0,0,1.51650142669678,0,14.5091258510947,0,0.168454587459564,0,0,93.8757251054049,3504.36578264832,2085.54068355262,391.865879707038,246.804390281439,73.4757654294372,1162.4472366944,1423.00660356879,6808.75169214606,0,444.545419365168,76.6116459369659,23.8810012340546,74.0956797599792,337.492188602686,520.137349717319,78.5705635249615,5500.65672232211,258.302831456065,230.06037825346,0,1.32272170484066,22.9927298650146,16.7014573663473,173.384144619107,12.6740921139717,24.3529496192932,0,25.1008255034685,0,0,0,0,0,9.09539643675089,107.506413653493,0.374750465154648,6.18560333549976,7.52278836071491,2.43725404143333,6.82177224755287,165.701050326228,37.0897676348686,212.704660952091,7.03412991762161,714.341426864266,1380.67617469281,909.848559200764,3514.80442756414,0.579550623893738,24.0595936924219,7.75953791290522,0.194285184144974,79.9679521769285,23.482923656702,396.485164299607,31.8278830349445,258.302831456065,1017.80803290009,151.500014558434,8.99496454000473,32.1564681231976,28.7416241765022,6.60488426685333,2.8986651301384,683.018718987703,351.096062161028,72.4584032893181,275.013320893049,0,3.71833702921867,15.1815119832754,2.63506174087524,16.6614095568657,2.02552771568298,122.895455576479,38.0610655844212,10.1201242655516,3458.0989009887,44.7028288096189,75.278361082077,3466.70008341223,37.2692744657397,152.575253941119,7.46133445203304,173.824112124741,5034.25171398371,67.5994238555431,200.252585224807,0,56.4336953610182,4632.48932103813,65.6140990927815,237.157091714442,43.783591479063,119.493203774095,1047.10491862893,230.06037825346,151.500014558434,8384.04732942581,0,0.282769963145256,0.368362680077553,1.74007246643305,4.47446846961975,43.4612550884485,33.3633695989847,0,8.01371935755014,0,0,0,0,0.205550476908684,0,72.6762437000871,0,0,6.54233700037003,2.95625419914722,1137.08213321865,0,0,0,2.22040200233459,0,0.737981140613556,1.18473505973816,1.29024350643158,346.342578202486,10.1450231224298,0.769098162651062,54.4254245758057,41.6675643920898,0,0.20802865922451,2.85292774438858,0,8.99496454000473,0,14771.5380883515,200.734823189676,0.305751115083694,1.37124979496002,0,427.768557116389,52.3725060150027,936.600851908326,12.216463804245,3913.38048768044,2141.00362402201,1151.78772342205,7977.64856508374,3196.5390618071,0,8.41113981604576,647.453385069966,10.3492501378059,39.9914568662643,23.7823718488216,0,0,1.28556632250547,5.62027056515217,3.69000899046659,4.28109630942345,6.72443147003651,0.445380002260208,34.3231302797794,0,0,0,0,0,0,4.38738562911749,0,1.32272170484066,32.1564681231976,0.282769963145256,200.734823189676,23880.0284606069,811.506722614169,41.4018027856946,7.26247769594193,218.178538680077,925.002430744469,4252.07643818855,1765.47162373364,0.247221074998379,3414.39522200823,1601.24923048913,581.217199452221,366.280030369759,11.4982218071818,159.320726148784,479.719610981643,3031.0927304402,298.994070068002,2071.21020592004,0,2.5353469401598,142.134937554598,15.1781275495887,38.3196507170796,4.13459429144859,29.1591739580035,0,26.54411111027,0,0,0.773935057222843,0,0,25.9762538895011,69.5229784324765,0.286690771579742,22.9927298650146,28.7416241765022,0.368362680077553,0.305751115083694,811.506722614169,14036.3565833718,819.596817702055,2145.15952248871,11.098729416728,2148.41506966203,110.711553707719,4135.39585366845,0,29.6106643974781,18.3343148380518,0.17778068780899,8.62171819806099,9686.23437567055,1857.90471416712,12.463685169816,1446.01886732876,232.370193995535,86.9291497170925,0,1.23844653367996,20.9000709056854,30.7590620368719,37.226282119751,5.81486594676971,17.6624908074737,0.166565626859665,28.8243673741817,0,0,0,0,0,2.03341946005821,33.3414134681225,0,16.7014573663473,6.60488426685333,1.74007246643305,1.37124979496002,41.4018027856946,819.596817702055,3704.12526981533,126.881912946701,19.8233124315739,3091.74891071022,13.2448823750019,581.058613404632,0,2.31943087279797,21.3213358074427,2.30283930897713,14.0818932205439,1505.2472538352,2195.597089082,15.7668208181858,125.948549069464,67.573980435729,201.694291844964,0,2.67715579271317,460.516083426774,85.9231494069099,437.333149030805,22.524031534791,48.335668310523,0,416.972445011139,0,0,0.153760030865669,0,0.21392847597599,88.8467169553041,469.034216076136,1.19943585991859,173.384144619107,2.8986651301384,4.47446846961975,0,7.26247769594193,2145.15952248871,126.881912946701,4643.59945344925,998.675338208675,223.058009162545,6.57776510715485,3075.941299133,0,0,0.769323572516441,1.06385709345341,3.35115188360214,619.65606738627,2762.07949905097,2.2210226804018,371.418459974229,40.5187702998519,17.5679820626974,2.77194361388683,8.91875307261944,5.60819140076637,57.7172442525625,21.6278699487448,95.7973116636276,247.615699402988,167.486047849059,207.422745883465,0,1.25711306929588,0.185246184468269,0.547199726104736,4.84996234625578,2.31510208547115,181.485221430659,5.0811383575201,12.6740921139717,683.018718987703,43.4612550884485,427.768557116389,218.178538680077,11.098729416728,19.8233124315739,998.675338208675,4117.64499649405,2079.45123449713,1055.65335224569,384.382196716964,2.93362045288086,30.7088619098067,254.665640302002,37.7321685105562,2724.80420430005,4.68084828555584,1063.63259346038,267.147350206971,63.9663103073835,710.254361435771,241.142354808748,0,8.58241665363312,23.6850857660174,97.4320754557848,38.3202090486884,82.5905771106482,166.097050473094,2.7489113509655,302.816303402185,0,0,0.568004161119461,0,0.239980712532997,6.44727294147015,149.713315211236,8.00192933529615,24.3529496192932,351.096062161028,33.3633695989847,52.3725060150027,925.002430744469,2148.41506966203,3091.74891071022,223.058009162545,2079.45123449713,24713.911578089,203.804286308587,1996.80880752951,1.31198719143867,53.3315472528338,753.664192385972,89.9561375826597,2679.44824069738,438.147983603179,2782.1756554991,3253.75564464182,1166.90248378366,1413.61947417259,4403.54725322872,0,0,0,4.56831160187721,0.840954780578613,2.77910628914833,12.0811230093241,7.27207961678505,14.6452086120844,0,0,0,0,0,0,2.77820967137814,0,0,72.4584032893181,0,936.600851908326,4252.07643818855,110.711553707719,13.2448823750019,6.57776510715485,1055.65335224569,203.804286308587,4363.79734493792,1900.95174480975,0.252964556217194,2389.81611128151,144.873387813568,122.104228787124,222.889034628868,0.656274139881134,121.931170247495,29.9003560319543,717.894964635372,1112.84124407172,83.3779629990458,0,1.7580893933773,141.088196404278,54.3825637772679,222.550547905266,69.1641460433602,65.7897910252213,5.7613987326622,685.337078042328,0,0,0.329221248626709,0,1.13970404863358,10.672633767128,123.852098874748,1.42563951015472,25.1008255034685,275.013320893049,8.01371935755014,12.216463804245,1765.47162373364,4135.39585366845,581.058613404632,3075.941299133,384.382196716964,1996.80880752951,1900.95174480975,10629.1072095707,0,192.849614933133,84.4722603708506,34.2877007722855,30.1822330504656,666.946402095258,1353.00808762759,56.0194462612271,5665.10382375866,3394.86061677337,261.388731591403,113.927593663335,0.207880154252052,0,0,0,0,0,0,0,266.008615225554,0.186812177300453,0.575288057327271,47.6004668325186,10.516163110733,0,0,4.89494661986828,0,0,0,3913.38048768044,0.247221074998379,0,0,0,2.93362045288086,1.31198719143867,0.252964556217194,0,2963.0561196804,70.7729595303535,42.6321881711483,1732.15102945268,878.42468047142,0,0,1546.64281350374,0,0,0,0,0,0,0,0,0.198799625039101,0.473635941743851,0,1.45509552955627,0,0,0,0,0,0,0.774703681468964,0,0,3.71833702921867,0,2141.00362402201,3414.39522200823,29.6106643974781,2.31943087279797,0,30.7088619098067,53.3315472528338,2389.81611128151,192.849614933133,70.7729595303535,4959.66958971322,228.614533036947,2719.49311627448,464.657397940755,0,7.79776348173618,57.0722262784839,181.068217158318,15.0801586508751,28.7061037570238,0,0,0.20407822728157,0.932720817625523,0.932913556694984,1.62759084999561,3.78588169068098,0,21.0130198448896,0,0,0,0,0,0,3.0083132982254,0,0,15.1815119832754,0,1151.78772342205,1601.24923048913,18.3343148380518,21.3213358074427,0.769323572516441,254.665640302002,753.664192385972,144.873387813568,84.4722603708506,42.6321881711483,228.614533036947,10617.7578271925,1242.53180727363,2287.54363593459,3.72264903783798,56.9033375009894,3863.91203006357,91.2728205472231,53.2581029012799,2064.1399025619,0,0,0,0,0,0,0,0,4.65396577119827,19.8979890048504,0,0,0,0,0,0.281381785869598,0,0,2.63506174087524,0,7977.64856508374,581.217199452221,0.17778068780899,2.30283930897713,1.06385709345341,37.7321685105562,89.9561375826597,122.104228787124,34.2877007722855,1732.15102945268,2719.49311627448,1242.53180727363,9316.99817459285,1603.81423183531,1.46385297179222,9.86226522177458,1012.33049302548,33.8803558945656,6.67712108790874,56.7207564264536,0,0,0,1.36682403832674,1.2231909185648,0.781449511647224,2.89873190224171,0,9.47879683971405,1.98379135131836,0,0,0,4.60174894332886,0,5.95056967437267,1.51650142669678,0,16.6614095568657,0.205550476908684,3196.5390618071,366.280030369759,8.62171819806099,14.0818932205439,3.35115188360214,2724.80420430005,2679.44824069738,222.889034628868,30.1822330504656,878.42468047142,464.657397940755,2287.54363593459,1603.81423183531,13853.7578524873,0.891794264316559,43.9664685949683,7690.53636714816,70.5126039087772,42.0021407008171,276.33464538306,0,0.738859117031097,58.319392234087,13.565943390131,16.0174884647131,1.020991563797,8.49961077421904,0,15.2700475156307,0,0,0,0,1.26715818047523,16.7151143401861,53.6636037454009,0,9.09539643675089,2.02552771568298,0,0,11.4982218071818,9686.23437567055,1505.2472538352,619.65606738627,4.68084828555584,438.147983603179,0.656274139881134,666.946402095258,0,0,3.72264903783798,1.46385297179222,0.891794264316559,12589.7994651645,7106.19836337119,4.42265608906746,479.347079396248,5.78225016593933,25.7491780817509,0.548330426216125,28.2727289199829,222.202653333545,410.270975112915,222.190426073968,180.031682133675,458.357874378562,20.3297885879874,363.819457568228,0,0.354667901992798,3.38265010714531,0.922446720302105,4.28295105695724,87.6113943830132,1093.77735700458,14.5091258510947,107.506413653493,122.895455576479,72.6762437000871,8.41113981604576,159.320726148784,1857.90471416712,2195.597089082,2762.07949905097,1063.63259346038,2782.1756554991,121.931170247495,1353.00808762759,0,7.79776348173618,56.9033375009894,9.86226522177458,43.9664685949683,7106.19836337119,15011.2094488144,55.346366815269,334.080698624253,542.011576205492,283.246070511639,0,0,0,0.827983424067497,0.343056380748749,4.36998769640923,2.81318474560976,0,28.7931587398052,6.51014363765717,0,0,0,0,0,1.08928871154785,0,0.374750465154648,38.0610655844212,0,647.453385069966,479.719610981643,12.463685169816,15.7668208181858,2.2210226804018,267.147350206971,3253.75564464182,29.9003560319543,56.0194462612271,1546.64281350374,57.0722262784839,3863.91203006357,1012.33049302548,7690.53636714816,4.42265608906746,55.346366815269,12875.1754639521,54.7174157053232,78.4875726550817,530.588225267828,0,0.639860466122627,26.4059579521418,7.16432303190231,19.8191103488207,6.23316624760628,8.82571931928396,0,9.58575624972582,0,0,0,0,0.170508593320847,3.70623399317265,26.5607380792499,0.168454587459564,6.18560333549976,10.1201242655516,0,10.3492501378059,3031.0927304402,1446.01886732876,125.948549069464,371.418459974229,63.9663103073835,1166.90248378366,717.894964635372,5665.10382375866,0,181.068217158318,91.2728205472231,33.8803558945656,70.5126039087772,479.347079396248,334.080698624253,54.7174157053232,1899.37632425129,248.669141590595,583.434381261468,0,3.05268628895283,1.53578948974609,25.101425126195,2.2310848236084,24.2625662535429,45.718643784523,248.660627186298,149.526422649622,0,0,0,0,1.78840923309326,0.156774088740349,20.5053747296333,0,7.52278836071491,3458.0989009887,6.54233700037003,39.9914568662643,298.994070068002,232.370193995535,67.573980435729,40.5187702998519,710.254361435771,1413.61947417259,1112.84124407172,3394.86061677337,0,15.0801586508751,53.2581029012799,6.67712108790874,42.0021407008171,5.78225016593933,542.011576205492,78.4875726550817,248.669141590595,1979.96338677406,350.444763094187,0,0,0.238655596971512,10.1154409796,4.91227254271507,10.0078450664878,10.9876138567924,0,35.5089271217585,0,0,0,0.479026556015015,0,0,12.332299515605,0,2.43725404143333,44.7028288096189,2.95625419914722,23.7823718488216,2071.21020592004,86.9291497170925,201.694291844964,17.5679820626974,241.142354808748,4403.54725322872,83.3779629990458,261.388731591403,0,28.7061037570238,2064.1399025619,56.7207564264536,276.33464538306,25.7491780817509,283.246070511639,530.588225267828,583.434381261468,350.444763094187,5793.70129153132
