10176.1708002239,707.636161521077,0,0.826896235346794,0,241.426761597395,31.9627692848444,652.291379898787,0.740252256393433,1170.01983168721,3417.22766879201,566.339332461357,7826.51988819242,1674.38986060768,0,0,508.891793161631,27.5965857207775,75.3850848674774,37.1166497766972,1638.78139150143,0,0,0.169671356678009,0,1.75523792207241,0,0.418641149997711,0,942.023906886578,0.353124499320984,0,3.04242563247681,15.3741244971752,0,0,0,0,1.09409165382385,0,707.636161521077,43645.3834909201,624.770432338119,12.1717616766691,4.24261589348316,592.501646436751,1676.43908976018,3377.81061297655,804.767743289471,6.61482363939285,5218.69718900323,4274.47917043418,1233.96052931994,829.2363140136,0,21.3003139942884,562.550526499748,4549.06977072358,149.978236287832,3413.42422755063,0.439193189144135,0,0,0,0.181540831923485,36.8956193774939,15.5673483610153,2.76481509208679,5.80950176715851,0,0,1.49238705635071,0,7.24594911932945,0,0.520785510540009,2.72134160995483,0,2.14361178874969,4.99040952324867,0,624.770432338119,12838.6889953166,889.767809331417,2628.63974829018,24.1115200221539,3108.57102800161,148.726415902376,4230.76104702055,0,77.2266705036163,0,0,2.42861583828926,9199.02966284752,2362.61082249135,5.47813825309277,1596.54529933631,11.717403665185,14.6914048045874,0,0,102.094455167651,79.3815525174141,184.023584835231,4.83892877399921,36.3188469409943,0,317.680758021772,0,0,0,0.186466127634048,0,49.4987505823374,115.115639954805,0.701974451541901,23.3737199082971,3.69644573330879,0.627720564603806,0.826896235346794,12.1717616766691,889.767809331417,3146.54432953894,306.664605051279,41.1223566383123,2539.46750349551,20.5899423807859,619.644890680909,0,0.561283886432648,2.35406714677811,0,1.90816111862659,2103.42278517783,3074.12139870226,12.7943161427975,264.123414725065,35.8713538199663,32.5722196698189,0,0,57.4840523153543,114.565580159426,96.4689428806305,9.41703076660633,65.7556274235249,0.163455411791801,220.260849505663,0,0,0,0,0,40.8830767944455,127.705861195922,0,27.6068426668644,11.866641715169,1.41440096497536,0,4.24261589348316,2628.63974829018,306.664605051279,1619.22838801891,340.427649050951,247.120301432908,0,1486.08976195008,0,0,0,0,1.61696004867554,891.132936030626,3390.47342377901,3.38982558250427,288.923795372248,3.74410182237625,0,0,0,37.4935444444418,63.26930809021,401.632205165923,9.17524980008602,42.0741716772318,1.76241755485535,378.768740981817,0,0,0,0,0.246858060359955,8.41462928056717,117.010050259531,0.252652853727341,9.78341084718704,0.956404745578766,1.14505888521671,241.426761597395,592.501646436751,24.1115200221539,41.1223566383123,340.427649050951,3798.34231060743,2472.20864256471,714.785662427545,1058.18476481736,0,93.0569686889648,109.892320483923,34.9013048559427,1812.20508237928,7.05569887161255,1705.09200491011,304.419160835445,125.605342850089,829.540598958731,398.492657214403,0,5.64381247758865,5.57202529907227,9.42943879961967,11.3676137626171,183.247249230742,213.008551254869,3.04232737421989,76.2763898968697,0,7.00977885723114,2.9738677740097,0,17.5976575091481,0,67.5880137234926,12.4539175331593,8.38527173548937,47.507615596056,32.3981010615826,31.9627692848444,1676.43908976018,3108.57102800161,2539.46750349551,247.120301432908,2472.20864256471,22455.9020707011,443.43011431396,4863.3724097535,0,39.8419578075409,291.480534613132,26.9518140628934,1772.8432013765,131.045243129134,3435.41199018061,1848.42552375793,2505.28387348354,1861.97529970855,5168.41639015079,11.3424229621887,24.6897405385971,12.9114281758666,71.7771410346031,24.41007193923,332.554184794426,1016.36276489496,34.0034073591232,337.229011170566,0,4.60772052407265,40.1744131743908,11.149975836277,36.4353993982077,3.45084431767464,207.406232357025,83.3808499202132,20.7332761138678,214.173399277031,96.0173819512129,652.291379898787,3377.81061297655,148.726415902376,20.5899423807859,0,714.785662427545,443.43011431396,4135.34568828344,2255.29471997917,0,3416.43255916238,9.85811392962933,20.725942581892,78.264285326004,0,34.7298326566815,9.08457337319851,1835.09816645086,1022.06303535402,61.7759966850281,0.905643671751022,0,0,1.71180500090122,0,13.6620723009109,17.7240173220634,30.5816760212183,14.3873820304871,0,0,0,0,0,0,1.96647785604,0,0.317875444889069,223.856813520193,0,0.740252256393433,804.767743289471,4230.76104702055,619.644890680909,1486.08976195008,1058.18476481736,4863.3724097535,2255.29471997917,9229.16719189286,0,194.29403501749,13.7440714687109,2.66730841994286,102.489276379347,776.155937746167,1646.86352131516,164.585231080651,8241.80706945807,4338.36344350874,278.77815310657,1.76103192567825,8.64724740386009,83.2998687177896,75.7661792635918,774.408336132765,169.329604700208,591.864925310016,86.7803559154272,1321.12546165287,0,1.16825932264328,16.0067378282547,1.25362610816956,13.7408686876297,13.7452657073736,177.00666436553,48.5627416521311,24.1342903226614,573.475408822298,60.5387035608292,1170.01983168721,6.61482363939285,0,0,0,0,0,0,0,575.536637365818,24.8602060675621,124.02461977303,1327.93086928129,936.27625156939,0,0,898.891603559256,0,0,0.186380982398987,168.065064489841,0,0,0,0,0,0,0,0,726.709966659546,0,0,68.9441020190716,28.3631592392921,0,0,1.23571711778641,0,0,0,3417.22766879201,5218.69718900323,77.2266705036163,0.561283886432648,0,93.0569686889648,39.8419578075409,3416.43255916238,194.29403501749,24.8602060675621,5816.70532761514,168.723628051579,2332.17745241523,208.409354656935,0,2.63168433308601,52.8371177762747,1454.74996635318,54.7558004409075,31.4627874493599,29.1166054308414,0,0,0,0,0.312076210975647,0.168785214424133,0.206587240099907,0,4.18090802431107,0,0,0,0.294963806867599,0,0,0,0,1.47992721199989,0,566.339332461357,4274.47917043418,0,2.35406714677811,0,109.892320483923,291.480534613132,9.85811392962933,13.7440714687109,124.02461977303,168.723628051579,8828.52698588371,1560.22438562661,2617.2052417919,0,3.20847618579865,3931.23677881807,20.5037022978067,6.94384558498859,2171.61196815223,4.10906454920769,0.957875549793243,0,0,0,2.62072384357452,3.63431999087334,0,3.0009018778801,10.1240735650063,0,0,0,7.20770078897476,0,0,0,0,0,1.18107759952545,7826.51988819242,1233.96052931994,0,0,0,34.9013048559427,26.9518140628934,20.725942581892,2.66730841994286,1327.93086928129,2332.17745241523,1560.22438562661,5318.95586204529,1311.51728246361,0,0,1418.36145887524,21.1722576320171,1.2956240773201,46.689558327198,264.099284440279,0,0,0,0,0.181354567408562,0.902886688709259,0,1.11887264251709,385.715133592486,0,0,0,1.6552544683218,0,0,0,0,0,1.3352267742157,1674.38986060768,829.2363140136,2.42861583828926,1.90816111862659,1.61696004867554,1812.20508237928,1772.8432013765,78.264285326004,102.489276379347,936.27625156939,208.409354656935,2617.2052417919,1311.51728246361,10850.011483945,0,17.3238767758012,6143.84479843825,26.3258953392506,26.9094180315733,372.308794587851,52.2564520835876,0.630975782871246,0,2.32472774386406,0,21.8536188304424,19.7866791784763,0,7.49016341567039,240.211641103029,0,2.91798847913742,0,747.010271921754,0,2.42630244791508,10.7926906645298,1.06132864952087,1.38144826889038,0.839272737503052,0,0,9199.02966284752,2103.42278517783,891.132936030626,7.05569887161255,131.045243129134,0,776.155937746167,0,0,0,0,0,11103.5928133577,6266.28238838911,0,215.415982440114,3.80236414074898,0,0,0,78.5281072556973,41.6433767527342,106.8853507936,0,10.1251962035894,0,177.469346761703,0,0,0,0,0,38.1305250376463,54.3197526633739,0,8.13733100891113,4.14318656921387,0,0,21.3003139942884,2362.61082249135,3074.12139870226,3390.47342377901,1705.09200491011,3435.41199018061,34.7298326566815,1646.86352131516,0,2.63168433308601,3.20847618579865,0,17.3238767758012,6266.28238838911,17147.2930231839,20.8750961795449,506.058561220765,115.045913405716,33.0745087563992,0,3.09914702177048,110.670065887272,313.926579251885,289.016083940864,71.9910512119532,423.246922574937,2.16284862160683,516.362411759794,0,0,2.69087454676628,0,0.549262940883636,45.7367122843862,658.778838664293,6.50213229656219,69.5078077465296,44.7431376203895,11.7064913734794,508.891793161631,562.550526499748,5.47813825309277,12.7943161427975,3.38982558250427,304.419160835445,1848.42552375793,9.08457337319851,164.585231080651,898.891603559256,52.8371177762747,3931.23677881807,1418.36145887524,6143.84479843825,0,20.8750961795449,4982.13657125086,45.2896655797958,52.6418446302414,1090.79248458147,29.5190950036049,2.27326488494873,0,0.183935761451721,0,16.0662392675877,35.3112454563379,1.064293384552,11.9642178416252,142.057664722204,0,0.31880459189415,0,160.663470298052,0,1.9316640496254,3.18020841479301,0.188457936048508,1.53332328796387,1.65054798126221,27.5965857207775,4549.06977072358,1596.54529933631,264.123414725065,288.923795372248,125.605342850089,2505.28387348354,1835.09816645086,8241.80706945807,0,1454.74996635318,20.5037022978067,21.1722576320171,26.3258953392506,215.415982440114,506.058561220765,45.2896655797958,2733.66412125528,620.333418652415,147.118946403265,0,0,6.38753460347652,18.7907789051533,33.7569056898355,11.0465299785137,42.6447061896324,0.569070786237717,50.032711699605,0,0,0,0,0.906122863292694,2.14907328784466,26.4021193385124,0.497361898422241,8.18204416334629,29.4387353360653,2.56760736554861,75.3850848674774,149.978236287832,11.717403665185,35.8713538199663,3.74410182237625,829.540598958731,1861.97529970855,1022.06303535402,4338.36344350874,0,54.7558004409075,6.94384558498859,1.2956240773201,26.9094180315733,3.80236414074898,115.045913405716,52.6418446302414,620.333418652415,2250.70850811899,157.955971777439,1.82867765426636,7.83223953843117,1.30465796589851,0.344049841165543,0,686.190722316504,145.808131620288,148.712889015675,423.563088312745,0,0.391841202974319,3.35179843008518,1.7811096906662,11.5440305173397,0,13.4288744479418,7.36098280549049,8.51290214061737,4315.75299960375,23.2695967555046,37.1166497766972,3413.42422755063,14.6914048045874,32.5722196698189,0,398.492657214403,5168.41639015079,61.7759966850281,278.77815310657,0.186380982398987,31.4627874493599,2171.61196815223,46.689558327198,372.308794587851,0,33.0745087563992,1090.79248458147,147.118946403265,157.955971777439,6807.87056739628,0,2.14571131765842,0.334946691989899,1.10226128995419,0,22.4089629799128,67.272848457098,1.13590323925018,26.9178174734116,0,0,1.77573269605637,0,3.56274656951427,0,1.74913036823273,7.48865447938442,0.701672106981277,8.25016611814499,4.05501773953438,1638.78139150143,0.439193189144135,0,0,0,0,11.3424229621887,0.905643671751022,1.76103192567825,168.065064489841,29.1166054308414,4.10906454920769,264.099284440279,52.2564520835876,0,0,29.5190950036049,0,1.82867765426636,0,12061.00214836,236.984050869942,0,0.205484315752983,0,508.201373785734,91.0003014951944,882.877699837089,10.3223640173674,3087.68173450232,3485.91189043224,785.306710287929,8920.96039409935,2169.4548958987,0,0,404.920954957604,30.452417999506,18.0500500202179,74.1978931501508,0,0,0,0,0,5.64381247758865,24.6897405385971,0,8.64724740386009,0,0,0.957875549793243,0,0.630975782871246,0,3.09914702177048,2.27326488494873,0,7.83223953843117,2.14571131765842,236.984050869942,35048.5280794948,1793.518254444,9.39041285216808,0.380879938602448,128.213098421693,996.674273617566,4965.73440279067,804.809359550476,1.97586536407471,5093.54739917815,3694.57071013749,179.882915131748,125.888398557901,0.400646865367889,5.60630355775356,378.407368347049,3114.15190328658,524.108123257756,2145.42197424173,0,0,102.094455167651,57.4840523153543,37.4935444444418,5.57202529907227,12.9114281758666,0,83.2998687177896,0,0,0,0,0,78.5281072556973,110.670065887272,0,6.38753460347652,1.30465796589851,0.334946691989899,0,1793.518254444,12431.6138421148,615.345480769873,1958.88767212629,19.534804046154,2491.47049033642,755.283809244633,5119.22503652424,0,56.2443031966686,1.02596032619476,0,0,10667.2142979801,1770.06435458362,10.773669809103,1339.63612984121,113.195444002748,47.9390107393265,0.169671356678009,0,79.3815525174141,114.565580159426,63.26930809021,9.42943879961967,71.7771410346031,1.71180500090122,75.7661792635918,0,0,0,0,2.32472774386406,41.6433767527342,313.926579251885,0.183935761451721,18.7907789051533,0.344049841165543,1.10226128995419,0.205484315752983,9.39041285216808,615.345480769873,3281.50724631548,471.121113926172,28.513577118516,3442.22367241234,35.178236156702,1490.25467580557,0,0.938458248972893,11.2711864113808,0,4.98684698343277,1390.07485169917,2725.97601313144,46.6433422118425,391.980421215296,119.382954910398,99.0754988193512,0,0.181540831923485,184.023584835231,96.4689428806305,401.632205165923,11.3676137626171,24.41007193923,0,774.408336132765,0,0,0,0,0,106.8853507936,289.016083940864,0,33.7569056898355,0,0,0,0.380879938602448,1958.88767212629,471.121113926172,2147.03610786796,686.314637497067,205.500220701098,0,2517.91762048006,0,0,0.217355668544769,0,0.894672751426697,1563.99276726693,3570.62992878258,1.15510058403015,172.432115972042,59.8341885209084,5.20765765011311,1.75523792207241,36.8956193774939,4.83892877399921,9.41703076660633,9.17524980008602,183.247249230742,332.554184794426,13.6620723009109,169.329604700208,0,0.312076210975647,2.62072384357452,0.181354567408562,21.8536188304424,0,71.9910512119532,16.0662392675877,11.0465299785137,686.190722316504,22.4089629799128,508.201373785734,128.213098421693,19.534804046154,28.513577118516,686.314637497067,3598.5897397697,2241.46634548903,989.6259534657,367.615576058626,17.9149637967348,158.42311001569,364.158775918186,109.125746175647,2365.02984401584,14.6298949420452,1046.84806849808,861.669793903828,34.5492472499609,237.38144043088,308.204934775829,0,15.5673483610153,36.3188469409943,65.7556274235249,42.0741716772318,213.008551254869,1016.36276489496,17.7240173220634,591.864925310016,0,0.168785214424133,3.63431999087334,0.902886688709259,19.7866791784763,10.1251962035894,423.246922574937,35.3112454563379,42.6447061896324,145.808131620288,67.272848457098,91.0003014951944,996.674273617566,2491.47049033642,3442.22367241234,205.500220701098,2241.46634548903,11796.3709311336,669.082942053676,4635.57545764744,1.83666758239269,95.2527141496539,587.737118043005,76.5546363592148,1296.21336760372,229.103516615927,2691.13262228668,2459.48786657304,1994.65639929473,3082.85469400138,5810.81169032305,0.418641149997711,2.76481509208679,0,0.163455411791801,1.76241755485535,3.04232737421989,34.0034073591232,30.5816760212183,86.7803559154272,0,0.206587240099907,0,0,0,0,2.16284862160683,1.064293384552,0.569070786237717,148.712889015675,1.13590323925018,882.877699837089,4965.73440279067,755.283809244633,35.178236156702,0,989.6259534657,669.082942053676,5862.52412387729,3491.0721065104,0.366808384656906,3733.17184372246,34.552108310163,90.2524943202734,34.8328661173582,3.36707082390785,37.1046048253775,60.8681624829769,1859.26827184856,1247.78081445396,216.878037951887,0,5.80950176715851,317.680758021772,220.260849505663,378.768740981817,76.2763898968697,337.229011170566,14.3873820304871,1321.12546165287,0,0,3.0009018778801,1.11887264251709,7.49016341567039,177.469346761703,516.362411759794,11.9642178416252,50.032711699605,423.563088312745,26.9178174734116,10.3223640173674,804.809359550476,5119.22503652424,1490.25467580557,2517.91762048006,367.615576058626,4635.57545764744,3491.0721065104,10031.9306500703,0,291.079190894961,51.9275016337633,15.6725039631128,60.1204640269279,1105.01480999589,1706.41840493679,215.337567776442,5213.12849710882,4322.95790067315,585.986979186535,942.023906886578,0,0,0,0,0,0,0,0,726.709966659546,4.18090802431107,10.1240735650063,385.715133592486,240.211641103029,0,0,142.057664722204,0,0,0,3087.68173450232,1.97586536407471,0,0,0,17.9149637967348,1.83666758239269,0.366808384656906,0,1734.01026785374,44.2186020612717,65.993321120739,1828.58870618045,1314.60341234505,0,0,579.214030906558,0,0,0.269615650177002,0.353124499320984,0,0,0,0,7.00977885723114,4.60772052407265,0,1.16825932264328,0,0,0,0,0,0,0,0,0,0.391841202974319,0,3485.91189043224,5093.54739917815,56.2443031966686,0.938458248972893,0,158.42311001569,95.2527141496539,3733.17184372246,291.079190894961,44.2186020612717,4364.26864853501,350.321806624532,2337.21229263395,285.773703165352,0,0.650635480880737,103.070061691105,641.583365947008,45.9849094450474,127.166034400463,0,1.49238705635071,0,0,0,2.9738677740097,40.1744131743908,0,16.0067378282547,0,0,0,0,2.91798847913742,0,2.69087454676628,0.31880459189415,0,3.35179843008518,1.77573269605637,785.306710287929,3694.57071013749,1.02596032619476,11.2711864113808,0.217355668544769,364.158775918186,587.737118043005,34.552108310163,51.9275016337633,65.993321120739,350.321806624532,10227.7683339268,1631.21896781027,1568.0936229527,0,3.5245885848999,3325.82208795846,107.717896178365,57.0223854929209,2495.01360838115,3.04242563247681,0,0.186466127634048,0,0,0,11.149975836277,0,1.25362610816956,68.9441020190716,0,0,0,0,0,0,0,0,1.7811096906662,0,8920.96039409935,179.882915131748,0,0,0,109.125746175647,76.5546363592148,90.2524943202734,15.6725039631128,1828.58870618045,2337.21229263395,1631.21896781027,5025.35464598238,1760.02689445764,0,1.69847297668457,752.734110854566,80.8464016318321,19.3147501647472,102.839453406632,15.3741244971752,7.24594911932945,0,0,0.246858060359955,17.5976575091481,36.4353993982077,0,13.7408686876297,28.3631592392921,0.294963806867599,7.20770078897476,1.6552544683218,747.010271921754,0,0.549262940883636,160.663470298052,0.906122863292694,11.5440305173397,3.56274656951427,2169.4548958987,125.888398557901,0,4.98684698343277,0.894672751426697,2365.02984401584,1296.21336760372,34.8328661173582,60.1204640269279,1314.60341234505,285.773703165352,1568.0936229527,1760.02689445764,11708.1010718495,0,3.18784761428833,5587.46936456859,23.7002038806677,56.6965163946152,145.936856679618,0,0,49.4987505823374,40.8830767944455,8.41462928056717,0,3.45084431767464,0,13.7452657073736,0,0,0,0,0,38.1305250376463,45.7367122843862,0,2.14907328784466,0,0,0,0.400646865367889,10667.2142979801,1390.07485169917,1563.99276726693,14.6298949420452,229.103516615927,3.36707082390785,1105.01480999589,0,0,0,0,0,11549.682202898,6944.14346930385,0.471922874450684,368.3574975878,10.9407837539911,1.44624111056328,0,0.520785510540009,115.115639954805,127.705861195922,117.010050259531,67.5880137234926,207.406232357025,1.96647785604,177.00666436553,0,0,0,0,2.42630244791508,54.3197526633739,658.778838664293,1.9316640496254,26.4021193385124,13.4288744479418,1.74913036823273,0,5.60630355775356,1770.06435458362,2725.97601313144,3570.62992878258,1046.84806849808,2691.13262228668,37.1046048253775,1706.41840493679,0,0.650635480880737,3.5245885848999,1.69847297668457,3.18784761428833,6944.14346930385,16871.2036321908,18.121267080307,400.768855117261,163.154330261052,55.1251960992813,0,2.72134160995483,0.701974451541901,0,0.252652853727341,12.4539175331593,83.3808499202132,0,48.5627416521311,1.23571711778641,0,0,0,10.7926906645298,0,6.50213229656219,3.18020841479301,0.497361898422241,7.36098280549049,7.48865447938442,404.920954957604,378.407368347049,10.773669809103,46.6433422118425,1.15510058403015,861.669793903828,2459.48786657304,60.8681624829769,215.337567776442,579.214030906558,103.070061691105,3325.82208795846,752.734110854566,5587.46936456859,0.471922874450684,18.121267080307,5807.11540074646,81.1471565961838,184.728038832545,832.075199872255,0,0,23.3737199082971,27.6068426668644,9.78341084718704,8.38527173548937,20.7332761138678,0.317875444889069,24.1342903226614,0,0,0,0,1.06132864952087,8.13733100891113,69.5078077465296,0.188457936048508,8.18204416334629,8.51290214061737,0.701672106981277,30.452417999506,3114.15190328658,1339.63612984121,391.980421215296,172.432115972042,34.5492472499609,1994.65639929473,1859.26827184856,5213.12849710882,0,641.583365947008,107.717896178365,80.8464016318321,23.7002038806677,368.3574975878,400.768855117261,81.1471565961838,1650.49166224897,839.077146351337,413.02916637063,1.09409165382385,2.14361178874969,3.69644573330879,11.866641715169,0.956404745578766,47.507615596056,214.173399277031,223.856813520193,573.475408822298,0,1.47992721199989,0,0,1.38144826889038,4.14318656921387,44.7431376203895,1.53332328796387,29.4387353360653,4315.75299960375,8.25016611814499,18.0500500202179,524.108123257756,113.195444002748,119.382954910398,59.8341885209084,237.38144043088,3082.85469400138,1247.78081445396,4322.95790067315,0,45.9849094450474,57.0223854929209,19.3147501647472,56.6965163946152,10.9407837539911,163.154330261052,184.728038832545,839.077146351337,4639.13285425305,586.694916009903,0,4.99040952324867,0.627720564603806,1.41440096497536,1.14505888521671,32.3981010615826,96.0173819512129,0,60.5387035608292,0,0,1.18107759952545,1.3352267742157,0.839272737503052,0,11.7064913734794,1.65054798126221,2.56760736554861,23.2695967555046,4.05501773953438,74.1978931501508,2145.42197424173,47.9390107393265,99.0754988193512,5.20765765011311,308.204934775829,5810.81169032305,216.878037951887,585.986979186535,0.269615650177002,127.166034400463,2495.01360838115,102.839453406632,145.936856679618,1.44624111056328,55.1251960992813,832.075199872255,413.02916637063,586.694916009903,4252.09040272981
