10102.8387811184,628.275783494115,1.472760617733,4.08883589506149,0,796.543560132384,133.137455284595,831.672947451472,4.96878895163536,1635.77738471329,2725.31626787782,816.949826583266,6987.4223960489,4142.93406972289,0,16.3794992268085,806.026154533029,54.3739875406027,192.89377579093,83.1763416677713,1868.35742470622,0,0,0,0,2.49520885944366,0,0.994206070899963,0,689.256673693657,0,0,8.51548007130623,222.25784304738,0,4.29975712299347,0,0,1.95466065406799,0,628.275783494115,35696.7773073912,395.595975995064,71.4924981072545,12.720786139369,383.168632045388,1267.03568246961,2917.03998525441,1537.83565926552,0.264923423528671,2857.85000856221,1869.9883576259,550.779338866472,347.732585564256,4.44412414729595,176.193924203515,486.983863897622,6327.27802081406,271.338399350643,4348.55114974827,0,0,4.18683266639709,0.254116237163544,1.58477614820004,16.4143753200769,5.59840601682663,0,3.74726609885693,0.341018527746201,0,0,0,1.94505113363266,1.90456783771515,42.5999787002802,0,0.731510877609253,2.96911832690239,2.61016988754272,1.472760617733,395.595975995064,9949.69090400636,790.983656875789,1740.85384622216,7.28631122410297,1291.63062214851,202.291332557797,4018.03361105174,0,24.484865218401,0.243364349007607,0,0,10253.0697555989,2500.50271255523,1.72219367325306,1701.45192821324,32.7779245227575,55.7575578838587,0,0,5.65841194987297,3.37452438473701,86.9522420316935,6.12931710481644,2.02696524560452,0,8.90820188820362,0,0,0,0,0,12.1411648541689,57.2161474600434,0,0.245634630322456,6.44435596466064,0,4.08883589506149,71.4924981072545,790.983656875789,3005.09048360586,642.235165223479,32.0368316024542,3109.17153710872,33.139250099659,637.489889346063,0,3.87117499113083,4.84576132893562,0.563008010387421,3.37788954377174,2049.61756420135,2904.57006400824,16.5143377333879,320.448839008808,164.54213167727,115.07266972959,0,0.215986877679825,7.56239493191242,9.97581031918526,206.929158650339,19.8248166292906,11.1080756634474,3.34029242396355,21.2724845185876,0,0,0,0,0,6.39856377243996,346.044850260019,0,4.64793352037668,12.6051682829857,0.720714271068573,0,12.720786139369,1740.85384622216,642.235165223479,2232.52767568827,451.394766464829,219.148364022374,14.1052943021059,3225.05242139846,0,0,0,0,0.891234248876572,829.095169916749,4476.49387983233,1.58500222861767,329.85008661449,71.7990127056837,17.8817486166954,0,0.927000463008881,119.993436619639,150.576666593552,1228.20553314686,82.0578075498343,45.5023971796036,0.317879736423492,282.456687584519,0,0,0,0,0,181.653088450432,1142.89838852733,0.262942999601364,38.9242543131113,8.79878574609756,3.45525033771992,796.543560132384,383.168632045388,7.28631122410297,32.0368316024542,451.394766464829,3442.49067388475,2929.71278037131,826.864056617022,589.717778041959,5.46090370416641,62.0962326750159,220.881941616535,99.1634293496609,3263.26145672798,1.60464665293694,3158.20469251275,532.029816925526,84.6685217767954,1186.5918495506,430.519671410322,0.929724335670471,0,0.264793038368225,4.35787685215473,61.0750609487295,177.723465263844,43.5673949196935,9.10807731747627,36.7713272571564,0,0,0,0,73.9133345782757,1.38904006779194,286.296785473824,2.78906053304672,0.457450687885284,9.27057236433029,0.841534703969955,133.137455284595,1267.03568246961,1291.63062214851,3109.17153710872,219.148364022374,2929.71278037131,22112.1019920558,338.21958231926,2771.82704075426,1.04034657776356,57.9103810638189,378.667428523302,99.3847994878888,1489.48673925549,160.331445872784,3389.38287860155,5136.959592022,1566.80929201096,1189.81112030894,5742.11764555424,0,4.32379241287708,7.87915174663067,14.6643983572721,81.8490856587887,374.403152920306,450.417248390615,16.2624604254961,124.892837397754,0,0,3.90903550386429,1.92335844039917,22.045867189765,2.8699671253562,1031.18058870733,5.83785501122475,11.5874754935503,63.3457466885448,15.2310323268175,831.672947451472,2917.03998525441,202.291332557797,33.139250099659,14.1052943021059,826.864056617022,338.21958231926,4670.06639131904,2615.69189687073,0,3246.01720261574,6.58112391829491,36.7081580609083,123.584845483303,0.889039099216461,212.238206163049,8.46254107356071,1218.5293828249,1960.51320233941,138.961100697517,2.88932871818542,0,0,0,0,25.5462781488895,2.6984361410141,27.0293741226196,11.6655250191689,0,0,0,0,0,1.6936811208725,54.3892812505364,0,0,158.865648448467,0,4.96878895163536,1537.83565926552,4018.03361105174,637.489889346063,3225.05242139846,589.717778041959,2771.82704075426,2615.69189687073,13103.4009155035,0,379.704602599144,8.03010228276253,1.86013984680176,7.15779872238636,564.945326760411,1914.18945676088,29.8399828523397,6671.46178416908,4958.37126742303,352.240667574108,0,3.79744379222393,45.3376976847649,63.2041098773479,1100.10644675791,240.766215756536,304.817993298173,34.2834484577179,747.011332049966,0,0.846450507640839,0,0.176161199808121,1.02422276139259,82.3600224405527,770.820362947881,12.1229261159897,28.001216173172,557.734947606921,39.5714238882065,1635.77738471329,0.264923423528671,0,0,0,5.46090370416641,1.04034657776356,0,0,985.043459266424,9.61937084794044,106.244486346841,1133.24779030681,1362.16932034492,0,0,1547.6684897244,0,0,0,266.705712616444,0,0,0,0,0,0,0,0,808.970564752817,0,0,25.5249579846859,162.91887524724,0,0,0,0,0,0,2725.31626787782,2857.85000856221,24.484865218401,3.87117499113083,0,62.0962326750159,57.9103810638189,3246.01720261574,379.704602599144,9.61937084794044,4118.75434181094,167.586220756173,1466.98425863683,181.999921500683,2.7550942003727,20.322271540761,79.1762704327703,696.004563376307,31.9289011061192,43.635518848896,3.64249867200851,0,0,0,0.204808592796326,0.175600081682205,0,0,0,1.4077056646347,0,0,0,2.58591088652611,0,1.53714591264725,0,0,10.9454763531685,0,816.949826583266,1869.9883576259,0.243364349007607,4.84576132893562,0,220.881941616535,378.667428523302,6.58112391829491,8.03010228276253,106.244486346841,167.586220756173,9226.10352131724,1937.53646844625,1799.33846266568,0,32.7898597568274,3412.52130971104,53.0208561122417,3.32261508703232,2490.6180254668,1.77845352888107,0,0,0,0,2.87175306677818,1.30961298942566,0,0,9.41577798128128,0,0,0,3.26217001676559,0,3.88600663840771,0,0,0,0,6987.4223960489,550.779338866472,0,0.563008010387421,0,99.1634293496609,99.3847994878888,36.7081580609083,1.86013984680176,1133.24779030681,1466.98425863683,1937.53646844625,6170.1116617471,1159.1908107847,0,12.819913059473,916.937859013677,21.8019810318947,3.64762434363365,90.3117807209492,60.257296949625,0,0,0,0,1.02870345115662,1.39173650741577,0,0,99.2189043313265,0,0,0,34.0660522580147,0,1.0099538564682,0,0,0,0,4142.93406972289,347.732585564256,0,3.37788954377174,0.891234248876572,3263.26145672798,1489.48673925549,123.584845483303,7.15779872238636,1362.16932034492,181.999921500683,1799.33846266568,1159.1908107847,8004.89191516489,0,72.3379743844271,5991.10956707597,22.8599004298449,425.144142881036,217.078880377114,96.9621141403913,0,0,0,0,74.7021206617355,7.03460821509361,0,0.487617015838623,431.567809969187,0,0,0,1450.58713307977,0,4.51624269783497,1.42273640632629,0,0,0,0,4.44412414729595,10253.0697555989,2049.61756420135,829.095169916749,1.60464665293694,160.331445872784,0.889039099216461,564.945326760411,0,2.7550942003727,0,0,0,8310.08182731271,4773.45887910575,1.1818400323391,241.4601906389,0.957154810428619,9.22968259453773,0,0,0,0,29.1770273298025,0.954263806343079,0.249969318509102,0,1.67845983803272,0,0,0,0,0,0.793308854103088,25.8767064586282,0,0.962607562541962,0,0,16.3794992268085,176.193924203515,2500.50271255523,2904.57006400824,4476.49387983233,3158.20469251275,3389.38287860155,212.238206163049,1914.18945676088,0,20.322271540761,32.7898597568274,12.819913059473,72.3379743844271,4773.45887910575,17650.0665326789,119.043634019792,550.824802026153,740.646917723119,226.447385631502,0,1.66285248100758,19.620160639286,13.531692519784,697.086558848619,496.941991582513,228.948210023344,19.385364741087,113.741206668317,0,0,1.26580727100372,0.139529466629028,0.229237884283066,22.7574364095926,1479.60372517258,4.93977710604668,11.3284457027912,83.2681537121534,3.13992989063263,806.026154533029,486.983863897622,1.72219367325306,16.5143377333879,1.58500222861767,532.029816925526,5136.959592022,8.46254107356071,29.8399828523397,1547.6684897244,79.1762704327703,3412.52130971104,916.937859013677,5991.10956707597,1.1818400323391,119.043634019792,6378.42370486259,65.6280860453844,22.9106137156487,1500.08919341862,10.3864800035954,0,0,0,0,16.3162228763103,13.5997629761696,0.519680857658386,4.75986814498901,76.0061990320683,0,0,0,342.432543471456,0,17.0196232944727,0,0,0,0.541465282440186,54.3739875406027,6327.27802081406,1701.45192821324,320.448839008808,329.85008661449,84.6685217767954,1566.80929201096,1218.5293828249,6671.46178416908,0,696.004563376307,53.0208561122417,21.8019810318947,22.8599004298449,241.4601906389,550.824802026153,65.6280860453844,3583.61126962304,405.990041851997,299.275676906109,0,0,0.209592893719673,2.45757710933685,44.622750967741,25.9210114181042,8.30316759645939,1.20266854763031,14.4930542111397,0,0,0,0,0,3.41305582970381,130.943686544895,0,0.458716407418251,0.408161230385303,0,192.89377579093,271.338399350643,32.7779245227575,164.54213167727,71.7990127056837,1186.5918495506,1189.81112030894,1960.51320233941,4958.37126742303,0,31.9289011061192,3.32261508703232,3.64762434363365,425.144142881036,0.957154810428619,740.646917723119,22.9106137156487,405.990041851997,2624.99932640791,160.056537255645,0,0,5.72123795747757,8.54160863161087,22.3795054405928,230.11343087256,46.4464142918587,48.156035721302,308.866892039776,0,0,0,0,0,0.331061154603958,259.995829612017,0.320465624332428,0.476441591978073,6622.61829786003,1.71746337413788,83.1763416677713,4348.55114974827,55.7575578838587,115.07266972959,17.8817486166954,430.519671410322,5742.11764555424,138.961100697517,352.240667574108,0,43.635518848896,2490.6180254668,90.3117807209492,217.078880377114,9.22968259453773,226.447385631502,1500.08919341862,299.275676906109,160.056537255645,5787.15872079134,0,0.362693518400192,0.892436623573303,2.13818284869194,10.6278386116028,24.7990221381187,39.7070269137621,3.21600691974163,9.09865319728851,0,0,0,0,0.478639721870422,0,126.12521456182,0,1.63908603787422,5.89548645913601,0.673222124576569,1868.35742470622,0,0,0,0,0.929724335670471,0,2.88932871818542,0,266.705712616444,3.64249867200851,1.77845352888107,60.257296949625,96.9621141403913,0,0,10.3864800035954,0,0,0,11010.9319735318,320.184455633163,0,1.12743866443634,0,577.883517250419,102.383134365082,1205.68889939785,10.087300285697,3255.06564961374,1799.88937695324,1397.61273390055,10120.7912228405,2406.70097477734,0.199373483657837,4.87601082026958,386.655453309417,36.9735323786736,297.188378572464,59.5719418674707,0,0,0,0.215986877679825,0.927000463008881,0,4.32379241287708,0,3.79744379222393,0,0,0,0,0,0,1.66285248100758,0,0,0,0.362693518400192,320.184455633163,30973.7483056709,787.290483087301,50.1593395024538,4.2692925632,490.546630807221,1925.74617298692,4324.4409109056,1398.45218446851,0.266538053750992,3581.26728565991,2131.23293600976,146.84962272644,420.641445748508,3.71317638456821,97.7727613151073,397.387184999883,4973.15511637926,303.467904597521,3080.29382520169,0,4.18683266639709,5.65841194987297,7.56239493191242,119.993436619639,0.264793038368225,7.87915174663067,0,45.3376976847649,0,0,0,0,0,0,19.620160639286,0,0.209592893719673,5.72123795747757,0.892436623573303,0,787.290483087301,8891.22112980485,700.091078326106,1520.54428340495,15.093436434865,1924.74525491893,258.141324937344,6063.73762954026,0,46.4071661233902,5.09323926270008,1.12845194339752,2.80292053520679,6883.81835916638,1841.17041872442,16.9079878181219,2276.4841580838,41.9849562346935,103.873657770455,0,0.254116237163544,3.37452438473701,9.97581031918526,150.576666593552,4.35787685215473,14.6643983572721,0,63.2041098773479,0,0,0,0,0,0,13.531692519784,0,2.45757710933685,8.54160863161087,2.13818284869194,1.12743866443634,50.1593395024538,700.091078326106,1967.30927304924,351.017556816339,57.9424722641706,2209.9668206647,73.7812253832817,1316.29861742258,0,6.31116288900375,12.6851449012756,0.700289025902748,9.47392474114895,1566.57199348509,2467.29373254627,59.8265992850065,481.251028522849,236.102939292789,366.280059739947,0,1.58477614820004,86.9522420316935,206.929158650339,1228.20553314686,61.0750609487295,81.8490856587887,0,1100.10644675791,0,0.204808592796326,0,0,0,29.1770273298025,697.086558848619,0,44.622750967741,22.3795054405928,10.6278386116028,0,4.2692925632,1520.54428340495,351.017556816339,2360.82565850019,1016.20209997892,123.366934746504,12.1289003640413,2634.05156163126,0,0,1.55685718357563,0.177902072668076,0,1315.70569187403,4848.01378901303,0.586319997906685,115.858712613583,121.83648045361,4.28408531844616,2.49520885944366,16.4143753200769,6.12931710481644,19.8248166292906,82.0578075498343,177.723465263844,374.403152920306,25.5462781488895,240.766215756536,0,0.175600081682205,2.87175306677818,1.02870345115662,74.7021206617355,0.954263806343079,496.941991582513,16.3162228763103,25.9210114181042,230.11343087256,24.7990221381187,577.883517250419,490.546630807221,15.093436434865,57.9424722641706,1016.20209997892,3977.09522164613,2551.59698182344,1894.66851867735,769.702811181545,8.44008126854897,56.2558880150318,350.927986592054,134.570839762688,2353.36952508986,10.846303448081,1568.26336046308,418.318204015493,119.711224600673,2319.81327566504,555.240207001567,0,5.59840601682663,2.02696524560452,11.1080756634474,45.5023971796036,43.5673949196935,450.417248390615,2.6984361410141,304.817993298173,0,0,1.30961298942566,1.39173650741577,7.03460821509361,0.249969318509102,228.948210023344,13.5997629761696,8.30316759645939,46.4464142918587,39.7070269137621,102.383134365082,1925.74617298692,1924.74525491893,2209.9668206647,123.366934746504,2551.59698182344,16842.4643834084,372.881408125162,2613.88961926848,6.01525583863258,48.7517640218139,706.806875750422,96.5226417779922,1699.32770305127,599.315055653453,2578.73055352271,3493.94280336052,2068.84526339173,1705.28433664143,5709.88841183484,0.994206070899963,0,0,3.34029242396355,0.317879736423492,9.10807731747627,16.2624604254961,27.0293741226196,34.2834484577179,0,0,0,0,0,0,19.385364741087,0.519680857658386,1.20266854763031,48.156035721302,3.21600691974163,1205.68889939785,4324.4409109056,258.141324937344,73.7812253832817,12.1289003640413,1894.66851867735,372.881408125162,6035.2088457197,3542.55291078985,0,2870.0195504576,105.238008365035,87.623688146472,363.1223808676,10.7065171301365,179.119484387338,35.1237303763628,1734.9130256772,2471.82455345988,122.69901637733,0,3.74726609885693,8.90820188820362,21.2724845185876,282.456687584519,36.7713272571564,124.892837397754,11.6655250191689,747.011332049966,0,0,0,0,0.487617015838623,1.67845983803272,113.741206668317,4.75986814498901,14.4930542111397,308.866892039776,9.09865319728851,10.087300285697,1398.45218446851,6063.73762954026,1316.29861742258,2634.05156163126,769.702811181545,2613.88961926848,3542.55291078985,11221.750165686,0,156.347070410848,22.7429823726416,3.21202643215656,40.6256669163704,944.23487842083,2344.80562715232,75.1390269696712,5973.29323196411,5500.14091640711,311.269941583276,689.256673693657,0.341018527746201,0,0,0,0,0,0,0,808.970564752817,1.4077056646347,9.41577798128128,99.2189043313265,431.567809969187,0,0,76.0061990320683,0,0,0,3255.06564961374,0.266538053750992,0,0,0,8.44008126854897,6.01525583863258,0,0,2430.67727589607,41.402259811759,48.7332276105881,2387.80887466669,1443.54539653659,0,0,1011.6063349247,0,0,2.78664153814316,0,0,0,0,0,0,0,0,0.846450507640839,0,0,0,0,0,0,0,0,0,0,0,1799.88937695324,3581.26728565991,46.4071661233902,6.31116288900375,0,56.2558880150318,48.7517640218139,2870.0195504576,156.347070410848,41.402259811759,3706.29395598173,233.460889682174,2657.42453357577,183.411542639136,0,10.8543434813619,31.5955738723278,388.842217460275,36.7143194824457,32.2803651690483,0,0,0,0,0,0,3.90903550386429,0,0,0,0,0,0,0,0,1.26580727100372,0,0,0,0,1397.61273390055,2131.23293600976,5.09323926270008,12.6851449012756,1.55685718357563,350.927986592054,706.806875750422,105.238008365035,22.7429823726416,48.7332276105881,233.460889682174,9062.31478960812,1650.05109043419,1641.68639282882,1.61245691776276,27.3770129308105,2565.36659608781,209.813170865178,25.1197817921638,3190.51792217791,8.51548007130623,0,0,0,0,0,1.92335844039917,0,0.176161199808121,25.5249579846859,0,0,0,0,0,0.139529466629028,0,0,0,0,10120.7912228405,146.84962272644,1.12845194339752,0.700289025902748,0.177902072668076,134.570839762688,96.5226417779922,87.623688146472,3.21202643215656,2387.80887466669,2657.42453357577,1650.05109043419,7463.17402018607,2073.09572005272,0,3.26603849977255,892.375668734312,17.5590075552464,11.0508283078671,59.0606867074966,222.25784304738,1.94505113363266,0,0,0,73.9133345782757,22.045867189765,0,1.02422276139259,162.91887524724,2.58591088652611,3.26217001676559,34.0660522580147,1450.58713307977,0,0.229237884283066,342.432543471456,0,0,0.478639721870422,2406.70097477734,420.641445748508,2.80292053520679,9.47392474114895,0,2353.36952508986,1699.32770305127,363.1223808676,40.6256669163704,1443.54539653659,183.411542639136,1641.68639282882,2073.09572005272,7889.94789018482,0,42.2393589913845,4960.67846827209,74.8779302090406,58.4461127370596,468.95642618835,0,1.90456783771515,12.1411648541689,6.39856377243996,181.653088450432,1.38904006779194,2.8699671253562,1.6936811208725,82.3600224405527,0,0,0,0,0,0.793308854103088,22.7574364095926,0,3.41305582970381,0.331061154603958,0,0.199373483657837,3.71317638456821,6883.81835916638,1566.57199348509,1315.70569187403,10.846303448081,599.315055653453,10.7065171301365,944.23487842083,0,0,1.61245691776276,0,0,11354.1110517234,6643.35135868937,6.16375827789307,396.12508302927,21.1202090084553,39.3797826766968,4.29975712299347,42.5999787002802,57.2161474600434,346.044850260019,1142.89838852733,286.296785473824,1031.18058870733,54.3892812505364,770.820362947881,0,1.53714591264725,3.88600663840771,1.0099538564682,4.51624269783497,25.8767064586282,1479.60372517258,17.0196232944727,130.943686544895,259.995829612017,126.12521456182,4.87601082026958,97.7727613151073,1841.17041872442,2467.29373254627,4848.01378901303,1568.26336046308,2578.73055352271,179.119484387338,2344.80562715232,0,10.8543434813619,27.3770129308105,3.26603849977255,42.2393589913845,6643.35135868937,13120.1736169718,50.2991280481219,439.491698853672,712.035992465913,165.721122488379,0,0,0,0,0.262942999601364,2.78906053304672,5.83785501122475,0,12.1229261159897,0,0,0,0,1.42273640632629,0,4.93977710604668,0,0,0.320465624332428,0,386.655453309417,397.387184999883,16.9079878181219,59.8265992850065,0.586319997906685,418.318204015493,3493.94280336052,35.1237303763628,75.1390269696712,1011.6063349247,31.5955738723278,2565.36659608781,892.375668734312,4960.67846827209,6.16375827789307,50.2991280481219,7296.31065538526,142.203210383654,54.8892226815224,1013.80703362823,0,0.731510877609253,0.245634630322456,4.64793352037668,38.9242543131113,0.457450687885284,11.5874754935503,0,28.001216173172,0,0,0,0,0,0.962607562541962,11.3284457027912,0,0.458716407418251,0.476441591978073,1.63908603787422,36.9735323786736,4973.15511637926,2276.4841580838,481.251028522849,115.858712613583,119.711224600673,2068.84526339173,1734.9130256772,5973.29323196411,0,388.842217460275,209.813170865178,17.5590075552464,74.8779302090406,396.12508302927,439.491698853672,142.203210383654,2858.47518496215,904.003604441881,650.313353389502,1.95466065406799,2.96911832690239,6.44435596466064,12.6051682829857,8.79878574609756,9.27057236433029,63.3457466885448,158.865648448467,557.734947606921,0,10.9454763531685,0,0,0,0,83.2681537121534,0,0.408161230385303,6622.61829786003,5.89548645913601,297.188378572464,303.467904597521,41.9849562346935,236.102939292789,121.83648045361,2319.81327566504,1705.28433664143,2471.82455345988,5500.14091640711,0,36.7143194824457,25.1197817921638,11.0508283078671,58.4461127370596,21.1202090084553,712.035992465913,54.8892226815224,904.003604441881,4631.50727273524,274.372971132398,0,2.61016988754272,0,0.720714271068573,3.45525033771992,0.841534703969955,15.2310323268175,0,39.5714238882065,0,0,0,0,0,0,3.13992989063263,0.541465282440186,0,1.71746337413788,0.673222124576569,59.5719418674707,3080.29382520169,103.873657770455,366.280059739947,4.28408531844616,555.240207001567,5709.88841183484,122.69901637733,311.269941583276,2.78664153814316,32.2803651690483,3190.51792217791,59.0606867074966,468.95642618835,39.3797826766968,165.721122488379,1013.80703362823,650.313353389502,274.372971132398,4750.89822478592
