14045.6641106904,1167.98624865711,0,0,0,364.070633813739,12.066622197628,803.429435700178,0,2317.78903128207,4657.25894495845,1075.24066407979,8055.22025227547,3194.0938956514,0,0,916.871252432466,90.7886239290237,258.495703876019,13.6529922038317,784.762860938907,0,0,0,0,0,0,0,0,48.8885328471661,0,0,109.410053253174,0,0,0,0,0,0,0,1167.98624865711,44633.8534123898,261.126497402787,59.147619202733,21.2887369990349,256.417731717229,2434.19424895197,3913.62839479744,1055.01150175929,0,8135.35810367763,3614.7687330097,684.363438680768,279.740634039044,21.094858199358,119.728605255485,369.243590906262,3690.70342205465,133.147830083966,4104.98431997001,0,0,0.283689856529236,0.892105594277382,0.725243240594864,0.161359310150146,0,0,1.07481922209263,0,0,0,0,0,0.447197660803795,1.73778064548969,0,0.222146093845367,0.258478432893753,0,0,261.126497402787,12064.1161892265,597.914539404213,2547.22534240782,4.18759925663471,1065.4610375762,32.4116150736809,5276.73713672906,0,0.520281136035919,0,0,0,10474.3568373919,1473.45521494001,0.183072611689568,1461.19650384784,21.5305250287056,8.9636185914278,0,0.511182233691216,22.889395840466,5.74260620772839,254.092207998037,0,0.773381188511848,0,82.7410067468882,0,0,0,0,0,95.2618070542812,89.2614910304546,0,5.1638899743557,0.463278651237488,0,0,59.147619202733,597.914539404213,3452.51333820075,321.683857537806,57.548556663096,1826.87349850684,34.8893508762121,905.100589200854,0,1.47768907248974,0.775548577308655,0,0,906.600801840425,2563.12873053551,17.2343826144934,311.719449922442,164.447213307023,98.7592963278294,0,0,7.92354963719845,10.2905532717705,19.7082032710314,9.95064054429531,2.30825550854206,0,90.0547273829579,0,0,0,0,0,1.80640697479248,18.3094096928835,0,2.35866968333721,6.11892306804657,0.54271674156189,0,21.2887369990349,2547.22534240782,321.683857537806,3118.32480973005,1006.21603775024,134.06249859184,11.4760605096817,1628.45956712216,0,0,0,0,0,1313.82304622233,3013.40894147754,2.50373646616936,206.054288886487,45.9840369522572,9.84758058935404,0,0.962220534682274,73.6971191912889,34.5837753713131,960.679597444832,10.2021247446537,7.04904139041901,0,397.457458615303,0,0,0,0,0,195.157522469759,244.476578682661,0,15.4886716157198,14.3220614045858,0.664318323135376,364.070633813739,256.417731717229,4.18759925663471,57.548556663096,1006.21603775024,4283.25587716699,1956.78456286341,798.140192955732,1498.75546295196,1.11130154132843,14.0237190723419,306.504453778267,5.73110608756542,2282.28453666717,1.21606096625328,1272.58713917434,840.082027077675,127.733344361186,1685.80091227591,254.775730058551,0,0,0,20.0711240768433,16.749512642622,234.180366754532,7.03779000043869,0,127.164495766163,0,0,0,0,0,0,30.2951407879591,0,0,34.7847888767719,0.329967677593231,12.066622197628,2434.19424895197,1065.4610375762,1826.87349850684,134.06249859184,1956.78456286341,25240.2113080397,102.171149596572,2032.55026824027,0.16924937069416,15.5856063514948,325.746035560966,4.30044487118721,445.566622257233,153.124334603548,2468.25030944496,3854.60880147666,3430.33892004192,501.15135359019,5858.01648295671,0,0,2.01696860790253,4.47132278978825,11.1614478826523,16.1816792339087,33.3863318115473,0.514704585075378,61.1760201156139,0,0,0,0,0,1.28965258598328,14.3903539851308,0,0,13.6634988412261,0.391187265515327,803.429435700178,3913.62839479744,32.4116150736809,34.8893508762121,11.4760605096817,798.140192955732,102.171149596572,4472.37925258279,2259.45144253969,0,1625.88968940079,78.6865729093552,0.906217902898788,38.4115582406521,3.84069283306599,147.104004889727,0.449507087469101,2588.05282828212,675.710269168019,19.7300313860178,0,0,0,2.18122881650925,0,0,0.256900638341904,1.48423635959625,24.5401643812656,0,0,0,0,0,0.411488622426987,9.96510094404221,0,0,59.0344300568104,0,0,1055.01150175929,5276.73713672906,905.100589200854,1628.45956712216,1498.75546295196,2032.55026824027,2259.45144253969,8576.82323777676,0,136.14973063767,102.959766700864,0,26.0473712459207,447.61503842473,1786.75371774286,240.573928192258,5595.58276159316,3989.56407365948,361.305794551969,0,0.177958592772484,39.8599006384611,95.4426545128226,443.394780948758,58.3223008215427,46.1266046762466,6.38456150889397,769.056030295789,0,0,0,0,0,65.5605695098639,281.786078616977,0,5.40686339139938,128.862586639822,2.736179061234,2317.78903128207,0,0,0,0,1.11130154132843,0.16924937069416,0,0,383.573187440634,0.408145815134048,47.1398970931768,780.776745721698,456.919267430902,0,0,1273.98571056128,0,0,0,213.71819961071,0,0,0,0,0,0,0,0,105.618277743459,0,0,55.073105096817,0,0,0,0,0,0,0,4657.25894495845,8135.35810367763,0.520281136035919,1.47768907248974,0,14.0237190723419,15.5856063514948,1625.88968940079,136.14973063767,0.408145815134048,7364.602894485,251.916070833802,3362.67593817413,64.2178236991167,0,0.966098085045815,11.2120213657618,534.031906068325,34.1376591473818,126.111844427884,3.55925530195236,0,0,0,0,0,0,0,0,0,0,0,0,0,0,0,0,0,0,0,1075.24066407979,3614.7687330097,0,0.775548577308655,0,306.504453778267,325.746035560966,78.6865729093552,102.959766700864,47.1398970931768,251.916070833802,9766.9491520524,2100.37720912695,2717.12514873594,0,8.6145154684782,3497.94262485206,63.3909274190664,14.2178435623646,2862.87669729441,0,0,0,0,0,0,0,0,0,0,0,0,0,0,0,0,0,0,0,0,8055.22025227547,684.363438680768,0,0,0,5.73110608756542,4.30044487118721,0.906217902898788,0,780.776745721698,3362.67593817413,2100.37720912695,9345.20317134261,616.908285528421,0,0.342848896980286,1068.00658746064,0.414319694042206,0,0.587900847196579,23.7245380580425,0,0,0,0,0,0,0,0,10.2238691449165,0,0,0,0,0,0,0,0,0,0,3194.0938956514,279.740634039044,0,0,0,2282.28453666717,445.566622257233,38.4115582406521,26.0473712459207,456.919267430902,64.2178236991167,2717.12514873594,616.908285528421,8352.43032889068,0,7.34790727496147,5429.6886549592,1.56122615933418,286.214519113302,29.9816517829895,33.8267843723297,0,0,0,0,0,0,0,0,2.78207802772522,0,0,0,0,0,0,0,0,0,0,0,21.094858199358,10474.3568373919,906.600801840425,1313.82304622233,1.21606096625328,153.124334603548,3.84069283306599,447.61503842473,0,0,0,0,0,12195.8611190319,4971.44064648449,2.64278055727482,297.165939763188,15.3313906639814,7.55811168253422,0,0,9.05649637430906,4.47991293668747,133.048018991947,0,0.207313477993011,0,34.3945221155882,0,0,0,0,0,58.18332182616,50.2019667625427,0,0.8587366938591,0.302045956254005,0,0,119.728605255485,1473.45521494001,2563.12873053551,3013.40894147754,1272.58713917434,2468.25030944496,147.104004889727,1786.75371774286,0,0.966098085045815,8.6145154684782,0.342848896980286,7.34790727496147,4971.44064648449,12544.6692324877,96.9428340643644,550.538580209017,806.802528403699,191.340708777308,0,0.357256889343262,11.1548037827015,12.8359124958515,140.977296605706,11.3750499561429,6.14647045731544,0,100.789389915764,0,0,0,0,0,46.6738886237144,64.074093170464,0.161300092935562,2.65592531859875,11.8822868615389,0.669742614030838,916.871252432466,369.243590906262,0.183072611689568,17.2343826144934,2.50373646616936,840.082027077675,3854.60880147666,0.449507087469101,240.573928192258,1273.98571056128,11.2120213657618,3497.94262485206,1068.00658746064,5429.6886549592,2.64278055727482,96.9428340643644,7665.39097902179,164.107136249542,20.6544639617205,696.640605941415,2.43400323390961,0,0,0.149325981736183,0,0,0,0,0.244287356734276,0,0,0,0,0,0,0,0,0,0,0,90.7886239290237,3690.70342205465,1461.19650384784,311.719449922442,206.054288886487,127.733344361186,3430.33892004192,2588.05282828212,5595.58276159316,0,534.031906068325,63.3909274190664,0.414319694042206,1.56122615933418,297.165939763188,550.538580209017,164.107136249542,2079.34988589585,420.097560077906,1335.51163722575,0,0,11.3937118649483,6.87501505017281,23.7602617293596,1.78674966096878,1.04340727627277,0,28.7818876504898,0,0,0,0,0,12.3557332158089,19.4871404320002,0,4.02199478447437,3.04709520190954,0,258.495703876019,133.147830083966,21.5305250287056,164.447213307023,45.9840369522572,1685.80091227591,501.15135359019,675.710269168019,3989.56407365948,0,34.1376591473818,14.2178435623646,0,286.214519113302,15.3313906639814,806.802528403699,20.6544639617205,420.097560077906,2812.59820261598,114.616574920714,0,0,0.150971904397011,49.0102472007275,12.4710688963532,153.333321332932,26.783988520503,26.5642087161541,636.943361960351,0,0,0,0,0,1.51410645246506,88.8646433874965,0.414758622646332,2.23685616254807,2951.99208632112,6.13870620727539,13.6529922038317,4104.98431997001,8.9636185914278,98.7592963278294,9.84758058935404,254.775730058551,5858.01648295671,19.7300313860178,361.305794551969,0,126.111844427884,2862.87669729441,0.587900847196579,29.9816517829895,7.55811168253422,191.340708777308,696.640605941415,1335.51163722575,114.616574920714,7320.12842479348,0,0,0,1.92567297816277,0.184859082102776,1.13340663909912,0.604137182235718,0,5.58336426317692,0,0,0,0,0,0,0.690718770027161,0,0,0.345467284321785,0.294912427663803,784.762860938907,0,0,0,0,0,0,0,0,213.71819961071,3.55925530195236,0,23.7245380580425,33.8267843723297,0,0,2.43400323390961,0,0,0,22685.7848676294,744.617355942726,0,9.76273170113564,0,334.847347348928,9.37245580554008,1658.65944372118,74.063563272357,3562.51396791637,4590.07597200572,1262.4285017848,10129.3557767719,3433.35960361362,0,4.74746477603912,300.500592947006,512.391042768955,48.4188302755356,273.837916851044,0,0,0.511182233691216,0,0.962220534682274,0,0,0,0.177958592772484,0,0,0,0,0,0,0.357256889343262,0,0,0,0,744.617355942726,19922.2109459788,724.557907104492,34.6438445150852,5.23331697285175,12.3172289282084,744.57387752831,6481.62072327733,429.444540649652,0,3481.14129248261,1841.10444863141,183.818194955587,45.1347608864307,27.4160147607327,31.4948950111866,20.5471502393484,3012.32031626999,25.6894863545895,1816.82930403948,0,0.283689856529236,22.889395840466,7.92354963719845,73.6971191912889,0,2.01696860790253,0,39.8599006384611,0,0,0,0,0,9.05649637430906,11.1548037827015,0,11.3937118649483,0.150971904397011,0,0,724.557907104492,11152.6331750825,335.187058642507,2990.45451405644,3.82982668280602,1406.51445867121,181.11630012095,5285.54646672308,0,17.0419978201389,0,0,0.128246128559113,5403.92496801168,1341.62472486496,1.61735446751118,1276.54674445093,8.94063563644886,49.6699833869934,0,0.892105594277382,5.74260620772839,10.2905532717705,34.5837753713131,20.0711240768433,4.47132278978825,2.18122881650925,95.4426545128226,0,0,0,0,0,4.47991293668747,12.8359124958515,0.149325981736183,6.87501505017281,49.0102472007275,1.92567297816277,9.76273170113564,34.6438445150852,335.187058642507,2064.72047453374,151.311761423945,107.274110898376,1976.45452487469,134.36125831306,1667.38638180494,0,0,1.22060324251652,0.655630588531494,0,740.911998778582,1785.41378755122,15.4097273498774,332.753372177482,270.989630222321,440.344538539648,0,0.725243240594864,254.092207998037,19.7082032710314,960.679597444832,16.749512642622,11.1614478826523,0,443.394780948758,0,0,0,0,0,133.048018991947,140.977296605706,0,23.7602617293596,12.4710688963532,0.184859082102776,0,5.23331697285175,2990.45451405644,151.311761423945,3270.98096592724,941.295610785484,34.9080528914928,3.03653272986412,1156.94473187625,0,0,0,0,2.61111840605736,2429.2610283792,3913.08050301671,0.745408624410629,78.7895702719688,24.9157412797213,1.2693275809288,0,0.161359310150146,0,9.95064054429531,10.2021247446537,234.180366754532,16.1816792339087,0,58.3223008215427,0,0,0,0,0,0,11.3750499561429,0,1.78674966096878,153.333321332932,1.13340663909912,334.847347348928,12.3172289282084,3.82982668280602,107.274110898376,941.295610785484,7595.75474733114,2144.37987652421,748.665547505021,2078.64915256947,54.4217355847359,9.79586112499237,63.3736276626587,11.1233825236559,3762.84239800274,0.416214525699615,1335.86560408026,541.406646028161,77.720935434103,1847.37923339009,190.552560903132,0,0,0.773381188511848,2.30825550854206,7.04904139041901,7.03779000043869,33.3863318115473,0.256900638341904,46.1266046762466,0,0,0,0,0,0.207313477993011,6.14647045731544,0,1.04340727627277,26.783988520503,0.604137182235718,9.37245580554008,744.57387752831,1406.51445867121,1976.45452487469,34.9080528914928,2144.37987652421,16319.8168392852,91.1988197565079,2478.8479359597,0.154568776488304,1.15846848487854,73.9225186631083,1.35984897613525,1280.55952583253,48.7468006461859,2553.82156627625,2679.45742486417,1531.99642723799,370.016424044967,4959.17735033482,0,0,0,0,0,0,0.514704585075378,1.48423635959625,6.38456150889397,0,0,0,0,0,0,0,0,0,26.5642087161541,0,1658.65944372118,6481.62072327733,181.11630012095,134.36125831306,3.03653272986412,748.665547505021,91.1988197565079,7572.74108237028,3240.72340559959,0,3642.25298158824,270.892766624689,22.2399094849825,39.3089901357889,2.93333247303963,84.1548446565866,1.03473794460297,2677.2417408675,281.544812232256,163.991934046149,0,1.07481922209263,82.7410067468882,90.0547273829579,397.457458615303,127.164495766163,61.1760201156139,24.5401643812656,769.056030295789,0,0,0,0,0,34.3945221155882,100.789389915764,0.244287356734276,28.7818876504898,636.943361960351,5.58336426317692,74.063563272357,429.444540649652,5285.54646672308,1667.38638180494,1156.94473187625,2078.64915256947,2478.8479359597,3240.72340559959,11494.8636028096,0,58.1513464748859,135.314101800323,1.56303298473358,156.161391332746,1816.22012704611,2931.63835764676,435.904986470938,3471.74572080374,5948.16450206935,942.768688939512,48.8885328471661,0,0,0,0,0,0,0,0,105.618277743459,0,0,10.2238691449165,2.78207802772522,0,0,0,0,0,0,3562.51396791637,0,0,0,0,54.4217355847359,0.154568776488304,0,0,2516.65714752674,11.2453151494265,18.3572210967541,807.208716124296,1058.44038362801,0,0,568.923573195934,0,0,0,0,0,0,0,0,0,0,0,0,0,0,0,0,0,0,0,0,0,0,0,4590.07597200572,3481.14129248261,17.0419978201389,0,0,9.79586112499237,1.15846848487854,3642.25298158824,58.1513464748859,11.2453151494265,8383.07485708594,42.8599469214678,2042.33026656508,111.83347274363,0,0,20.1585595607758,103.028803467751,0,20.8404933214188,0,0,0,0,0,0,0,0,0,0,0,0,0,0,0,0,0,0,0,0,1262.4285017848,1841.10444863141,0,1.22060324251652,0,63.3736276626587,73.9225186631083,270.892766624689,135.314101800323,18.3572210967541,42.8599469214678,7257.21109011769,1631.83381964266,1731.78870838135,0,3.21196880936623,2456.57288989425,178.703603193164,0.350191563367844,2173.22930586338,109.410053253174,0,0,0,0,0,0,0,0,55.073105096817,0,0,0,0,0,0,0,0,0,0,10129.3557767719,183.818194955587,0,0.655630588531494,0,11.1233825236559,1.35984897613525,22.2399094849825,1.56303298473358,807.208716124296,2042.33026656508,1631.83381964266,6041.37984405458,1010.28618164361,0,0,561.256843432784,12.1027770638466,0,15.5854112505913,0,0,0,0,0,0,0,0,0,0,0,0,0,0,0,0,0,0,0,0,3433.35960361362,45.1347608864307,0.128246128559113,0,2.61111840605736,3762.84239800274,1280.55952583253,39.3089901357889,156.161391332746,1058.44038362801,111.83347274363,1731.78870838135,1010.28618164361,13572.2573646903,0,5.21635310351849,5865.32748517394,7.15577706694603,111.888646900654,86.1378546357155,0,0.447197660803795,95.2618070542812,1.80640697479248,195.157522469759,0,1.28965258598328,0.411488622426987,65.5605695098639,0,0,0,0,0,58.18332182616,46.6738886237144,0,12.3557332158089,1.51410645246506,0,0,27.4160147607327,5403.92496801168,740.911998778582,2429.2610283792,0.416214525699615,48.7468006461859,2.93333247303963,1816.22012704611,0,0,0,0,0,8204.68688373268,5721.90173977613,0,547.083940848708,1.97686302661896,6.59941792488098,0,1.73778064548969,89.2614910304546,18.3094096928835,244.476578682661,30.2951407879591,14.3903539851308,9.96510094404221,281.786078616977,0,0,0,0,0,50.2019667625427,64.074093170464,0,19.4871404320002,88.8646433874965,0.690718770027161,4.74746477603912,31.4948950111866,1341.62472486496,1785.41378755122,3913.08050301671,1335.86560408026,2553.82156627625,84.1548446565866,2931.63835764676,0,0,3.21196880936623,0,5.21635310351849,5721.90173977613,14402.2415885255,95.3330527916551,291.421999640763,566.290507517755,478.884409494698,0,0,0,0,0,0,0,0,0,0,0,0,0,0,0,0.161300092935562,0,0,0.414758622646332,0,300.500592947006,20.5471502393484,1.61735446751118,15.4097273498774,0.745408624410629,541.406646028161,2679.45742486417,1.03473794460297,435.904986470938,568.923573195934,20.1585595607758,2456.57288989425,561.256843432784,5865.32748517394,0,95.3330527916551,3994.67115402222,27.8930685669184,19.4383153319359,688.268358074129,0,0.222146093845367,5.1638899743557,2.35866968333721,15.4886716157198,0,0,0,5.40686339139938,0,0,0,0,0,0.8587366938591,2.65592531859875,0,4.02199478447437,2.23685616254807,0,512.391042768955,3012.32031626999,1276.54674445093,332.753372177482,78.7895702719688,77.720935434103,1531.99642723799,2677.2417408675,3471.74572080374,0,103.028803467751,178.703603193164,12.1027770638466,7.15577706694603,547.083940848708,291.421999640763,27.8930685669184,1429.54776333272,643.116883039474,1140.35127105564,0,0.258478432893753,0.463278651237488,6.11892306804657,14.3220614045858,34.7847888767719,13.6634988412261,59.0344300568104,128.862586639822,0,0,0,0,0,0.302045956254005,11.8822868615389,0,3.04709520190954,2951.99208632112,0.345467284321785,48.4188302755356,25.6894863545895,8.94063563644886,270.989630222321,24.9157412797213,1847.37923339009,370.016424044967,281.544812232256,5948.16450206935,0,0,0.350191563367844,0,111.888646900654,1.97686302661896,566.290507517755,19.4383153319359,643.116883039474,4253.31098018587,249.760550402105,0,0,0,0.54271674156189,0.664318323135376,0.329967677593231,0.391187265515327,0,2.736179061234,0,0,0,0,0,0,0.669742614030838,0,0,6.13870620727539,0.294912427663803,273.837916851044,1816.82930403948,49.6699833869934,440.344538539648,1.2693275809288,190.552560903132,4959.17735033482,163.991934046149,942.768688939512,0,20.8404933214188,2173.22930586338,15.5854112505913,86.1378546357155,6.59941792488098,478.884409494698,688.268358074129,1140.35127105564,249.760550402105,5628.65712349117
