10816.1623114794,1062.2073495239,0,0,0.860365569591522,589.869805604219,19.0342266112566,940.469123393297,12.4910093545914,2287.53819033504,3504.53674894571,597.454477146268,8207.11049501598,2735.54845322669,0,7.14087954908609,1007.96905840933,7.19845548272133,385.1625649333,12.5629807263613,2112.12421578169,0,0,0.146647766232491,0,9.24261301755905,0.603792548179626,26.5573228299618,0,938.085187882185,0.860331267118454,0,0,29.7910093814135,0,0,0,0,1.09726011753082,0,1062.2073495239,31373.0327440053,311.910164877772,118.403952784836,79.0639205574989,568.550969868898,1669.00330156088,5882.91692621261,2465.85724972188,0.515742182731628,6848.14980047196,1028.74691233039,799.064496979117,678.364538997412,9.71375724673271,694.490880295634,722.771369844675,3985.36315941811,194.355278506875,2486.61110954732,0,0,2.40287393331528,30.5168703123927,10.170309998095,139.840699896216,36.5260666310787,0,49.9073696881533,0,0,0,0,7.34825040400028,2.50038653612137,63.7242853268981,0,0,74.2733820080757,6.31884101033211,0,311.910164877772,11686.6414782405,364.327305153012,2812.56786573678,3.45182117819786,1568.32560266554,316.320725798607,6883.80949555337,0,56.1824453175068,1.90470117330551,0,0,8065.6621542573,2710.95279163867,8.49749997258186,2147.11838483065,99.2552051544189,22.9783829599619,0,0,407.833543881774,5.06402361392975,241.444568812847,0,1.63493132591248,0,224.256254851818,0,0,0,0,0,75.0018725544214,163.196714729071,0,3.12482658028603,6.5595985352993,1.16633287072182,0,118.403952784836,364.327305153012,2341.74130484462,363.662293627858,35.6969684660435,3398.27620515227,88.4423266500235,971.211585268378,0,1.71847249567509,5.31764544546604,0,1.7088613063097,1552.46558085084,2568.82908786833,40.3481421917677,302.48827021569,236.734026834369,93.3035550042987,0,0.563603579998016,20.2053908109665,56.2007150650024,135.611244052649,13.1259136870503,14.405911102891,0.609182834625244,101.648169085383,0,0,0.392221748828888,0,0,27.0994540303946,71.3271488249302,0,4.59363623708487,39.5627995729446,4.04636058211327,0.860365569591522,79.0639205574989,2812.56786573678,363.662293627858,2584.36844093353,1153.43080961704,502.686711125076,108.85869064182,2199.17637180537,0,2.7996556609869,8.46123084425926,0,2.52533504366875,2589.06409655511,4480.37603960186,23.8382070213556,246.945140063763,316.333923071623,49.6200647354126,0,2.83857229351997,258.085937380791,139.865212075412,1506.99037799239,201.468570128083,46.6476554274559,7.18593862652779,172.356247663498,0,0,0,0,0,247.405056640506,401.409246861935,0.194987446069717,19.3368794173002,31.6023736000061,5.30654643476009,589.869805604219,568.550969868898,3.45182117819786,35.6969684660435,1153.43080961704,3231.95758639276,1938.67284507304,642.180208012462,252.366386607289,8.29335460066795,76.3090631514788,257.804154612124,44.2972913533449,3516.09507712722,6.29670266807079,1213.64610371739,326.245736084878,56.4587672650814,252.595298230648,302.615439534187,0.399968326091766,0,2.66900770366192,66.2553148269653,156.009423330426,1279.28704588115,84.3517707362771,3.42638355493546,94.3366443663836,0,0,0,0,128.863267496228,7.61978733539581,281.621565952897,0,1.78673920035362,134.140704512596,5.75633512437344,19.0342266112566,1669.00330156088,1568.32560266554,3398.27620515227,502.686711125076,1938.67284507304,9924.40452593565,222.374598696828,2648.78728736192,3.40031090378761,89.1787161678076,391.098088949919,26.8159074932337,1725.37105678022,218.51248459518,3311.98172771186,2004.98738604039,2013.09528181702,381.497883930802,3570.89673342556,0,0,6.34088155627251,66.3382112979889,125.152440033853,262.017782405019,634.860101357102,2.51606822013855,120.550306074321,1.98300337791443,0,0,0,84.0814391970634,12.4480816945434,365.838642448187,0,1.76745738089085,169.7341478616,2.36710032820702,940.469123393297,5882.91692621261,316.320725798607,88.4423266500235,108.85869064182,642.180208012462,222.374598696828,4714.04315595329,3130.81747169793,0,2981.81878864765,37.5659912228584,44.6739462763071,58.4831300675869,14.7047383338213,254.540306031704,24.6869824975729,1240.08127635717,1291.56978100538,41.2083179950714,5.63489758968353,0.629470348358154,4.99622163176537,39.1095511615276,29.3375921398401,86.2320694327354,25.8379809260368,30.3849469125271,56.5129461586475,0,0,0,0,0.143545746803284,2.66510564088821,18.3921581506729,0,0,131.453796938062,0,12.4910093545914,2465.85724972188,6883.80949555337,971.211585268378,2199.17637180537,252.366386607289,2648.78728736192,3130.81747169793,10618.3496860489,0.972502887248993,370.3856523633,74.4170857816935,3.82774457335472,228.170627683401,516.018751621246,2543.69889260083,196.048672646284,4816.49658767134,4563.71464284509,291.352591261268,0,1.00909405946732,264.047036230564,159.182928107679,597.648975998163,56.0207535028458,47.3948507010937,10.8845941722393,670.36785158515,0,0.154352948069572,0,0,1.28556686639786,98.4013392999768,321.97898517549,0,16.1880742460489,277.952766746283,5.79583056271076,2287.53819033504,0.515742182731628,0,0,0,8.29335460066795,3.40031090378761,0,0.972502887248993,1236.92912524939,2.57683882117271,42.1709311902523,580.007466360927,2086.95293161273,0,0,896.529728204012,0,0,0,147.615810066462,0,0,0,0,0,0,0,0,1041.02304917574,0,0,0,78.730120331049,0,0,0,0,0,0,3504.53674894571,6848.14980047196,56.1824453175068,1.71847249567509,2.7996556609869,76.3090631514788,89.1787161678076,2981.81878864765,370.3856523633,2.57683882117271,5522.08908925951,39.8315615803003,1844.1384742856,246.797044694424,0,50.9087738543749,56.3710780888796,392.553248777986,46.6742130964994,47.1887567937374,10.319233328104,0,0.396641045808792,1.12871268391609,0,7.9327449798584,4.37631952762604,0,0.321143507957458,2.83650076389313,0,0,0,0.806896328926086,0,4.79899644851685,0,0,2.85920388996601,0.154715269804001,597.454477146268,1028.74691233039,1.90470117330551,5.31764544546604,8.46123084425926,257.804154612124,391.098088949919,37.5659912228584,74.4170857816935,42.1709311902523,39.8315615803003,4534.21247138083,739.131850212812,1070.81839944422,0,154.282596126199,1934.37577786297,57.0324517935514,6.3487243950367,1789.29282093793,0,0,0.163188293576241,3.95046149194241,0.561157166957855,65.8591402322054,10.4825986325741,0,0.857098162174225,24.1861635148525,0,0,0,9.66805480420589,0,10.9064510017633,0,0,11.1920534670353,0.534810543060303,8207.11049501598,799.064496979117,0,0,0,44.2972913533449,26.8159074932337,44.6739462763071,3.82774457335472,580.007466360927,1844.1384742856,739.131850212812,2585.72949571908,1090.05776213109,0,7.45466454327106,487.382575705647,2.56917567551136,22.2855503857136,35.8806960880756,276.061370626092,0.267230421304703,0,0.11296496540308,0,3.75928628444672,1.22007811069489,0,0,327.717424914241,0,0,0.659325122833252,11.0270694345236,0,3.52404882013798,0,0,0.576752364635468,0.153705567121506,2735.54845322669,678.364538997412,0,1.7088613063097,2.52533504366875,3516.09507712722,1725.37105678022,58.4831300675869,228.170627683401,2086.95293161273,246.797044694424,1070.81839944422,1090.05776213109,9242.79957757145,0,184.654994212091,4563.63284558058,27.8686086237431,9.32193666696548,188.60563069582,47.6041195988655,0,1.64331710338593,0,0,237.021400094032,76.7882853150368,0,0.25939479470253,421.524893775582,0,0,0,1174.43312472105,0,33.8546111881733,0,0,15.4005436748266,0,0,9.71375724673271,8065.6621542573,1552.46558085084,2589.06409655511,6.29670266807079,218.51248459518,14.7047383338213,516.018751621246,0,0,0,0,0,9303.76644697785,6499.00259127468,15.0677382200956,207.980335563421,20.9731062203646,9.9527462720871,0,0,96.2263696193695,5.42141343653202,223.447053879499,1.81033308804035,2.20013946294785,0,33.7803422510624,0,0,0,0,0,47.2926651388407,159.457396388054,0,1.87680324912071,1.42000623047352,0,7.14087954908609,694.490880295634,2710.95279163867,2568.82908786833,4480.37603960186,1213.64610371739,3311.98172771186,254.540306031704,2543.69889260083,0,50.9087738543749,154.282596126199,7.45466454327106,184.654994212091,6499.00259127468,13577.915999338,388.607920348644,630.016998022795,428.279434002936,473.811253152788,0,3.17349751293659,309.756762169302,344.714556716383,1283.75672551244,254.868799731135,356.038292318583,17.3627268970013,388.559063285589,0,0.964768618345261,1.16411763429642,0,0.985054641962051,359.761480376124,2055.11821304262,0.65640264749527,36.1678608059883,224.588859349489,26.7712414264679,1007.96905840933,722.771369844675,8.49749997258186,40.3481421917677,23.8382070213556,326.245736084878,2004.98738604039,24.6869824975729,196.048672646284,896.529728204012,56.3710780888796,1934.37577786297,487.382575705647,4563.63284558058,15.0677382200956,388.607920348644,5836.6806358546,206.127004235983,26.0126714706421,523.37373867631,93.2176307886839,0,0.931394517421722,9.31127163767815,3.31034937500954,53.7367033362389,7.58411605656147,0,14.2406504303217,191.931776374578,0,0,0,116.797773092985,0.952429234981537,28.1099285110831,0,0,14.0980485528708,0.159587174654007,7.19845548272133,3985.36315941811,2147.11838483065,302.48827021569,246.945140063763,56.4587672650814,2013.09528181702,1240.08127635717,4816.49658767134,0,392.553248777986,57.0324517935514,2.56917567551136,27.8686086237431,207.980335563421,630.016998022795,206.127004235983,1491.77349917591,108.715957388282,447.17584002018,0,0.559477925300598,22.9856623783708,26.1384879648685,23.8634176403284,7.88012681901455,5.71608455479145,0.200631111860275,33.594421595335,0,0,0,0,0.747877866029739,22.4400073885918,53.6178669109941,0,2.38560293614864,20.8849249780178,1.47550646960735,385.1625649333,194.355278506875,99.2552051544189,236.734026834369,316.333923071623,252.595298230648,381.497883930802,1291.56978100538,4563.71464284509,0,46.6742130964994,6.3487243950367,22.2855503857136,9.32193666696548,20.9731062203646,428.279434002936,26.0126714706421,108.715957388282,2293.64669756591,49.869568452239,2.43917393684387,2.80206409096718,278.787003844976,140.907546743751,126.887506559491,188.67085519433,35.1006973683834,283.928682774305,696.587964490056,0,0,0.254349917173386,0,5.14961326122284,10.4695302844048,60.3481194227934,0.823381066322327,40.2949759960175,3021.32466591895,2.53669340908527,12.5629807263613,2486.61110954732,22.9783829599619,93.3035550042987,49.6200647354126,302.615439534187,3570.89673342556,41.2083179950714,291.352591261268,0,47.1887567937374,1789.29282093793,35.8806960880756,188.60563069582,9.9527462720871,473.811253152788,523.37373867631,447.17584002018,49.869568452239,3596.27983640134,0,0,1.57791867852211,4.8595752120018,12.2638089209795,91.9158179610968,4.77727445960045,0,13.9383658617735,0,0,0,0,4.45167131721973,0,42.4766381531954,0,0,30.9893034249544,0.790024429559708,2112.12421578169,0,0,0,0,0.399968326091766,0,5.63489758968353,0,147.615810066462,10.319233328104,0,276.061370626092,47.6041195988655,0,0,93.2176307886839,0,2.43917393684387,0,14892.7713241428,859.745051592588,2.38971829414368,6.64433315396309,0,650.622859850526,474.102241590619,1677.66743759811,33.768975481391,3401.44596993923,3559.53230339289,1437.3104172051,7458.46523265541,4471.48559063673,0,131.516997158527,743.710380479693,122.632014483213,6.77899651229382,208.505807459354,0,0,0,0.563603579998016,2.83857229351997,0,0,0.629470348358154,1.00909405946732,0,0,0,0.267230421304703,0,0,3.17349751293659,0,0.559477925300598,2.80206409096718,0,859.745051592588,38082.2469978034,116.229763835669,97.4801832437515,5.35732188820839,283.158048272133,934.807163313031,7431.71145197749,853.23519769311,1.36049851775169,4039.50609406829,2218.58244971931,869.019135832787,349.081813305616,17.9496354609728,147.783237084746,530.804621487856,3516.48216038942,123.258954964578,2936.92365430295,0,2.40287393331528,407.833543881774,20.2053908109665,258.085937380791,2.66900770366192,6.34088155627251,4.99622163176537,264.047036230564,0,0.396641045808792,0.163188293576241,0,1.64331710338593,96.2263696193695,309.756762169302,0.931394517421722,22.9856623783708,278.787003844976,1.57791867852211,2.38971829414368,116.229763835669,11297.7242572382,507.265543833375,2277.92082114518,23.1572064161301,2107.56663754582,157.528761357069,7497.06501854211,0,1.8111512362957,0.637052118778229,0,1.7143212556839,10158.4320543334,2216.83107194304,4.44272390007973,2167.63563446701,140.008423119783,215.334822788835,0.146647766232491,30.5168703123927,5.06402361392975,56.2007150650024,139.865212075412,66.2553148269653,66.3382112979889,39.1095511615276,159.182928107679,0,1.12871268391609,3.95046149194241,0.11296496540308,0,5.42141343653202,344.714556716383,9.31127163767815,26.1384879648685,140.907546743751,4.8595752120018,6.64433315396309,97.4801832437515,507.265543833375,2829.87806394696,401.381182290614,299.917348854244,2628.52829753608,143.699386075139,1712.79511652142,0,3.60031095147133,3.62717328965664,1.56614220142365,6.59314832091331,2068.97081308067,2034.73401755095,7.05862745642662,328.223418720067,456.842235893011,367.300322622061,0,10.170309998095,241.444568812847,135.611244052649,1506.99037799239,156.009423330426,125.152440033853,29.3375921398401,597.648975998163,0,0,0.561157166957855,0,0,223.447053879499,1283.75672551244,3.31034937500954,23.8634176403284,126.887506559491,12.2638089209795,0,5.35732188820839,2277.92082114518,401.381182290614,2867.12984703481,998.889293968678,138.89725586772,1.28715136647224,2046.76118354499,0,0,1.04089653491974,0.335039973258972,2.24201095104218,1235.57305423915,5677.40193845332,0.472989916801453,73.4344782084227,74.5225933492184,30.7191966176033,9.24261301755905,139.840699896216,0,13.1259136870503,201.468570128083,1279.28704588115,262.017782405019,86.2320694327354,56.0207535028458,0,7.9327449798584,65.8591402322054,3.75928628444672,237.021400094032,1.81033308804035,254.868799731135,53.7367033362389,7.88012681901455,188.67085519433,91.9158179610968,650.622859850526,283.158048272133,23.1572064161301,299.917348854244,998.889293968678,2222.50338846445,1942.06802798063,1435.9200605154,1282.60138005763,34.4951237738132,53.6517357826233,202.553283929825,68.8854969218373,2504.60826843977,12.881839081645,2160.29095369577,285.620871901512,123.820244938135,1204.59570206702,695.613794773817,0.603792548179626,36.5260666310787,1.63493132591248,14.405911102891,46.6476554274559,84.3517707362771,634.860101357102,25.8379809260368,47.3948507010937,0,4.37631952762604,10.4825986325741,1.22007811069489,76.7882853150368,2.20013946294785,356.038292318583,7.58411605656147,5.71608455479145,35.1006973683834,4.77727445960045,474.102241590619,934.807163313031,2107.56663754582,2628.52829753608,138.89725586772,1942.06802798063,11036.3761154711,166.054575696588,1579.87760863453,1.43371507525444,34.1075049042702,341.826058939099,60.7554501667619,1668.68842041492,341.275087378919,2943.29925642163,1790.58541978896,1601.37336161733,578.450733751059,4006.22884879261,26.5573228299618,0,0,0.609182834625244,7.18593862652779,3.42638355493546,2.51606822013855,30.3849469125271,10.8845941722393,0,0,0,0,0,0,17.3627268970013,0,0.200631111860275,283.928682774305,0,1677.66743759811,7431.71145197749,157.528761357069,143.699386075139,1.28715136647224,1435.9200605154,166.054575696588,6432.77183964849,2933.41020050645,0,4479.45064722002,76.6478520333767,106.49128484726,631.02910733223,23.057283192873,146.972989797592,14.6603272110224,1433.78445193172,1799.71744582057,102.408096432686,0,49.9073696881533,224.256254851818,101.648169085383,172.356247663498,94.3366443663836,120.550306074321,56.5129461586475,670.36785158515,0,0.321143507957458,0.857098162174225,0,0.25939479470253,33.7803422510624,388.559063285589,14.2406504303217,33.594421595335,696.587964490056,13.9383658617735,33.768975481391,853.23519769311,7497.06501854211,1712.79511652142,2046.76118354499,1282.60138005763,1579.87760863453,2933.41020050645,9333.1643666029,0,47.8716182112694,8.59162075817585,3.74237108230591,50.7391207814217,1439.90725460649,2530.08453769982,56.5110752880573,5707.32062701881,3605.95518749207,540.892135024071,938.085187882185,0,0,0,0,0,1.98300337791443,0,0,1041.02304917574,2.83650076389313,24.1861635148525,327.717424914241,421.524893775582,0,0,191.931776374578,0,0,0,3401.44596993923,1.36049851775169,0,0,0,34.4951237738132,1.43371507525444,0,0,712.441504597664,11.8044525533915,272.989986211061,668.065226525068,1381.92721049488,0,2.13412147760391,592.707942336798,0,0,0,0.860331267118454,0,0,0,0,0,0,0,0.154352948069572,0,0,0,0,0,0,0.964768618345261,0,0,0,0,3559.53230339289,4039.50609406829,1.8111512362957,3.60031095147133,0,53.6517357826233,34.1075049042702,4479.45064722002,47.8716182112694,11.8044525533915,6838.51661753654,173.155934333801,3952.73911207914,176.714802727103,0.256162047386169,11.1365378946066,47.1658224016428,240.80490629375,7.39857193827629,50.1164589524269,0,0,0,0.392221748828888,0,0,0,0,0,0,0,0,0,0,0,1.16411763429642,0,0,0.254349917173386,0,1437.3104172051,2218.58244971931,0.637052118778229,3.62717328965664,1.04089653491974,202.553283929825,341.826058939099,76.6478520333767,8.59162075817585,272.989986211061,173.155934333801,6908.13224677742,1257.82725834846,1607.3255558461,0.280250787734985,60.2375574409962,2918.08030667901,196.778476983309,1.79781767725945,3381.77198306471,0,0,0,0,0,0,0,0,0,0,0,0,0.659325122833252,0,0,0,0,0,0,0,7458.46523265541,869.019135832787,0,1.56614220142365,0.335039973258972,68.8854969218373,60.7554501667619,106.49128484726,3.74237108230591,668.065226525068,3952.73911207914,1257.82725834846,7000.44431579113,1170.13812354952,0,25.0436391755939,496.476212888956,19.6956817060709,0.524241864681244,60.3648221939802,29.7910093814135,7.34825040400028,0,0,0,128.863267496228,84.0814391970634,0.143545746803284,1.28556686639786,78.730120331049,0.806896328926086,9.66805480420589,11.0270694345236,1174.43312472105,0,0.985054641962051,116.797773092985,0.747877866029739,5.14961326122284,4.45167131721973,4471.48559063673,349.081813305616,1.7143212556839,6.59314832091331,2.24201095104218,2504.60826843977,1668.68842041492,631.02910733223,50.7391207814217,1381.92721049488,176.714802727103,1607.3255558461,1170.13812354952,7809.95866236091,0,370.838955178857,3727.59588575363,68.4504900276661,23.4756051748991,469.972065418959,0,2.50038653612137,75.0018725544214,27.0994540303946,247.405056640506,7.61978733539581,12.4480816945434,2.66510564088821,98.4013392999768,0,0,0,0,0,47.2926651388407,359.761480376124,0.952429234981537,22.4400073885918,10.4695302844048,0,0,17.9496354609728,10158.4320543334,2068.97081308067,1235.57305423915,12.881839081645,341.275087378919,23.057283192873,1439.90725460649,0,0.256162047386169,0.280250787734985,0,0,12082.1272694767,5757.91643402725,1.45211696624756,224.293018013239,84.0487277060747,46.3258638679981,0,63.7242853268981,163.196714729071,71.3271488249302,401.409246861935,281.621565952897,365.838642448187,18.3921581506729,321.97898517549,0,4.79899644851685,10.9064510017633,3.52404882013798,33.8546111881733,159.457396388054,2055.11821304262,28.1099285110831,53.6178669109941,60.3481194227934,42.4766381531954,131.516997158527,147.783237084746,2216.83107194304,2034.73401755095,5677.40193845332,2160.29095369577,2943.29925642163,146.972989797592,2530.08453769982,2.13412147760391,11.1365378946066,60.2375574409962,25.0436391755939,370.838955178857,5757.91643402725,11290.0820308328,132.990856878459,571.865700379014,998.259770669043,522.190859407187,0,0,0,0,0.194987446069717,0,0,0,0,0,0,0,0,0,0,0.65640264749527,0,0,0.823381066322327,0,743.710380479693,530.804621487856,4.44272390007973,7.05862745642662,0.472989916801453,285.620871901512,1790.58541978896,14.6603272110224,56.5110752880573,592.707942336798,47.1658224016428,2918.08030667901,496.476212888956,3727.59588575363,1.45211696624756,132.990856878459,4964.52709616721,145.266074955463,8.03220608830452,1191.26742774993,0,0,3.12482658028603,4.59363623708487,19.3368794173002,1.78673920035362,1.76745738089085,0,16.1880742460489,0,0,0,0,0,1.87680324912071,36.1678608059883,0,2.38560293614864,40.2949759960175,0,122.632014483213,3516.48216038942,2167.63563446701,328.223418720067,73.4344782084227,123.820244938135,1601.37336161733,1433.78445193172,5707.32062701881,0,240.80490629375,196.778476983309,19.6956817060709,68.4504900276661,224.293018013239,571.865700379014,145.266074955463,2048.2536586225,486.833179801702,1107.54592482746,1.09726011753082,74.2733820080757,6.5595985352993,39.5627995729446,31.6023736000061,134.140704512596,169.7341478616,131.453796938062,277.952766746283,0,2.85920388996601,11.1920534670353,0.576752364635468,15.4005436748266,1.42000623047352,224.588859349489,14.0980485528708,20.8849249780178,3021.32466591895,30.9893034249544,6.77899651229382,123.258954964578,140.008423119783,456.842235893011,74.5225933492184,1204.59570206702,578.450733751059,1799.71744582057,3605.95518749207,0,7.39857193827629,1.79781767725945,0.524241864681244,23.4756051748991,84.0487277060747,998.259770669043,8.03220608830452,486.833179801702,1087.82864895463,275.394002303481,0,6.31884101033211,1.16633287072182,4.04636058211327,5.30654643476009,5.75633512437344,2.36710032820702,0,5.79583056271076,0,0.154715269804001,0.534810543060303,0.153705567121506,0,0,26.7712414264679,0.159587174654007,1.47550646960735,2.53669340908527,0.790024429559708,208.505807459354,2936.92365430295,215.334822788835,367.300322622061,30.7191966176033,695.613794773817,4006.22884879261,102.408096432686,540.892135024071,0,50.1164589524269,3381.77198306471,60.3648221939802,469.972065418959,46.3258638679981,522.190859407187,1191.26742774993,1107.54592482746,275.394002303481,6226.74007466435
