9789.97433626652,484.88520462811,0,5.3871111869812,0.163944453001022,771.724153771996,183.764843285084,402.04444783926,18.1984449028969,2427.42061217129,3394.81937681139,1572.2689872086,9742.27744998038,2711.44804063439,0,18.8242526054382,648.228792786598,33.5106987208128,10.7754684686661,95.4922254234552,2026.46402135491,0,0,0,0,0,7.59249371290207,0,0,444.083337530494,1.0052844285965,0,5.78238046169281,0,0,0.172393903136253,0,0,0,2.22770404815674,484.88520462811,38953.5523088574,886.533961005509,237.868093572557,18.6725525707006,578.775494724512,3884.73133322597,2264.08652342856,1666.62798248231,1.58228282630444,7942.49910031259,2530.11604247987,1977.49808759987,910.604246452451,62.6278099268675,371.98694498837,706.351171202958,4225.95467796922,303.090050369501,3550.73363934457,0,1.22629640996456,2.93439926207066,12.5781929939985,4.46043249964714,5.29464012384415,16.3715869635344,0.966701865196228,12.0833799540997,0.462185651063919,1.03941380977631,0,0,1.05817341804504,1.20899096131325,29.8734764605761,0,2.10262198746204,5.60429994761944,2.42734260857105,0,886.533961005509,16776.7830506414,1610.62535327673,1978.76191529632,9.25381317734718,680.230281040072,94.4003155678511,6662.00129488111,0,5.57954433560371,2.87000131607056,0,1.69173768162727,7018.85914584994,2370.55184622109,0.434358417987823,2975.6348939836,17.9038092494011,22.1614044159651,0,8.12451903522015,95.2070380598307,36.8116131424904,105.810559868813,2.29829120635986,28.8423251360655,2.96813099086285,244.971651345491,0,0.733007311820984,0.495912104845047,0,1.6560520529747,14.9996503740549,98.8922548219562,0.642582908272743,22.2476145923138,8.72123846411705,1.21196596324444,5.3871111869812,237.868093572557,1610.62535327673,5439.08470698446,56.8310377299786,81.2303315103054,2941.17917517573,154.887747496367,805.112510174513,0,8.32975479960442,17.7604489922523,3.80034722387791,7.37378743290901,885.755685701966,1879.02376113832,41.0768075436354,313.818817347288,192.587321206927,153.095921903849,1.00006391108036,2.64713558554649,16.9113338887691,35.4434618800879,10.2228175997734,66.5175468921661,102.065769635141,6.77053053677082,48.1613418385386,0,0.513050615787506,1.74970017373562,0,1.75854857265949,0.416699647903442,121.699051335454,7.27232092618942,8.67478711903095,29.6313470602036,7.69412419945002,0.163944453001022,18.6725525707006,1978.76191529632,56.8310377299786,3049.2096106112,1614.77341036499,115.802669465542,6.02606904506683,2315.00355684757,0,0,0.638589754700661,0.297603070735931,6.05501562356949,568.459392532706,3178.05537171662,4.08545462787151,318.585708171129,19.0014661699533,5.46159252524376,0.229379713535309,9.66764439642429,154.294237196445,75.6726030632854,339.470501750708,15.7332740724087,51.5262363106012,6.18520180881023,453.024028360844,0,0,0.848292887210846,0.616759479045868,1.23671805858612,46.9148225784302,413.047063261271,7.57815480232239,30.6422190070152,12.5716141611338,3.65224741399288,771.724153771996,578.775494724512,9.25381317734718,81.2303315103054,1614.77341036499,4485.84011146426,3689.42474264652,742.017393171787,567.209411203861,0.572534024715424,138.424101047218,264.037824392319,55.1794308871031,2222.65353669971,0.961462363600731,1752.79011067003,655.911169998348,70.2334660813212,549.130515314639,512.604379437864,0.282414674758911,1.78434319794178,0.237408772110939,1.26290811598301,0,37.2005206346512,35.1425414085388,2.69064885377884,4.60538730025291,0,0,0,1.06638634204865,0.152587026357651,0.209385111927986,49.3589526861906,0,0.332899898290634,6.71819105744362,5.05401182174683,183.764843285084,3884.73133322597,680.230281040072,2941.17917517573,115.802669465542,3689.42474264652,14929.2552780733,231.335144430399,1661.69005231559,0,98.2887407690287,312.745478443801,50.8673158586025,1394.230413571,147.394390553236,2332.11432588845,4736.07991761714,1517.98936256766,1178.1184168905,4037.73158818483,0.340596258640289,2.35617133975029,6.36233848333359,14.6597936451435,6.93275831639767,70.1192799061537,125.556842274964,9.1253138333559,20.5086674839258,0,0,1.20059788227081,0,4.08321803808212,0.656057432293892,86.4338062182069,0.892205417156219,3.4745456725359,21.440757676959,18.5305756926537,402.04444783926,2264.08652342856,94.4003155678511,154.887747496367,6.02606904506683,742.017393171787,231.335144430399,2379.39087745547,3165.82629099488,0,3321.7928301394,32.4770512729883,13.3141877800226,43.4794718176126,0,245.896073713899,30.1896165907383,949.367089882493,770.060987740755,44.3778490424156,78.3295867145061,0,1.1644321680069,0.98947685956955,3.3213936239481,168.838074043393,19.4776089340448,491.213937997818,5.35103595256805,0,0,0,0,1.73033201694489,0,24.7566215544939,0,0.564852476119995,61.8789553642273,5.8947229385376,18.1984449028969,1666.62798248231,6662.00129488111,805.112510174513,2315.00355684757,567.209411203861,1661.69005231559,3165.82629099488,8001.90801616758,0,126.471275299788,49.780400082469,31.2355135828257,28.2726314067841,444.835441537201,1871.95736853778,91.9421780258417,5978.24214275926,4554.86006239802,197.381954088807,15.8762845396996,16.6429933682084,106.727194070816,77.7167035192251,483.54564422369,261.96048989892,472.326542213559,61.9647769331932,1448.13183974475,0,1.54878795146942,6.89256586134434,0.350359365344048,23.1215438172221,16.0108430087566,522.042713567615,11.6854058504105,15.4312413483858,168.959603205323,59.8902911022305,2427.42061217129,1.58228282630444,0,0,0,0.572534024715424,0,0,0,845.650592029095,19.7105586081743,94.3656828999519,1831.76173293591,476.62280485034,0,0,990.776404708624,0.244373887777328,0,0.961220145225525,248.453146830201,0,0,0,0,0,0,0,0,401.769014209509,0,0,3.28272944688797,0,0,0,0,0,0,0,3394.81937681139,7942.49910031259,5.57954433560371,8.32975479960442,0,138.424101047218,98.2887407690287,3321.7928301394,126.471275299788,19.7105586081743,9279.15379950404,590.736270062625,3165.51381208003,267.65385235101,0,35.9159281030297,73.730128005147,640.065590009093,42.7020878493786,92.156309813261,24.6717396974564,0,0,0,0.250434428453445,0,0.63372714817524,0,0,5.93806220591068,0,0,0,0,0,2.86016763746738,0,0,0.555220127105713,0,1572.2689872086,2530.11604247987,2.87000131607056,17.7604489922523,0.638589754700661,264.037824392319,312.745478443801,32.4770512729883,49.780400082469,94.3656828999519,590.736270062625,8298.02212370187,1045.98646055162,2047.80866465718,1.25516533851624,29.8939450308681,2267.350017488,110.277214094996,14.6086626052856,2024.51855584979,2.78234136104584,0,0,0.428943604230881,0,0,0,0,0.256964266300201,5.65031333267689,0,0,0,0.677201271057129,0,2.13369707018137,0,0,0,0,9742.27744998038,1977.49808759987,0,3.80034722387791,0.297603070735931,55.1794308871031,50.8673158586025,13.3141877800226,31.2355135828257,1831.76173293591,3165.51381208003,1045.98646055162,9059.04118065536,769.835126504302,0,18.4654749333858,750.611343830824,65.5183662772179,9.42809456586838,97.1534542143345,447.297875910997,0,0,0,0,0,0.191767007112503,0,0,337.124492749572,0,0,0,0,0,0,0,0,0,0,2711.44804063439,910.604246452451,1.69173768162727,7.37378743290901,6.05501562356949,2222.65353669971,1394.230413571,43.4794718176126,28.2726314067841,476.62280485034,267.65385235101,2047.80866465718,769.835126504302,9486.57653428614,0,39.3185514062643,5552.4646024853,45.567406386137,138.082880482078,221.758548945189,24.0030288696289,0,0,0,0,0,1.58798813819885,0,0,26.8643039613962,0,0,0,16.9385616183281,0,0.704723507165909,0,0,0,0,0,62.6278099268675,7018.85914584994,885.755685701966,568.459392532706,0.961462363600731,147.394390553236,0,444.835441537201,0,0,1.25516533851624,0,0,7615.61527875066,5861.73377560824,0.256615489721298,252.85150437057,0.772768780589104,8.19800409674644,0,4.9124212116003,40.3375810980797,25.6560952812433,28.1905092149973,0,10.6929933726788,1.71323153376579,75.3465348631144,0,0,0.394931346178055,0,0.147255688905716,4.07414636015892,42.5112682208419,0.210380733013153,10.5195390433073,2.60273860394955,0.954662099480629,18.8242526054382,371.98694498837,2370.55184622109,1879.02376113832,3178.05537171662,1752.79011067003,2332.11432588845,245.896073713899,1871.95736853778,0,35.9159281030297,29.8939450308681,18.4654749333858,39.3185514062643,5861.73377560824,11868.4257134199,67.7577436342835,422.553967535496,623.939625732601,96.0314951837063,2.39291202276945,49.2701139226556,303.087961226702,223.517513617873,308.220848299563,152.718701213598,251.370513558388,29.2109254449606,385.044818237424,0,1.77099674195051,5.18285875767469,0,17.1876080334187,65.1954642608762,917.83913782984,13.007823958993,107.291861981153,47.9086406156421,44.7912029027939,648.228792786598,706.351171202958,0.434358417987823,41.0768075436354,4.08545462787151,655.911169998348,4736.07991761714,30.1896165907383,91.9421780258417,990.776404708624,73.730128005147,2267.350017488,750.611343830824,5552.4646024853,0.256615489721298,67.7577436342835,1775.43316614628,84.2915895730257,52.1389206945896,526.760128647089,5.80805832147598,0.501736164093018,0,0.238984420895576,0,3.16437929868698,1.85034501552582,0,0,69.4674464464188,0,0,0,5.48379382491112,0,0,0,0,0.282787919044495,0,33.5106987208128,4225.95467796922,2975.6348939836,313.818817347288,318.585708171129,70.2334660813212,1517.98936256766,949.367089882493,5978.24214275926,0.244373887777328,640.065590009093,110.277214094996,65.5183662772179,45.567406386137,252.85150437057,422.553967535496,84.2915895730257,2855.34839069843,224.413131982088,365.380069553852,1.58261105418205,4.80448319017887,17.8491713777184,17.8712736219168,35.3552078008652,5.43215018510818,34.8734414204955,3.51580931246281,82.9927966147661,0,0,0.675236493349075,0,0,1.24168866872787,46.2795243784785,1.64395821094513,5.82849290966988,4.3028223067522,5.60073105990887,10.7754684686661,303.090050369501,17.9038092494011,192.587321206927,19.0014661699533,549.130515314639,1178.1184168905,770.060987740755,4554.86006239802,0,42.7020878493786,14.6086626052856,9.42809456586838,138.082880482078,0.772768780589104,623.939625732601,52.1389206945896,224.413131982088,3774.89980088174,140.677938953042,176.354577958584,18.7848848104477,15.4798733592033,17.8573658764362,0,242.361150592566,360.78919711709,670.00519400835,1159.71139127016,0,14.4165382385254,2.65121355652809,0.965718805789948,17.0542194694281,1.09693121910095,112.052951879799,13.1940104663372,54.7879574596882,3044.669801265,110.761873528361,95.4922254234552,3550.73363934457,22.1614044159651,153.095921903849,5.46159252524376,512.604379437864,4037.73158818483,44.3778490424156,197.381954088807,0.961220145225525,92.156309813261,2024.51855584979,97.1534542143345,221.758548945189,8.19800409674644,96.0314951837063,526.760128647089,365.380069553852,140.677938953042,4514.77344688773,2.25832438468933,0,0.16662523150444,3.43851205706596,0.551228553056717,10.3573651462793,17.4187082648277,2.92115134000778,0.776075094938278,0.396144539117813,0,0,0,2.37639546394348,0.333283931016922,3.95147675275803,0,0,1.96059656143188,0,2026.46402135491,0,0,1.00006391108036,0.229379713535309,0.282414674758911,0.340596258640289,78.3295867145061,15.8762845396996,248.453146830201,24.6717396974564,2.78234136104584,447.297875910997,24.0030288696289,0,2.39291202276945,5.80805832147598,1.58261105418205,176.354577958584,2.25832438468933,14779.6200207919,337.84137634933,11.2708425223827,8.4076631218195,0,1178.71914297342,277.330379411578,213.539270415902,19.587022036314,3136.71896609664,3319.66794735193,902.456460662186,7456.12466605008,3675.43779411912,1.36419689655304,16.677885428071,182.177598141134,267.431297332048,29.9912877976894,189.07054553926,0,1.22629640996456,8.12451903522015,2.64713558554649,9.66764439642429,1.78434319794178,2.35617133975029,0,16.6429933682084,0,0,0,0,0,4.9124212116003,49.2701139226556,0.501736164093018,4.80448319017887,18.7848848104477,0,337.84137634933,30109.5387280881,1104.9804032892,145.56095290184,62.4211805388331,178.742752738297,2331.44094951451,5467.93338128924,1692.23664271086,0.558025181293488,7574.04416015744,3137.85444214195,1339.81801447272,310.84871032089,82.770421013236,179.375589989126,305.157637141645,4390.13020523638,375.694861024618,1922.04619643092,0,2.93439926207066,95.2070380598307,16.9113338887691,154.294237196445,0.237408772110939,6.36233848333359,1.1644321680069,106.727194070816,0,0,0,0,0,40.3375810980797,303.087961226702,0,17.8491713777184,15.4798733592033,0.16662523150444,11.2708425223827,1104.9804032892,16123.7983572707,662.492488250136,2458.76097293198,20.110167875886,1483.76916167885,164.488288193941,6403.60322187096,0,4.9584027081728,15.2927024811506,0.368339478969574,29.7291657924652,8060.8809005022,2376.8420830816,47.5087643563747,1388.85914642364,47.2288470417261,161.07522597909,0,12.5781929939985,36.8116131424904,35.4434618800879,75.6726030632854,1.26290811598301,14.6597936451435,0.98947685956955,77.7167035192251,0,0,0.428943604230881,0,0,25.6560952812433,223.517513617873,0.238984420895576,17.8712736219168,17.8573658764362,3.43851205706596,8.4076631218195,145.56095290184,662.492488250136,3434.6740809828,130.572798445821,15.5417452305555,1737.31062360108,173.032408669591,1448.32412024587,0,10.130341604352,9.51746287941933,3.05143342912197,18.4152151420712,1132.51860095561,1321.31676062196,41.3497444987297,227.402710616589,163.468857847154,184.863214328885,0,4.46043249964714,105.810559868813,10.2228175997734,339.470501750708,0,6.93275831639767,3.3213936239481,483.54564422369,0,0.250434428453445,0,0,0,28.1905092149973,308.220848299563,0,35.3552078008652,0,0.551228553056717,0,62.4211805388331,2458.76097293198,130.572798445821,4072.78639531136,1491.44441951811,82.8673815876245,17.6234506368637,3169.02480524778,0,0,0.922581508755684,1.28210467100143,7.38327006995678,647.041036427021,3397.44448012859,4.49759244918823,152.331718951464,9.10821844637394,6.74289990961552,0,5.29464012384415,2.29829120635986,66.5175468921661,15.7332740724087,37.2005206346512,70.1192799061537,168.838074043393,261.96048989892,0,0,0,0,0,0,152.718701213598,3.16437929868698,5.43215018510818,242.361150592566,10.3573651462793,1178.71914297342,178.742752738297,20.110167875886,15.5417452305555,1491.44441951811,4704.19621907175,2337.59263554215,396.798138603568,568.207543820143,41.5969061553478,27.1166694462299,141.44637234509,35.1937083899975,3028.8900167048,5.98689436912537,1483.50261452794,294.199752658606,88.2302042841911,523.752431645989,523.101862862706,7.59249371290207,16.3715869635344,28.8423251360655,102.065769635141,51.5262363106012,35.1425414085388,125.556842274964,19.4776089340448,472.326542213559,0,0.63372714817524,0,0.191767007112503,1.58798813819885,10.6929933726788,251.370513558388,1.85034501552582,34.8734414204955,360.78919711709,17.4187082648277,277.330379411578,2331.44094951451,1483.76916167885,1737.31062360108,82.8673815876245,2337.59263554215,11935.0618472323,862.038426324725,2048.00061763078,22.2536777853966,63.9187969788909,375.742375843227,76.9456048905849,2606.23196014017,405.09469421953,1649.90500942618,1762.92389818281,1388.70370838791,1715.38180973381,3922.64442694932,0,0.966701865196228,2.96813099086285,6.77053053677082,6.18520180881023,2.69064885377884,9.1253138333559,491.213937997818,61.9647769331932,0,0,0,0,0,1.71323153376579,29.2109254449606,0,3.51580931246281,670.00519400835,2.92115134000778,213.539270415902,5467.93338128924,164.488288193941,173.032408669591,17.6234506368637,396.798138603568,862.038426324725,4253.84015369415,3836.4890165925,0,4473.5261991322,25.4087942540646,19.9975891411304,29.4946849793196,15.9298664182425,329.76860075444,36.1893957108259,1602.93489444256,1807.93808303773,300.835960097611,0,12.0833799540997,244.971651345491,48.1613418385386,453.024028360844,4.60538730025291,20.5086674839258,5.35103595256805,1448.13183974475,0,0,0.256964266300201,0,0,75.3465348631144,385.044818237424,0,82.9927966147661,1159.71139127016,0.776075094938278,19.587022036314,1692.23664271086,6403.60322187096,1448.32412024587,3169.02480524778,568.207543820143,2048.00061763078,3836.4890165925,9743.71538966894,0.969733953475952,160.851592242718,33.5274666696787,9.84135939180851,107.404929719865,516.713547766209,1839.4031207785,122.130716100335,4982.18768049777,5139.18469454348,344.789854630828,444.083337530494,0.462185651063919,0,0,0,0,0,0,0,401.769014209509,5.93806220591068,5.65031333267689,337.124492749572,26.8643039613962,0,0,69.4674464464188,0,0,0.396144539117813,3136.71896609664,0.558025181293488,0,0,0,41.5969061553478,22.2536777853966,0,0.969733953475952,2165.63139483333,44.1978697180748,48.0196993947029,1945.38451430202,1400.08443880081,0,1.24823725223541,1053.37151518464,0,1.39776003360748,1.88584494590759,1.0052844285965,1.03941380977631,0.733007311820984,0.513050615787506,0,0,0,0,1.54878795146942,0,0,0,0,0,0,1.77099674195051,0,0,14.4165382385254,0,3319.66794735193,7574.04416015744,4.9584027081728,10.130341604352,0,27.1166694462299,63.9187969788909,4473.5261991322,160.851592242718,44.1978697180748,9547.70907969773,214.667886391282,2728.68755745888,107.988566398621,0.29697597026825,12.8494670242071,47.884682148695,538.564505368471,110.573919199407,87.1391465365887,0,0,0.495912104845047,1.74970017373562,0.848292887210846,0,1.20059788227081,0,6.89256586134434,0,0,0,0,0,0.394931346178055,5.18285875767469,0,0.675236493349075,2.65121355652809,0,902.456460662186,3137.85444214195,15.2927024811506,9.51746287941933,0.922581508755684,141.44637234509,375.742375843227,25.4087942540646,33.5274666696787,48.0196993947029,214.667886391282,11046.6418581232,1911.60007199645,1555.29809823632,4.27384316921234,17.801735252142,2251.5378960669,106.022782206535,47.8529788181186,2182.88004533947,5.78238046169281,0,0,0,0.616759479045868,1.06638634204865,0,0,0.350359365344048,3.28272944688797,0,0,0,0,0,0,0,0,0.965718805789948,0,7456.12466605008,1339.81801447272,0.368339478969574,3.05143342912197,1.28210467100143,35.1937083899975,76.9456048905849,19.9975891411304,9.84135939180851,1945.38451430202,2728.68755745888,1911.60007199645,5939.9873110801,1450.23499530554,0,3.84603010118008,556.468529850245,96.8509867489338,13.9287244528532,113.76690184325,0,1.05817341804504,1.6560520529747,1.75854857265949,1.23671805858612,0.152587026357651,4.08321803808212,1.73033201694489,23.1215438172221,0,0,0.677201271057129,0,16.9385616183281,0.147255688905716,17.1876080334187,5.48379382491112,0,17.0542194694281,2.37639546394348,3675.43779411912,310.84871032089,29.7291657924652,18.4152151420712,7.38327006995678,3028.8900167048,2606.23196014017,29.4946849793196,107.404929719865,1400.08443880081,107.988566398621,1555.29809823632,1450.23499530554,9344.64032332599,11.6850616186857,100.416185036302,5808.76870100945,77.5685938894749,149.587682455778,632.760529726744,0,1.20899096131325,14.9996503740549,0.416699647903442,46.9148225784302,0.209385111927986,0.656057432293892,0,16.0108430087566,0,0,0,0,0,4.07414636015892,65.1954642608762,0,1.24168866872787,1.09693121910095,0.333283931016922,1.36419689655304,82.770421013236,8060.8809005022,1132.51860095561,647.041036427021,5.98689436912537,405.09469421953,15.9298664182425,516.713547766209,0,0.29697597026825,4.27384316921234,0,11.6850616186857,6398.058844015,4679.12145248801,17.1109509170055,287.863700687885,31.9146481305361,46.5568597838283,0.172393903136253,29.8734764605761,98.8922548219562,121.699051335454,413.047063261271,49.3589526861906,86.4338062182069,24.7566215544939,522.042713567615,0,2.86016763746738,2.13369707018137,0,0.704723507165909,42.5112682208419,917.83913782984,0,46.2795243784785,112.052951879799,3.95147675275803,16.677885428071,179.375589989126,2376.8420830816,1321.31676062196,3397.44448012859,1483.50261452794,1649.90500942618,329.76860075444,1839.4031207785,1.24823725223541,12.8494670242071,17.801735252142,3.84603010118008,100.416185036302,4679.12145248801,10263.3677810431,63.6095335483551,444.046486325562,750.489264711738,130.607299372554,0,0,0.642582908272743,7.27232092618942,7.57815480232239,0,0.892205417156219,0,11.6854058504105,0,0,0,0,0,0.210380733013153,13.007823958993,0,1.64395821094513,13.1940104663372,0,182.177598141134,305.157637141645,47.5087643563747,41.3497444987297,4.49759244918823,294.199752658606,1762.92389818281,36.1893957108259,122.130716100335,1053.37151518464,47.884682148695,2251.5378960669,556.468529850245,5808.76870100945,17.1109509170055,63.6095335483551,4731.54336054623,122.914244025946,170.817057773471,899.606480240822,0,2.10262198746204,22.2476145923138,8.67478711903095,30.6422190070152,0.332899898290634,3.4745456725359,0.564852476119995,15.4312413483858,0,0,0,0,0,10.5195390433073,107.291861981153,0,5.82849290966988,54.7879574596882,0,267.431297332048,4390.13020523638,1388.85914642364,227.402710616589,152.331718951464,88.2302042841911,1388.70370838791,1602.93489444256,4982.18768049777,0,538.564505368471,106.022782206535,96.8509867489338,77.5685938894749,287.863700687885,444.046486325562,122.914244025946,1942.00586101413,349.737716212869,555.768882729113,0,5.60429994761944,8.72123846411705,29.6313470602036,12.5716141611338,6.71819105744362,21.440757676959,61.8789553642273,168.959603205323,0,0.555220127105713,0,0,0,2.60273860394955,47.9086406156421,0.282787919044495,4.3028223067522,3044.669801265,1.96059656143188,29.9912877976894,375.694861024618,47.2288470417261,163.468857847154,9.10821844637394,523.752431645989,1715.38180973381,1807.93808303773,5139.18469454348,1.39776003360748,110.573919199407,47.8529788181186,13.9287244528532,149.587682455778,31.9146481305361,750.489264711738,170.817057773471,349.737716212869,2401.13964436948,400.107453987002,2.22770404815674,2.42734260857105,1.21196596324444,7.69412419945002,3.65224741399288,5.05401182174683,18.5305756926537,5.8947229385376,59.8902911022305,0,0,0,0,0,0.954662099480629,44.7912029027939,0,5.60073105990887,110.761873528361,0,189.07054553926,1922.04619643092,161.07522597909,184.863214328885,6.74289990961552,523.101862862706,3922.64442694932,300.835960097611,344.789854630828,1.88584494590759,87.1391465365887,2182.88004533947,113.76690184325,632.760529726744,46.5568597838283,130.607299372554,899.606480240822,555.768882729113,400.107453987002,4648.37035191804
