6962.52551038563,1235.49024444818,0.261152267456055,2.19741833209991,1.71502768993378,243.404552638531,32.7868318855762,693.235658735037,25.6461787819862,1177.00453014672,1370.09404906631,1350.5318081677,5122.81901633739,3624.22102971375,0,7.93392036855221,503.279376938939,187.637021124363,255.627520233393,23.0316360890865,516.918829649687,0,0,0,0,18.0641854256392,0,2.23135164380074,0,435.883773475885,7.30451539158821,0,0,0,0,0,0,0,53.3560254275799,0,1235.49024444818,23188.2290512621,2024.08370862901,15.9544114768505,2.94411881268024,536.824024118483,2393.43006377667,2630.2101187557,847.920851334929,0.567567229270935,4282.16830295324,2205.00605757535,511.47437903285,664.364560909569,2.30130051076412,77.4845291897655,251.003846511245,7071.48991395533,67.9613831341267,3527.47906589508,0,0,0,2.10792791843414,0.437099069356918,230.46977634728,0,0.836524844169617,11.7670742273331,0,0,0,0,0,0,2.36731922626495,0,0,148.009313583374,0,0.261152267456055,2024.08370862901,8902.73407323658,1166.12355388701,2252.44668322802,5.18524792790413,1084.60412459075,517.708219558001,3940.8805282563,0,91.2178487479687,0,0,0,7838.27586999536,1739.88866711408,0,2473.47392855585,4.61815178394318,4.13585563004017,0,0,2.52086102962494,1.90920697152615,13.2840676754713,0.98260423541069,0,0,0,0,0,0,0,0,1.41382682323456,21.732823997736,0,0,0,0,2.19741833209991,15.9544114768505,1166.12355388701,3819.39699280262,581.253828398883,23.6929318904877,3075.87767251581,5.81031136214733,1143.98615317792,0,4.47935877740383,1.87252159416676,0,2.80581301450729,2333.93294268847,3509.79486639798,8.72261315584183,1460.05411083251,46.3681177049875,37.5585828050971,0,0,1.09742529690266,4.50917237997055,118.089333415031,16.6360142081976,0,0,0.276170015335083,0,0,0,0,0,3.03077359497547,163.727781966329,0,2.09232461452484,0.567006528377533,0,1.71502768993378,2.94411881268024,2252.44668322802,581.253828398883,2402.39866033196,116.270499244332,281.827061012387,2.74941097199917,2148.24310622364,0,0.923119887709618,0.457469642162323,0,0,1145.23638488352,4016.86867948622,0.404913574457169,223.04996830225,32.3970267027617,1.11045798659325,0,0,21.7764143496752,2.52525150775909,1719.42050762475,25.1153094768524,0.164657592773438,0,31.8932837694883,0,0,0,0,0,23.2551612406969,575.156798571348,0,3.16095757484436,5.75165124237537,0,243.404552638531,536.824024118483,5.18524792790413,23.6929318904877,116.270499244332,3385.95214854181,2772.04757464677,229.409683689475,1382.79516251385,0,27.340304672718,128.494454473257,0.772674798965454,3779.82681465149,10.5031854063272,2003.78648389131,345.993036091328,182.106331273913,1042.01846131682,358.660847112536,0,0,0,10.9113645106554,16.2012627720833,893.955771714449,71.3943367004395,18.7846881449223,15.4080629646778,0,0,0,0,0.949049264192581,0.155640169978142,213.942116901278,0,2.75595590472221,265.453833222389,1.17978405952454,32.7868318855762,2393.43006377667,1084.60412459075,3075.87767251581,281.827061012387,2772.04757464677,25499.8078398928,91.0796018242836,2593.82584986836,0,78.1107070595026,186.462233759463,0,1419.41239222884,179.398317798972,4190.44030187279,3896.11538314074,2369.27496398985,745.540956623852,4565.8213518858,0,0,2.44560615718365,16.9655855298042,96.697371006012,760.798147857189,22.0427175164223,7.57633304595947,28.9167123585939,0,0,0,0,0,0.212618201971054,284.849156543612,0,3.54365083575249,21.2899558246136,0,693.235658735037,2630.2101187557,517.708219558001,5.81031136214733,2.74941097199917,229.409683689475,91.0796018242836,3030.7989435792,1558.64913934469,0,3521.03913453221,7.03724354505539,0.788390278816223,48.7000766992569,0,23.7394541725516,1.46519249677658,1568.15441647172,591.583326503634,4.786193177104,8.63519936800003,0,0,0,0,15.6946015357971,0,1.53948640823364,2.34764933586121,0,0,0,0,0,0,0.419178396463394,0,0,32.8760291039944,0,25.6461787819862,847.920851334929,3940.8805282563,1143.98615317792,2148.24310622364,1382.79516251385,2593.82584986836,1558.64913934469,11600.9033915773,0,294.341540157795,9.43778845667839,0,12.6335650533438,246.319993793964,1333.86152032018,26.4800481498241,4767.26117306948,2057.42118810117,89.764624863863,0,0,0,18.7575737014413,380.732864946127,136.722431898117,2.40132182836533,84.076351031661,171.389842256904,0,0,0,0,0,1.69749712944031,150.98932223022,0,2.68814052641392,496.387952104211,0,1177.00453014672,0.567567229270935,0,0,0,0,0,0,0,1054.52280434966,0,327.323662102222,1205.47772112489,1583.05757397413,0,0,1760.16892254353,0,0,0,101.104174166918,0,0,0,0,0,0,0,0,685.471933096647,0,0,0,28.5037633478642,0,0,0,0,0,0,1370.09404906631,4282.16830295324,91.2178487479687,4.47935877740383,0.923119887709618,27.340304672718,78.1107070595026,3521.03913453221,294.341540157795,0,4088.21714414656,151.959493458271,134.041186034679,121.184863835573,2.74581015110016,14.3179906830192,19.6759956479073,891.670686975121,24.6453183740377,314.740679591894,13.9494097232819,0,0,0,0,31.3576180189848,0,0,0,0,2.87186080217361,0,0,0,0,0.152705565094948,0,0,8.60362356901169,0,1350.5318081677,2205.00605757535,0,1.87252159416676,0.457469642162323,128.494454473257,186.462233759463,7.03724354505539,9.43778845667839,327.323662102222,151.959493458271,8263.1593400538,2588.51084496081,2103.5701071322,0,7.15145193040371,4027.92888495326,190.187021806836,0.456692188978195,2220.22949692607,1.27155381441116,0,0,0,0,42.1148277521133,0,0,9.62794271111488,5.90395557880402,0,0,0,0.422042906284332,0,1.17155718803406,0,0,50.0158118605614,0,5122.81901633739,511.47437903285,0,0,0,0.772674798965454,0,0.788390278816223,0,1205.47772112489,134.041186034679,2588.51084496081,7694.03311388195,627.81160223484,0,0,1035.07892145216,0.815161883831024,0,0,25.6118611395359,0,0,0,0,0,0,0,0,170.473161488771,0,0,0,1.55353951454163,0,0,0,0,0,0,3624.22102971375,664.364560909569,0,2.80581301450729,0,3779.82681465149,1419.41239222884,48.7000766992569,12.6335650533438,1583.05757397413,121.184863835573,2103.5701071322,627.81160223484,8386.68816033006,0,13.8391082063317,5500.68431028724,112.51581916213,16.238677456975,904.622019886971,26.4927646517754,0,0,0,0,174.89767113328,0,0,2.45025062561035,111.389152735472,0,0,0,231.221821606159,0,0,0,0,12.170431137085,0,0,2.30130051076412,7838.27586999536,2333.93294268847,1145.23638488352,10.5031854063272,179.398317798972,0,246.319993793964,0,2.74581015110016,0,0,0,13489.0024239868,6908.47792285681,0.815887048840523,57.5368182882667,3.08402267098427,1.45510786771774,0,0,0.487513512372971,1.74146884679794,42.6551241725683,1.83419044315815,0.185374572873116,0,0,0,0,0,0,0,1.33029724657536,78.0985042005777,0,0,0,0,7.93392036855221,77.4845291897655,1739.88866711408,3509.79486639798,4016.86867948622,2003.78648389131,4190.44030187279,23.7394541725516,1333.86152032018,0,14.3179906830192,7.15145193040371,0,13.8391082063317,6908.47792285681,20921.1078177914,29.2074842527509,665.775542072952,514.184589013457,84.7190493196249,0.894851192831993,0.352354735136032,10.2967970520258,74.4132402315736,979.380432896316,725.025427386165,99.9762306138873,7.93583813309669,37.8711956441402,0,0,0,0,0,61.2044434994459,2068.33979977667,0.515315175056458,11.2397981360555,35.1017280593514,2.10817880183458,503.279376938939,251.003846511245,0,8.72261315584183,0.404913574457169,345.993036091328,3896.11538314074,1.46519249677658,26.4800481498241,1760.16892254353,19.6759956479073,4027.92888495326,1035.07892145216,5500.68431028724,0.815887048840523,29.2074842527509,7664.46340975165,396.181899160147,11.266219124198,1727.98282109946,6.1907152235508,0,0,0,0,48.7169803678989,0,0,0,243.900535404682,0,0,0,75.3305507004261,0,0.391864225268364,0,0,1.63597679138184,0,187.637021124363,7071.48991395533,2473.47392855585,1460.05411083251,223.04996830225,182.106331273913,2369.27496398985,1568.15441647172,4767.26117306948,0,891.670686975121,190.187021806836,0.815161883831024,112.51581916213,57.5368182882667,665.775542072952,396.181899160147,3190.95996767282,413.872773602605,679.178730882704,0,0,0.143429026007652,1.99569538235664,16.8449103981256,105.245620965958,0,0.33962456882,5.16493371129036,0,0,0,0,0,0.151621907949448,33.1216120794415,0,0.420668393373489,10.6879167407751,0,255.627520233393,67.9613831341267,4.61815178394318,46.3681177049875,32.3970267027617,1042.01846131682,745.540956623852,591.583326503634,2057.42118810117,0,24.6453183740377,0.456692188978195,0,16.238677456975,3.08402267098427,514.184589013457,11.266219124198,413.872773602605,1520.03767375648,25.6211712807417,0,0,3.40681947767735,46.7879045307636,3.38091549277306,110.293525740504,11.9521581977606,214.64215670526,461.019232034683,0,0,0,0,0,0,74.2359841689467,0,12.5928291529417,2941.0054706037,0,23.0316360890865,3527.47906589508,4.13585563004017,37.5585828050971,1.11045798659325,358.660847112536,4565.8213518858,4.786193177104,89.764624863863,0,314.740679591894,2220.22949692607,0,904.622019886971,1.45510786771774,84.7190493196249,1727.98282109946,679.178730882704,25.6211712807417,8495.86593922973,0,0,0,0.174645438790321,0,119.004704490304,0,0,2.0811595916748,0,0,0,0,0,0,5.63567487895489,0,0,7.5604459643364,0,516.918829649687,0,0,0,0,0,0,8.63519936800003,0,101.104174166918,13.9494097232819,1.27155381441116,25.6118611395359,26.4927646517754,0,0.894851192831993,6.1907152235508,0,0,0,12317.1628798246,1621.62755541503,0,6.0674996227026,0,682.023894429207,62.5658163577318,1012.55658053607,111.996016234159,3176.16980330646,2581.01684133708,2641.60748738796,6264.83707587421,3387.73449134827,0,24.6900828182697,700.449319981039,408.714109271765,59.0296594798565,238.377866610885,0,0,0,0,0,0,0,0,0,0,0,0,0,0,0,0.352354735136032,0,0,0,0,1621.62755541503,23901.9184968621,1477.42968830466,11.3365730494261,1.25404694676399,11.1474412828684,339.510868683457,3861.34826418757,345.191136360168,0,1473.30696889758,2510.05425371975,436.184831961989,27.1246176362038,0,46.1396032944322,87.0256347730756,4275.49227461219,55.5104828923941,2882.99273703247,0,0,2.52086102962494,1.09742529690266,21.7764143496752,0,2.44560615718365,0,0,0,0,0,0,0,0.487513512372971,10.2967970520258,0,0.143429026007652,3.40681947767735,0,0,1477.42968830466,11077.0349979252,1093.5045440793,2020.18723921478,5.27692465484142,1905.17146019638,114.885812327266,3091.11804132164,0,1.82662039995193,0,0,0,6498.74420832843,2114.49847555161,0.838975548744202,1503.89305844158,17.9620573818684,5.24551974236965,0,2.10792791843414,1.90920697152615,4.50917237997055,2.52525150775909,10.9113645106554,16.9655855298042,0,18.7575737014413,0,0,0,0,0,1.74146884679794,74.4132402315736,0,1.99569538235664,46.7879045307636,0.174645438790321,6.0674996227026,11.3365730494261,1093.5045440793,4600.81291343272,105.261907860637,136.683541715145,3014.49685396999,116.169747002423,1525.69016422331,0,0,6.74913341552019,0,0.286664605140686,1604.20147511363,4176.79644656926,0.87890537083149,1368.19673411548,258.72042838484,12.8248483017087,0,0.437099069356918,13.2840676754713,118.089333415031,1719.42050762475,16.2012627720833,96.697371006012,0,380.732864946127,0,0,0,0,0,42.6551241725683,979.380432896316,0,16.8449103981256,3.38091549277306,0,0,1.25404694676399,2020.18723921478,105.261907860637,1818.80479863286,190.908270359039,33.8181457519531,2.85124157369137,2192.33026909828,0,0,0,0,0,992.871540904045,3342.40615140647,0,721.100997462869,27.2984122335911,0,18.0641854256392,230.46977634728,0.98260423541069,16.6360142081976,25.1153094768524,893.955771714449,760.798147857189,15.6946015357971,136.722431898117,0,31.3576180189848,42.1148277521133,0,174.89767113328,1.83419044315815,725.025427386165,48.7169803678989,105.245620965958,110.293525740504,119.004704490304,682.023894429207,11.1474412828684,5.27692465484142,136.683541715145,190.908270359039,5027.18874749541,2525.16463308781,1214.04872602224,1063.22057472914,5.56164056062698,10.9635348618031,292.828375115991,7.03481160104275,3618.77729122341,4.17927947640419,1880.27003718168,849.381883367896,98.6967366337776,973.73313780129,178.689298808575,0,0,0,0,0.164657592773438,71.3943367004395,22.0427175164223,0,2.40132182836533,0,0,0,0,0,0.185374572873116,99.9762306138873,0,0,11.9521581977606,0,62.5658163577318,339.510868683457,1905.17146019638,3014.49685396999,33.8181457519531,2525.16463308781,15413.0946363583,62.8601360172033,834.682431779802,0,0,176.503745488822,1.1655897796154,886.126799143851,178.486452147365,3774.91844858974,2705.84934426099,975.387261524796,808.039370059967,3247.70858570933,2.23135164380074,0.836524844169617,0,0,0,18.7846881449223,7.57633304595947,1.53948640823364,84.076351031661,0,0,0,0,0,0,7.93583813309669,0,0.33962456882,214.64215670526,0,1012.55658053607,3861.34826418757,114.885812327266,116.169747002423,2.85124157369137,1214.04872602224,62.8601360172033,4100.04865260422,1032.2654428035,0,2725.37025283277,22.6482812315226,9.19964182376862,52.7441342771053,0.23661495745182,88.9534949734807,4.8059658408165,654.902180999517,1266.40914580226,22.9228602349758,0,11.7670742273331,0,0.276170015335083,31.8932837694883,15.4080629646778,28.9167123585939,2.34764933586121,171.389842256904,0,0,9.62794271111488,0,2.45025062561035,0,37.8711956441402,0,5.16493371129036,461.019232034683,2.0811595916748,111.996016234159,345.191136360168,3091.11804132164,1525.69016422331,2192.33026909828,1063.22057472914,834.682431779802,1032.2654428035,8831.51649077237,0,0,421.556935325265,5.03643925487995,239.771626681089,252.88541482389,1519.80151022226,419.82877920568,4305.90460039675,1614.98391596973,415.047950819135,435.883773475885,0,0,0,0,0,0,0,0,685.471933096647,0,5.90395557880402,170.473161488771,111.389152735472,0,0,243.900535404682,0,0,0,3176.16980330646,0,0,0,0,5.56164056062698,0,0,0,2016.91280913353,2.49270507693291,184.831544101238,1930.39520823956,1284.34836749732,0,0,1466.65574662387,0.902031987905502,0,0.234444111585617,7.30451539158821,0,0,0,0,0,0,0,0,0,2.87186080217361,0,0,0,0,0,0,0,0,0,2581.01684133708,1473.30696889758,1.82662039995193,0,0,10.9635348618031,0,2725.37025283277,0,2.49270507693291,4067.93047113717,38.5856667160988,700.162226006389,19.4836179614067,0,0,1.4751244187355,169.917127341032,0.243455812335014,0.454097241163254,0,0,0,0,0,0,0,0,0,0,0,0,0,0,0,0,0,0,0,0,2641.60748738796,2510.05425371975,0,6.74913341552019,0,292.828375115991,176.503745488822,22.6482812315226,421.556935325265,184.831544101238,38.5856667160988,13530.2968820706,2011.89638452232,2562.9747082442,0,18.6731992214918,4900.54626322538,414.300911299884,6.71037991344929,2951.05764799565,0,0,0,0,0,0,0,0,0,0,0,0,0,0,0,0,0,0,0,0,6264.83707587421,436.184831961989,0,0,0,7.03481160104275,1.1655897796154,9.19964182376862,5.03643925487995,1930.39520823956,700.162226006389,2011.89638452232,7330.25837555528,1257.53203506768,0,0.227227918803692,1210.24556009471,2.5291436612606,0,5.31365463882685,0,0,0,0,0,0.949049264192581,0,0,0,28.5037633478642,0,0.422042906284332,1.55353951454163,231.221821606159,0,0,75.3305507004261,0,0,0,3387.73449134827,27.1246176362038,0,0.286664605140686,0,3618.77729122341,886.126799143851,52.7441342771053,239.771626681089,1284.34836749732,19.4836179614067,2562.9747082442,1257.53203506768,7799.00757355988,0,13.4583102464676,5735.56624740362,54.9086331948638,33.1143702864647,206.665695235133,0,0,1.41382682323456,3.03077359497547,23.2551612406969,0.155640169978142,0.212618201971054,0,1.69749712944031,0,0,0,0,0,1.33029724657536,61.2044434994459,0,0.151621907949448,0,0,0,0,6498.74420832843,1604.20147511363,992.871540904045,4.17927947640419,178.486452147365,0.23661495745182,252.88541482389,0,0,0,0,0,14755.171035096,5853.13728019595,0,592.520309440792,3.58909757435322,0.291677117347717,0,2.36731922626495,21.732823997736,163.727781966329,575.156798571348,213.942116901278,284.849156543612,0.419178396463394,150.98932223022,0,0.152705565094948,1.17155718803406,0,0,78.0985042005777,2068.33979977667,0.391864225268364,33.1216120794415,74.2359841689467,5.63567487895489,24.6900828182697,46.1396032944322,2114.49847555161,4176.79644656926,3342.40615140647,1880.27003718168,3774.91844858974,88.9534949734807,1519.80151022226,0,0,18.6731992214918,0.227227918803692,13.4583102464676,5853.13728019595,20501.7536433861,14.713761664927,949.00879009068,680.366015538573,48.4184494391084,0,0,0,0,0,0,0,0,0,0,0,0,0,0,0,0.515315175056458,0,0,0,0,700.449319981039,87.0256347730756,0.838975548744202,0.87890537083149,0,849.381883367896,2705.84934426099,4.8059658408165,419.82877920568,1466.65574662387,1.4751244187355,4900.54626322538,1210.24556009471,5735.56624740362,0,14.713761664927,7393.0002528578,108.554420433939,5.08020767569542,1555.81326583773,0,0,0,2.09232461452484,3.16095757484436,2.75595590472221,3.54365083575249,0,2.68814052641392,0,0,0,0,0,0,11.2397981360555,0,0.420668393373489,12.5928291529417,0,408.714109271765,4275.49227461219,1503.89305844158,1368.19673411548,721.100997462869,98.6967366337776,975.387261524796,654.902180999517,4305.90460039675,0.902031987905502,169.917127341032,414.300911299884,2.5291436612606,54.9086331948638,592.520309440792,949.00879009068,108.554420433939,5130.30143081397,790.262394197285,921.102630734444,53.3560254275799,148.009313583374,0,0.567006528377533,5.75165124237537,265.453833222389,21.2899558246136,32.8760291039944,496.387952104211,0,8.60362356901169,50.0158118605614,0,12.170431137085,0,35.1017280593514,1.63597679138184,10.6879167407751,2941.0054706037,7.5604459643364,59.0296594798565,55.5104828923941,17.9620573818684,258.72042838484,27.2984122335911,973.73313780129,808.039370059967,1266.40914580226,1614.98391596973,0,0.243455812335014,6.71037991344929,0,33.1143702864647,3.58909757435322,680.366015538573,5.08020767569542,790.262394197285,1359.51701544225,19.6173495799303,0,0,0,0,0,1.17978405952454,0,0,0,0,0,0,0,0,0,2.10817880183458,0,0,0,0,238.377866610885,2882.99273703247,5.24551974236965,12.8248483017087,0,178.689298808575,3247.70858570933,22.9228602349758,415.047950819135,0.234444111585617,0.454097241163254,2951.05764799565,5.31365463882685,206.665695235133,0.291677117347717,48.4184494391084,1555.81326583773,921.102630734444,19.6173495799303,7227.75152459741
