8837.01855418086,425.997876644135,0,0,0,637.207266047597,17.3090831190348,898.092822507024,3.17203271389008,2727.89862520993,3025.91603347659,849.690383538604,6714.85345937312,2841.84474226832,0,0,1262.5401481688,16.6414383351803,280.572654247284,5.11837436258793,2665.48129151762,0,0,0,0,3.71505671739578,0,37.9189391732216,0,1064.18492266536,3.09747031331062,0,0,48.8831282258034,0,0,0,0,0,0,425.997876644135,35091.8535110578,1067.78551729023,162.434613704681,7.50688317418098,848.108799763024,1494.21032346785,1858.67475265265,1209.11131481826,3.60228344798088,3296.17913749814,2786.64962635189,725.87704525888,497.682609573007,1.95862591266632,110.328782595694,995.724577084184,5127.09073597193,68.3131864964962,1977.78228349239,3.36832484602928,0,0,0.255924433469772,0,31.8025961220264,4.80189493298531,1.34187257289886,5.29888296127319,0.838974714279175,0.137632071971893,0,0,12.5071705877781,0.395448595285416,7.21057507395744,0,0,2.88304257392883,0,0,1067.78551729023,10426.9385904074,950.197272256017,3333.08926895261,37.5870468318462,2219.1246060431,348.687682926655,4798.34280946851,0,73.8742754757404,4.9422070980072,0,1.32100839912891,10886.1340091377,2850.31275011599,3.2954920977354,2260.07976934314,8.05815663933754,19.9971596896648,0,0.543863654136658,145.146342359483,80.6638056337833,614.544057458639,28.6821880936623,63.9533552080393,0.203465476632118,233.311134472489,0,0,0.746192365884781,0,2.24030077457428,35.0189988315105,215.694260403514,0.518995299935341,38.971115514636,6.22896629571915,4.80974593758583,0,162.434613704681,950.197272256017,2721.27985131741,468.110508076847,238.582369998097,3821.40839476883,31.945200279355,1114.92882250249,0,11.2071777582169,48.9581306651235,0,37.5115298032761,1501.74370357394,3524.68758504093,43.4188858270645,565.695437297225,193.986891612411,145.895874544978,0,1.51408477127552,46.6337235122919,54.7524631768465,93.939149543643,65.3152037411928,148.772287890315,6.12699930369854,102.958775997162,0,0.37613844871521,2.05005511641502,0,0.302459180355072,16.8315892070532,201.666063122451,1.58062040805817,7.06138207018375,47.2955216467381,10.7705702334642,0,7.50688317418098,3333.08926895261,468.110508076847,2116.51156882942,390.114839524031,114.763007707894,0,1618.40254919231,0,0.512873768806458,1.02140241861343,0,1.73496466875076,1741.72781600058,5083.28747674078,1.41167260706425,338.957015052438,35.0348923355341,3.11346714198589,0,1.32900837063789,131.689721554518,78.7599397301674,755.987915337086,57.3507286608219,75.1961236223578,2.84166306257248,466.559829965234,0,0,0.687664091587067,0,0.969978213310242,54.1882722824812,195.783713944256,3.99218261241913,29.8880949020386,12.1144699156284,5.20598360151052,637.207266047597,848.108799763024,37.5870468318462,238.582369998097,390.114839524031,3519.32830677927,3809.58405217528,401.877908408642,656.961694598198,0.779635190963745,191.952537208796,358.728284195065,86.1086342334747,2907.83222612739,8.91954688727856,2233.0819426924,794.256616763771,281.54331715405,1410.14672955871,284.846508234739,0.912303894758224,2.17786218225956,0.758431494235992,7.05765308439732,49.6368547230959,515.544657483697,88.8843358159065,3.56310391426086,30.0696612894535,0,0.144353434443474,0,2.23411464691162,123.338788464665,0.787166893482208,200.918401040137,5.35891103744507,3.1999340057373,14.5602642595768,1.55032724142075,17.3090831190348,1494.21032346785,2219.1246060431,3821.40839476883,114.763007707894,3809.58405217528,18228.9130343869,80.1216970384121,1973.99139998853,0,57.8914802670479,687.97472089529,12.562031686306,1403.1814404577,123.600065380335,3245.91039040685,2969.04223783314,2143.32373557985,850.105778858066,5971.40049054474,6.31588414311409,61.1217776089907,4.82504944503307,31.0505509376526,20.4834327101707,563.216218158603,400.733877383173,4.0777333676815,88.6829345077276,0,0.250996530056,10.6024518609047,2.6390543282032,26.6041556298733,1.58640432357788,287.529917053878,33.939375475049,19.6056506633759,88.8804034739733,36.7606090456247,898.092822507024,1858.67475265265,348.687682926655,31.945200279355,0,401.877908408642,80.1216970384121,3956.19186577201,1488.449372679,0,3706.63038183749,12.66505227983,28.5959471464157,15.8131408691406,0,46.6225421801209,1.17481407523155,1259.82614393532,1247.17746677995,6.24361944198608,13.8439511656761,0,0,0,0,23.3675667792559,6.41582614183426,129.419952943921,2.23578807711601,0,1.03252555429935,0,0,0.388352125883102,0,10.1992066055536,0,0,63.7295985817909,0,3.17203271389008,1209.11131481826,4798.34280946851,1114.92882250249,1618.40254919231,656.961694598198,1973.99139998853,1488.449372679,10087.5381357595,0,855.152998238802,29.4759862720966,0,27.1335367411375,1310.18098206073,1962.72100311518,33.5545199066401,7446.74371119589,3397.4032554999,94.352282255888,0,22.4471401870251,163.262839652598,66.2609744220972,665.342022016644,319.921671956778,509.733698584139,51.8311898559332,983.505534298718,0,5.8584993481636,4.31112095713615,1.47676467895508,19.3556300550699,13.4959726631641,375.452022083104,28.6335493028164,42.2676710933447,424.565021589398,40.079900957644,2727.89862520993,3.60228344798088,0,0,0,0.779635190963745,0,0,0,820.036184802651,15.1470012515783,42.3256485313177,608.760440275073,1091.88991557062,0,0,1006.92348654568,0,0,0,404.553636968136,0,0,0,0,0,0,0,0,745.354883551598,0,0,0,26.0545012950897,0,0,0,0,0,0,3025.91603347659,3296.17913749814,73.8742754757404,11.2071777582169,0.512873768806458,191.952537208796,57.8914802670479,3706.63038183749,855.152998238802,15.1470012515783,4645.69317442179,248.639911651611,2311.65753763914,122.451591715217,0.34495809674263,7.18752463161945,101.870840683579,1664.32928664982,54.1300591528416,12.5574862509966,73.5939499884844,0,0,0,0,0,0,11.7146476209164,0,1.79394252598286,0.779418587684631,0,0,0,0,2.24492567777634,0,0,1.15435838699341,0,849.690383538604,2786.64962635189,4.9422070980072,48.9581306651235,1.02140241861343,358.728284195065,687.97472089529,12.66505227983,29.4759862720966,42.3256485313177,248.639911651611,8402.94919769466,1896.52511833608,1501.48293960094,0,51.8228929936886,3673.22365115583,104.187046036124,12.158489972353,1665.57267658412,21.4000870287418,0,0,0.368833214044571,0,10.31252643466,6.16915833950043,0,1.18473756313324,21.3580110967159,0,0,0,9.59465382993221,0,2.6648635417223,0.67033576965332,0,2.80983485281467,0,6714.85345937312,725.87704525888,0,0,0,86.1086342334747,12.562031686306,28.5959471464157,0,608.760440275073,2311.65753763914,1896.52511833608,6251.81685729325,507.077159002423,0,0.708543956279755,1453.02479602396,5.3816864490509,1.22530353069305,7.75529402494431,247.715199112892,0,0,0,0,0.273809880018234,0,0,0,128.411952331662,0,0,0,3.37387304008007,0,0,0,0,0,0,2841.84474226832,497.682609573007,1.32100839912891,37.5115298032761,1.73496466875076,2907.83222612739,1403.1814404577,15.8131408691406,27.1335367411375,1091.88991557062,122.451591715217,1501.48293960094,507.077159002423,9773.38396917284,0.337347447872162,41.0357009097934,3824.07514360547,36.6926652938128,131.318162858486,237.858796387911,348.179654538631,0,0,0,0,56.9246579557657,3.42831180989742,0,0.988959789276123,528.616401925683,0,0,0,1546.56365174055,0,2.83326622843742,0.186985448002815,0,3.52362550795078,1.05186069011688,0,1.95862591266632,10886.1340091377,1501.74370357394,1741.72781600058,8.91954688727856,123.600065380335,0,1310.18098206073,0,0.34495809674263,0,0,0.337347447872162,8999.47133593261,4899.42729179561,0,479.265488415956,1.21322350203991,3.48719966411591,0,0.168795138597488,66.0233054980636,36.374941393733,254.279633402824,8.93699614703655,27.8270157799125,1.07264220714569,65.7429337501526,0,0,0,0,0.218283608555794,37.6816542893648,102.590472377837,0,18.5556629002094,3.39699646830559,1.25632604956627,0,110.328782595694,2850.31275011599,3524.68758504093,5083.28747674078,2233.0819426924,3245.91039040685,46.6225421801209,1962.72100311518,0,7.18752463161945,51.8228929936886,0.708543956279755,41.0357009097934,4899.42729179561,18146.8950140625,149.495490349829,614.4621495381,521.591747611761,123.331069290638,0.777180880308151,20.8382852077484,153.756677769125,276.55370566994,620.741485379636,428.483951970935,648.880644634366,16.2693080753088,443.448120467365,0,0.766922794282436,13.2287013009191,1.46515560150146,13.6623763889074,78.3366536647081,1449.30666658282,23.4955133125186,66.399003662169,132.133454710245,48.6858904957771,1262.5401481688,995.724577084184,3.2954920977354,43.4188858270645,1.41167260706425,794.256616763771,2969.04223783314,1.17481407523155,33.5545199066401,1006.92348654568,101.870840683579,3673.22365115583,1453.02479602396,3824.07514360547,0,149.495490349829,2270.38120107353,50.6971321254969,34.4032584875822,781.978878632188,47.0920430719852,1.39883254468441,0,0.35270082950592,0,35.3185119330883,5.97867551445961,0,0.762700989842415,173.429682433605,0.153146758675575,0.231663435697556,0,70.746890977025,0,5.21414995193481,1.88159775733948,0,6.1227844953537,0.521272540092468,16.6414383351803,5127.09073597193,2260.07976934314,565.695437297225,338.957015052438,281.54331715405,2143.32373557985,1259.82614393532,7446.74371119589,0,1664.32928664982,104.187046036124,5.3816864490509,36.6926652938128,479.265488415956,614.4621495381,50.6971321254969,3787.09142865241,191.562541157007,141.205755218863,0,0.58541564643383,12.8855755776167,27.7828176468611,44.7851757705212,54.0378063768148,62.8061734586954,0.746193408966064,42.7023237645626,0,0,0.73404198884964,0,0,1.92079646885395,64.4664858728647,1.06278336048126,6.95822003483772,13.2867181748152,2.92911925911903,280.572654247284,68.3131864964962,8.05815663933754,193.986891612411,35.0348923355341,1410.14672955871,850.105778858066,1247.17746677995,3397.4032554999,0,54.1300591528416,12.158489972353,1.22530353069305,131.318162858486,1.21322350203991,521.591747611761,34.4032584875822,191.562541157007,2778.79645980895,32.6809683591127,0.459348618984222,9.66612257063389,0.685938119888306,12.0240713655949,0.96780127286911,371.835241436958,206.464034646749,104.454916447401,377.437336727977,0,2.7136971950531,0,0,7.7296020835638,0.191653251647949,96.3231731951237,4.12156473100185,5.08957062661648,2883.78036835045,26.5846433490515,5.11837436258793,1977.78228349239,19.9971596896648,145.895874544978,3.11346714198589,284.846508234739,5971.40049054474,6.24361944198608,94.352282255888,0,12.5574862509966,1665.57267658412,7.75529402494431,237.858796387911,3.48719966411591,123.331069290638,781.978878632188,141.205755218863,32.6809683591127,3199.36471877992,0,2.4487042427063,0.280697584152222,1.55130715668201,1.03015249967575,46.0408396720886,22.2582104057074,0,6.33899395167828,0,0,0,0,2.50151957571507,0.102234445512295,6.5332902148366,6.21596421301365,0,5.09637938439846,0.14146688580513,2665.48129151762,3.36832484602928,0,0,0,0.912303894758224,6.31588414311409,13.8439511656761,0,404.553636968136,73.5939499884844,21.4000870287418,247.715199112892,348.179654538631,0,0.777180880308151,47.0920430719852,0,0.459348618984222,0,11855.7115561068,150.470886483788,0,5.14905335009098,0,743.202537819743,47.0165353044868,747.112631261349,0.959235399961472,3386.51913788915,5499.38411322236,532.129694506526,7263.2854604423,2902.06643898785,0,1.74808594584465,348.996179535985,9.04894971847534,167.970580801368,40.5935215353966,0,0,0.543863654136658,1.51408477127552,1.32900837063789,2.17786218225956,61.1217776089907,0,22.4471401870251,0,0,0,0,0,0.168795138597488,20.8382852077484,1.39883254468441,0.58541564643383,9.66612257063389,2.4487042427063,150.470886483788,32423.4380514994,871.908314183354,74.343268327415,1.67920055985451,549.128239125013,1335.87693287432,4869.03404200077,1039.31117598712,0.951905161142349,4604.19433422387,2424.83685251325,547.402702212334,259.554138734937,1.07206082344055,45.6079327315092,300.31542147696,3411.96531532705,137.534496337175,2845.03145897388,0,0,145.146342359483,46.6337235122919,131.689721554518,0.758431494235992,4.82504944503307,0,163.262839652598,0,0,0,0,0,66.0233054980636,153.756677769125,0,12.8855755776167,0.685938119888306,0.280697584152222,0,871.908314183354,10911.0218185633,520.24147451669,2053.3840271607,35.8374070823193,2029.96585071832,378.41301804781,4379.66674087197,0,40.863661557436,1.45338451862335,0,0,12059.9422532097,1911.05679956824,0.176921918988228,1667.1668965593,22.792149618268,5.72310388833284,0,0.255924433469772,80.6638056337833,54.7524631768465,78.7599397301674,7.05765308439732,31.0505509376526,0,66.2609744220972,0,0,0.368833214044571,0,0,36.374941393733,276.55370566994,0.35270082950592,27.7828176468611,12.0240713655949,1.55130715668201,5.14905335009098,74.343268327415,520.24147451669,2616.57378570735,331.546852841973,73.0942407399416,2767.79491639137,189.033539414406,1473.64425069094,0,14.8504836261272,33.2374283224344,2.92474129796028,41.3268623650074,2052.23793275654,2996.49323283136,69.5268058329821,523.94985203445,408.029109492898,309.036328554153,0,0,614.544057458639,93.939149543643,755.987915337086,49.6368547230959,20.4834327101707,0,665.342022016644,0,0,0,0,0,254.279633402824,620.741485379636,0,44.7851757705212,0.96780127286911,1.03015249967575,0,1.67920055985451,2053.3840271607,331.546852841973,2139.16642273962,393.418622806668,164.876983858645,0.876269042491913,2312.63651356101,0,0,0.426766753196716,0,1.21567526459694,1124.40435661376,5607.98481295258,0.40166275203228,308.714970484376,47.2471681684256,4.70305235683918,3.71505671739578,31.8025961220264,28.6821880936623,65.3152037411928,57.3507286608219,515.544657483697,563.216218158603,23.3675667792559,319.921671956778,0,0,10.31252643466,0.273809880018234,56.9246579557657,8.93699614703655,428.483951970935,35.3185119330883,54.0378063768148,371.835241436958,46.0408396720886,743.202537819743,549.128239125013,35.8374070823193,73.0942407399416,393.418622806668,4635.53897507489,2366.77307906002,1306.57898809016,450.917911544442,0.785587310791016,247.943636268377,327.090814784169,198.605177387595,4180.36644303799,14.4179178774357,2366.17984365672,464.493919819593,80.7742990851402,1175.65309213102,267.381898835301,0,4.80189493298531,63.9533552080393,148.772287890315,75.1961236223578,88.8843358159065,400.733877383173,6.41582614183426,509.733698584139,0,0,6.16915833950043,0,3.42831180989742,27.8270157799125,648.880644634366,5.97867551445961,62.8061734586954,206.464034646749,22.2582104057074,47.0165353044868,1335.87693287432,2029.96585071832,2767.79491639137,164.876983858645,2366.77307906002,10322.8786486909,380.738123171031,2639.10193390399,0,91.4022599607706,551.507655449212,89.7117787078023,2627.72944640368,347.268122315407,3153.66425832361,3203.88600121439,1363.82430099696,2301.84967343509,6457.68738824874,37.9189391732216,1.34187257289886,0.203465476632118,6.12699930369854,2.84166306257248,3.56310391426086,4.0777333676815,129.419952943921,51.8311898559332,0,11.7146476209164,0,0,0,1.07264220714569,16.2693080753088,0,0.746193408966064,104.454916447401,0,747.112631261349,4869.03404200077,378.41301804781,189.033539414406,0.876269042491913,1306.57898809016,380.738123171031,6478.68828070164,3588.47616022825,0,4607.6551232636,0.98963837325573,10.0105713903904,73.4867679923773,7.05140337347984,177.229811280966,5.062275826931,1898.41085837781,2111.58401563764,66.7372729331255,0,5.29888296127319,233.311134472489,102.958775997162,466.559829965234,30.0696612894535,88.6829345077276,2.23578807711601,983.505534298718,0,0,1.18473756313324,0,0.988959789276123,65.7429337501526,443.448120467365,0.762700989842415,42.7023237645626,377.437336727977,6.33899395167828,0.959235399961472,1039.31117598712,4379.66674087197,1473.64425069094,2312.63651356101,450.917911544442,2639.10193390399,3588.47616022825,8366.54147289693,0,387.105113178492,46.7892157435417,3.8914367556572,39.9301057606936,1340.52152971923,2441.91206523776,91.9624474197626,4344.73881345987,4212.18947760761,216.780074879527,1064.18492266536,0.838974714279175,0,0,0,0,0,0,0,745.354883551598,1.79394252598286,21.3580110967159,128.411952331662,528.616401925683,0,0,173.429682433605,0,0,0,3386.51913788915,0.951905161142349,0,0,0,0.785587310791016,0,0,0,1131.94271978736,56.7294959723949,148.223818555474,1499.81560468674,1697.20144963264,0,0,391.117532104254,0,0,1.66536244750023,3.09747031331062,0.137632071971893,0,0.37613844871521,0,0.144353434443474,0.250996530056,1.03252555429935,5.8584993481636,0,0.779418587684631,0,0,0,0,0.766922794282436,0.153146758675575,0,2.7136971950531,0,5499.38411322236,4604.19433422387,40.863661557436,14.8504836261272,0,247.943636268377,91.4022599607706,4607.6551232636,387.105113178492,56.7294959723949,3778.45461922884,186.833886370063,1801.46294263005,339.808449342847,0,5.07654699683189,58.386732891202,878.747860737145,93.5151330083609,53.913922816515,0,0,0.746192365884781,2.05005511641502,0.687664091587067,0,10.6024518609047,0,4.31112095713615,0,0,0,0,0,0,13.2287013009191,0.231663435697556,0.73404198884964,0,0,532.129694506526,2424.83685251325,1.45338451862335,33.2374283224344,0.426766753196716,327.090814784169,551.507655449212,0.98963837325573,46.7892157435417,148.223818555474,186.833886370063,7705.92049485445,2003.74017259479,1719.50613839924,0.753491118550301,31.1647911816835,3203.51640062034,45.4095082134008,20.0633714646101,1994.85897907615,0,0,0,0,0,2.23411464691162,2.6390543282032,0,1.47676467895508,0,0,0,0,0,0,1.46515560150146,0,0,0,0,7263.2854604423,547.402702212334,0,2.92474129796028,0,198.605177387595,89.7117787078023,10.0105713903904,3.8914367556572,1499.81560468674,1801.46294263005,2003.74017259479,4598.8276399225,2387.15889135003,0,4.62743414193392,1007.07451616228,14.4687882661819,7.177350461483,104.287256166339,48.8831282258034,12.5071705877781,2.24030077457428,0.302459180355072,0.969978213310242,123.338788464665,26.6041556298733,0.388352125883102,19.3556300550699,26.0545012950897,0,9.59465382993221,3.37387304008007,1546.56365174055,0.218283608555794,13.6623763889074,70.746890977025,0,7.7296020835638,2.50151957571507,2902.06643898785,259.554138734937,0,41.3268623650074,1.21567526459694,4180.36644303799,2627.72944640368,73.4867679923773,39.9301057606936,1697.20144963264,339.808449342847,1719.50613839924,2387.15889135003,8817.32933530211,0,38.7713575065136,4285.72345780581,41.0929232686758,107.576480448246,472.297747626901,0,0.395448595285416,35.0189988315105,16.8315892070532,54.1882722824812,0.787166893482208,1.58640432357788,0,13.4959726631641,0,0,0,0,0,37.6816542893648,78.3366536647081,0,1.92079646885395,0.191653251647949,0.102234445512295,0,1.07206082344055,12059.9422532097,2052.23793275654,1124.40435661376,14.4179178774357,347.268122315407,7.05140337347984,1340.52152971923,0,0,0.753491118550301,0,0,10145.7688144743,6069.181791991,0.310342758893967,529.607586801052,8.25519701838493,3.5680131316185,0,7.21057507395744,215.694260403514,201.666063122451,195.783713944256,200.918401040137,287.529917053878,10.1992066055536,375.452022083104,0,2.24492567777634,2.6648635417223,0,2.83326622843742,102.590472377837,1449.30666658282,5.21414995193481,64.4664858728647,96.3231731951237,6.5332902148366,1.74808594584465,45.6079327315092,1911.05679956824,2996.49323283136,5607.98481295258,2366.17984365672,3153.66425832361,177.229811280966,2441.91206523776,0,5.07654699683189,31.1647911816835,4.62743414193392,38.7713575065136,6069.181791991,14459.3792898059,120.416994556785,460.126061297953,538.485766552389,143.277747049928,0,0,0.518995299935341,1.58062040805817,3.99218261241913,5.35891103744507,33.939375475049,0,28.6335493028164,0,0,0.67033576965332,0,0.186985448002815,0,23.4955133125186,1.88159775733948,1.06278336048126,4.12156473100185,6.21596421301365,348.996179535985,300.31542147696,0.176921918988228,69.5268058329821,0.40166275203228,464.493919819593,3203.88600121439,5.062275826931,91.9624474197626,391.117532104254,58.386732891202,3203.51640062034,1007.07451616228,4285.72345780581,0.310342758893967,120.416994556785,4153.01541793346,32.9606554359198,132.757048621774,809.110606499016,0,0,38.971115514636,7.06138207018375,29.8880949020386,3.1999340057373,19.6056506633759,0,42.2676710933447,0,0,0,0,0,18.5556629002094,66.399003662169,0,6.95822003483772,5.08957062661648,0,9.04894971847534,3411.96531532705,1667.1668965593,523.94985203445,308.714970484376,80.7742990851402,1363.82430099696,1898.41085837781,4344.73881345987,0,878.747860737145,45.4095082134008,14.4687882661819,41.0929232686758,529.607586801052,460.126061297953,32.9606554359198,2861.36604123563,426.344140976667,174.149175733328,0,2.88304257392883,6.22896629571915,47.2955216467381,12.1144699156284,14.5602642595768,88.8804034739733,63.7295985817909,424.565021589398,0,1.15435838699341,2.80983485281467,0,3.52362550795078,3.39699646830559,132.133454710245,6.1227844953537,13.2867181748152,2883.78036835045,5.09637938439846,167.970580801368,137.534496337175,22.792149618268,408.029109492898,47.2471681684256,1175.65309213102,2301.84967343509,2111.58401563764,4212.18947760761,0,93.5151330083609,20.0633714646101,7.177350461483,107.576480448246,8.25519701838493,538.485766552389,132.757048621774,426.344140976667,1984.732284531,247.430093288422,0,0,4.80974593758583,10.7705702334642,5.20598360151052,1.55032724142075,36.7606090456247,0,40.079900957644,0,0,0,0,1.05186069011688,1.25632604956627,48.6858904957771,0.521272540092468,2.92911925911903,26.5846433490515,0.14146688580513,40.5935215353966,2845.03145897388,5.72310388833284,309.036328554153,4.70305235683918,267.381898835301,6457.68738824874,66.7372729331255,216.780074879527,1.66536244750023,53.913922816515,1994.85897907615,104.287256166339,472.297747626901,3.5680131316185,143.277747049928,809.110606499016,174.149175733328,247.430093288422,4226.85273834318
